CENSUS TRACT,PRIMARY,OTHER,ALL
010010201,1,2,3
010010202,6,1,7
010010203,2,1,3
010010204,2,0,2
010010205,9,4,13
010010206,1,0,1
010010207,1,0,1
010010208,3,1,4
010010211,2,0,2
010030101,1,1,2
010030102,1,0,1
010030103,6,6,12
010030104,1,0,1
010030105,7,5,12
010030106,2,0,2
010030107,45,58,103
010030108,25,46,71
010030109,6,7,13
010030110,3,1,4
010030111,9,10,19
010030112,41,77,118
010030113,4,3,7
010030114,35,31,66
010030115,21,22,43
010030116,5,6,11
010050202,0,1,1
010059501,6,1,7
010059502,1,0,1
010059505,1,0,1
010059506,1,0,1
010059507,5,1,6
010059508,2,1,3
010070100,3,0,3
010070101,4,0,4
010090501,10,4,14
010090502,1,0,1
010090505,2,1,3
010090506,1,1,2
010119522,9,0,9
010139528,1,3,4
010139529,7,2,9
010139531,1,1,2
010139532,0,1,1
010139534,5,0,5
010150001,0,1,1
010150002,26,37,63
010150003,1,0,1
010150004,3,1,4
010150008,17,17,34
010150009,15,15,30
010150010,11,15,26
010150011,13,8,21
010150012,2,0,2
010150013,1,0,1
010150015,0,2,2
010150017,3,0,3
010150018,2,0,2
010150019,0,11,11
010150020,1,4,5
010150021,14,6,20
010150022,1,0,1
010150023,2,0,2
010150025,1,1,2
010150026,1,0,1
010150106,0,1,1
010179539,0,1,1
010179540,3,2,5
010179542,1,1,2
010179543,0,2,2
010179545,1,0,1
010179546,10,6,16
010179547,3,4,7
010199557,1,1,2
010199558,1,0,1
010199560,7,2,9
010210601,8,0,8
010210603,1,2,3
010210604,2,2,4
010210605,1,0,1
010210607,0,1,1
010239568,3,1,4
010239569,2,0,2
010239570,1,0,1
010259575,2,0,2
010259576,3,2,5
010259578,3,0,3
010259579,8,2,10
010279589,4,1,5
010279591,2,2,4
010279592,0,1,1
010299598,1,0,1
010310103,1,1,2
010310105,4,1,5
010310108,0,1,1
010310109,10,8,18
010310110,2,6,8
010310111,2,1,3
010310112,12,11,23
010310113,7,0,7
010310212,0,1,1
010330201,1,1,2
010330202,4,6,10
010330203,16,16,32
010330204,3,2,5
010330205,2,2,4
010330206,5,0,5
010330207,16,21,37
010330208,2,6,8
010330209,4,2,6
010330210,0,1,1
010359603,0,1,1
010359605,2,0,2
010359606,4,0,4
010359699,1,0,1
010359701,0,1,1
010379612,1,0,1
010399617,2,0,2
010399618,3,3,6
010399619,15,7,22
010399620,2,0,2
010399621,0,1,1
010399624,10,3,13
010399630,2,1,3
010419637,2,4,6
010439642,3,6,9
010439643,2,2,4
010439644,1,1,2
010439646,1,0,1
010439647,1,2,3
010439648,6,6,12
010439649,29,25,54
010439650,10,7,17
010439651,2,0,2
010439652,0,2,2
010439653,0,1,1
010439654,2,0,2
010439655,2,0,2
010439656,2,3,5
010450201,2,0,2
010450204,7,2,9
010450205,6,2,8
010450207,2,3,5
010450208,1,4,5
010450209,0,4,4
010450211,2,0,2
010450212,0,2,2
010450213,3,1,4
010450401,1,0,1
010459504,1,0,1
010479961,1,1,2
010479962,3,4,7
010479964,0,1,1
010479966,12,6,18
010479967,4,8,12
010479968,25,17,42
010479969,0,1,1
010479970,1,0,1
010499602,2,1,3
010499603,1,1,2
010499604,9,6,15
010499605,1,1,2
010499607,1,0,1
010499608,1,0,1
010499609,1,2,3
010499610,1,0,1
010499611,5,5,10
010499612,6,5,11
010499613,1,1,2
010499614,1,3,4
010510302,1,2,3
010510303,1,3,4
010510304,4,6,10
010510306,6,2,8
010510307,12,3,15
010510309,0,3,3
010510310,5,2,7
010510311,2,1,3
010510312,1,0,1
010539701,15,4,19
010539702,3,2,5
010539703,2,0,2
010539704,1,0,1
010539705,2,0,2
010539707,7,1,8
010550002,4,6,10
010550003,0,2,2
010550004,3,1,4
010550005,1,0,1
010550006,2,1,3
010550008,3,3,6
010550011,25,27,52
010550012,22,49,71
010550013,4,4,8
010550014,3,14,17
010550016,2,0,2
010550017,2,4,6
010550104,16,8,24
010550105,4,9,13
010550106,2,1,3
010550107,1,0,1
010550108,1,1,2
010550109,0,1,1
010550110,3,0,3
010550111,1,0,1
010570202,3,2,5
010570203,6,1,7
010579847,0,1,1
010599730,3,5,8
010599731,11,6,17
010599732,2,0,2
010599733,0,1,1
010599734,1,0,1
010599735,3,0,3
010610501,1,1,2
010610502,1,1,2
010610503,4,2,6
010610504,1,0,1
010610506,0,1,1
010630601,5,0,5
010630602,0,2,2
010650404,1,3,4
010670302,3,0,3
010670305,1,3,4
010670306,1,0,1
010690401,1,5,6
010690402,82,140,222
010690403,1,7,8
010690404,5,16,21
010690405,8,7,15
010690406,5,20,25
010690408,1,5,6
010690409,3,0,3
010690410,20,46,66
010690411,1,7,8
010690414,1,2,3
010690415,1,1,2
010690416,1,2,3
010690419,1,2,3
010690420,0,1,1
010690421,1,0,1
010719502,3,0,3
010719503,2,0,2
010719505,1,0,1
010719506,2,2,4
010719507,1,2,3
010719508,23,7,30
010719509,4,7,11
010719510,1,1,2
010719511,0,1,1
010730001,1,1,2
010730003,1,3,4
010730004,0,2,2
010730008,6,4,10
010730011,1,0,1
010730014,1,0,1
010730016,3,15,18
010730019,0,1,1
010730021,1,0,1
010730022,0,3,3
010730023,65,137,202
010730024,6,10,16
010730027,12,12,24
010730029,0,1,1
010730030,2,3,5
010730032,1,1,2
010730033,0,1,1
010730034,1,0,1
010730038,2,6,8
010730040,29,64,93
010730042,1,0,1
010730045,237,715,952
010730047,81,141,222
010730048,8,29,37
010730049,29,75,104
010730050,5,10,15
010730051,2,1,3
010730052,4,6,10
010730053,2,5,7
010730056,12,28,40
010730058,4,8,12
010730059,27,58,85
010730100,3,2,5
010730102,2,2,4
010730103,2,1,3
010730104,7,12,19
010730106,2,4,6
010730107,111,241,352
010730108,132,342,474
010730110,1,2,3
010730111,35,23,58
010730112,6,4,10
010730113,2,2,4
010730114,5,0,5
010730115,2,0,2
010730116,1,0,1
010730117,20,20,40
010730118,9,4,13
010730119,2,0,2
010730120,7,16,23
010730121,5,0,5
010730122,1,1,2
010730123,1,2,3
010730124,2,2,4
010730126,1,2,3
010730127,26,57,83
010730128,26,52,78
010730129,169,386,555
010730132,1,0,1
010730139,6,0,6
010730140,1,2,3
010730141,12,1,13
010730142,20,18,38
010730143,15,42,57
010730144,102,240,342
010730217,1,0,1
010730302,2,2,4
010730303,16,12,28
010730401,0,4,4
010730405,1,1,2
010730506,1,0,1
010750301,2,0,2
010770101,2,14,16
010770102,13,25,38
010770103,0,1,1
010770104,0,4,4
010770106,2,2,4
010770109,16,30,46
010770111,3,10,13
010770112,4,3,7
010770114,0,4,4
010770115,20,24,44
010770116,5,14,19
010770117,1,0,1
010770118,1,0,1
010799791,0,1,1
010799792,1,0,1
010799794,6,2,8
010799798,2,0,2
010810304,1,0,1
010810402,3,4,7
010810403,2,1,3
010810404,5,7,12
010810405,13,26,39
010810406,2,2,4
010810407,2,3,5
010810409,15,12,27
010810410,5,8,13
010810411,27,27,54
010810412,3,2,5
010810413,13,18,31
010810414,2,1,3
010810416,3,7,10
010810417,2,2,4
010810419,1,1,2
010810420,3,5,8
010810421,5,4,9
010819540,1,0,1
010830105,1,0,1
010830201,1,1,2
010830202,2,1,3
010830205,0,1,1
010830206,10,5,15
010830208,5,4,9
010830209,8,3,11
010830211,6,11,17
010830212,5,8,13
010859532,0,1,1
010859808,1,1,2
010859811,1,0,1
010859812,1,0,1
010879815,0,1,1
010879816,1,1,2
010879817,0,1,1
010879818,1,0,1
010879819,3,6,9
010879820,3,3,6
010879821,0,1,1
010879822,2,0,2
010890001,13,55,68
010890003,2,0,2
010890004,0,1,1
010890006,3,0,3
010890007,1,1,2
010890009,2,6,8
010890010,0,2,2
010890011,0,2,2
010890012,1,0,1
010890013,1,0,1
010890014,4,4,8
010890015,1,2,3
010890016,58,93,151
010890017,6,14,20
010890018,6,21,27
010890019,37,142,179
010890020,42,13,55
010890021,1,2,3
010890022,1,2,3
010890023,0,1,1
010890025,3,9,12
010890026,34,34,68
010890027,19,15,34
010890028,8,7,15
010890029,13,10,23
010890101,2,3,5
010890102,0,1,1
010890103,3,1,4
010890104,1,1,2
010890105,3,4,7
010890106,16,9,25
010890107,5,2,7
010890108,8,9,17
010890109,37,54,91
010890110,58,44,102
010890111,1,3,4
010890112,14,6,20
010890113,2,3,5
010890114,0,2,2
010910405,1,0,1
010919829,1,1,2
010919830,3,0,3
010919831,0,1,1
010919834,6,5,11
010939841,0,1,1
010939843,2,1,3
010939844,6,1,7
010939846,2,0,2
010939847,13,7,20
010950301,0,1,1
010950302,5,4,9
010950303,2,1,3
010950304,6,4,10
010950305,4,4,8
010950306,8,9,17
010950307,11,11,22
010950308,10,3,13
010950309,9,3,12
010950312,12,7,19
010970002,11,4,15
010970005,1,0,1
010970008,67,84,151
010970009,62,56,118
010970010,7,6,13
010970012,5,13,18
010970014,1,0,1
010970017,2,1,3
010970018,1,0,1
010970019,6,4,10
010970020,1,6,7
010970022,1,0,1
010970023,3,0,3
010970024,1,0,1
010970025,42,70,112
010970026,0,1,1
010970027,8,33,41
010970028,2,7,9
010970029,3,8,11
010970030,3,4,7
010970031,11,6,17
010970032,13,31,44
010970033,46,79,125
010970034,5,11,16
010970035,15,81,96
010970036,14,47,61
010970037,96,143,239
010970042,1,0,1
010970049,1,0,1
010970054,5,1,6
010970055,2,0,2
010970056,1,4,5
010970057,4,0,4
010970058,1,8,9
010970059,0,1,1
010970060,6,1,7
010970061,3,1,4
010970062,0,1,1
010970063,6,2,8
010970064,35,29,64
010970065,2,2,4
010970066,1,1,2
010970067,1,0,1
010970068,17,10,27
010970069,2,0,2
010970070,2,9,11
010970071,4,4,8
010970072,3,2,5
010970073,4,0,4
010999856,1,0,1
010999859,9,5,14
010999860,1,0,1
010999861,2,2,4
010999862,1,0,1
011010001,3,0,3
011010002,1,0,1
011010006,23,35,58
011010007,0,1,1
011010009,1,0,1
011010011,0,1,1
011010013,1,1,2
011010014,5,10,15
011010015,1,3,4
011010016,0,1,1
011010017,2,0,2
011010018,1,1,2
011010019,1,2,3
011010020,33,66,99
011010021,4,13,17
011010022,0,1,1
011010023,4,0,4
011010024,4,1,5
011010026,5,1,6
011010027,10,6,16
011010028,0,1,1
011010029,4,12,16
011010032,45,8,53
011010033,28,67,95
011010051,1,0,1
011010054,97,139,236
011010055,11,8,19
011010056,39,41,80
011010059,1,4,5
011010060,1,0,1
011030001,26,26,52
011030002,17,8,25
011030003,3,9,12
011030004,11,27,38
011030006,1,0,1
011030009,1,0,1
011030010,5,3,8
011030051,24,23,47
011030053,18,17,35
011030054,3,4,7
011030055,0,1,1
011059831,2,0,2
011059870,3,1,4
011070501,1,0,1
011070503,3,0,3
011070504,5,1,6
011099889,6,4,10
011099890,7,5,12
011099891,7,2,9
011099893,3,0,3
011119538,2,0,2
011119902,1,0,1
011119903,3,2,5
011119904,3,1,4
011119905,2,0,2
011130302,4,0,4
011130304,6,4,10
011130305,2,1,3
011130307,1,0,1
011130309,2,2,4
011130311,1,0,1
011130312,0,1,1
011130420,5,0,5
011150401,5,7,12
011150402,14,7,21
011150404,1,0,1
011150405,8,2,10
011170127,8,13,21
011170129,0,2,2
011170144,0,1,1
011170301,0,1,1
011170302,60,112,172
011170303,147,162,309
011170304,2,1,3
011170305,4,4,8
011170306,10,9,19
011170307,5,2,7
011170308,1,2,3
011199913,3,0,3
011199915,4,1,5
011210101,2,0,2
011210102,4,0,4
011210103,0,1,1
011210105,3,0,3
011210107,0,1,1
011210109,14,11,25
011210110,1,0,1
011210113,1,0,1
011210114,1,0,1
011210115,0,2,2
011210116,1,0,1
011210117,4,6,10
011210118,5,5,10
011210119,2,1,3
011210120,4,0,4
011239920,2,0,2
011239921,0,1,1
011239923,17,25,42
011239924,4,0,4
011239925,6,5,11
011250101,21,35,56
011250102,22,15,37
011250103,1,2,3
011250104,80,126,206
011250106,2,1,3
011250107,4,3,7
011250108,8,14,22
011250112,61,45,106
011250114,5,7,12
011250116,3,10,13
011250118,1,2,3
011250120,1,2,3
011250121,3,3,6
011250123,8,12,20
011250124,2,1,3
011250125,14,8,22
011250126,14,11,25
011250127,1,2,3
011250128,1,0,1
011250400,1,0,1
011270115,1,0,1
011270201,8,8,16
011270202,2,4,6
011270203,20,19,39
011270204,3,6,9
011270207,3,2,5
011270208,6,3,9
011270212,1,0,1
011270215,1,0,1
011270217,0,1,1
011270218,1,0,1
011299939,1,0,1
011299940,3,0,3
011299942,2,0,2
011299943,1,0,1
011319948,4,0,4
011319949,1,0,1
011319950,1,0,1
011339955,0,2,2
011339956,1,1,2
011339957,3,1,4
011339958,5,2,7
020130001,1,0,1
020160002,4,0,4
020200001,10,13,23
020200002,40,53,93
020200004,12,25,37
020200007,1,3,4
020200008,2,0,2
020200009,36,65,101
020200010,2,5,7
020200011,11,13,24
020200012,9,17,26
020200013,10,9,19
020200014,0,4,4
020200015,75,42,117
020200016,87,167,254
020200017,17,18,35
020200018,29,30,59
020200019,7,16,23
020200020,2,7,9
020200021,3,1,4
020200022,2,3,5
020200023,10,25,35
020200024,1,1,2
020200025,8,3,11
020200026,7,9,16
020200027,25,38,63
020200028,64,111,175
020200029,0,1,1
020500002,18,3,21
020600001,0,1,1
020700002,13,0,13
020900001,25,20,45
020900002,6,7,13
020900003,20,21,41
020900004,1,2,3
020900005,0,2,2
020900006,2,1,3
020900007,5,3,8
020900008,11,14,25
020900009,8,7,15
020900010,2,8,10
020900011,4,10,14
020900012,7,13,20
020900013,2,7,9
020900014,3,0,3
020900015,2,3,5
020900016,3,1,4
020900018,2,1,3
020900019,8,6,14
021000001,10,0,10
021100001,8,11,19
021100002,1,3,4
021100003,0,5,5
021100004,16,18,34
021100005,13,7,20
021100006,9,3,12
021220003,0,1,1
021220004,2,1,3
021220005,22,27,49
021220006,8,3,11
021220007,2,1,3
021220008,1,1,2
021220009,0,1,1
021220010,14,14,28
021220011,1,1,2
021220013,4,1,5
021300001,1,1,2
021300002,18,13,31
021300003,1,0,1
021300004,1,0,1
021500002,14,6,20
021500004,8,4,12
021700001,3,2,5
021700003,2,1,3
021700004,1,0,1
021700005,1,1,2
021700006,2,2,4
021700007,2,2,4
021700008,18,8,26
021700010,15,10,25
021700011,4,15,19
021700012,14,16,30
021700013,1,3,4
021800001,9,2,11
021850002,5,0,5
021880002,7,1,8
022010002,6,2,8
022010004,3,0,3
022200001,5,2,7
022200002,22,7,29
022320003,0,2,2
022400001,1,2,3
022400002,2,0,2
022610001,1,1,2
022610002,2,2,4
022610003,5,0,5
022800001,6,0,6
022800003,8,0,8
022900001,1,0,1
040019427,2,0,2
040019440,15,7,22
040019441,5,1,6
040019442,10,6,16
040019449,6,3,9
040019450,1,1,2
040019703,4,1,5
040019704,7,5,12
040030001,1,0,1
040030002,6,1,7
040030003,12,3,15
040030005,4,3,7
040030006,1,2,3
040030007,1,1,2
040030008,2,0,2
040030009,4,3,7
040030011,5,2,7
040030012,1,0,1
040030014,1,2,3
040030016,20,17,37
040030017,7,18,25
040030018,11,10,21
040030019,7,9,16
040030020,2,6,8
040030021,2,4,6
040039916,2,1,3
040050001,16,23,39
040050002,35,92,127
040050003,9,4,13
040050004,14,5,19
040050005,0,6,6
040050006,7,10,17
040050007,1,6,7
040050009,7,10,17
040050010,1,5,6
040050011,3,14,17
040050012,18,13,31
040050013,7,4,11
040050014,4,19,23
040050015,5,3,8
040050016,6,11,17
040050017,6,1,7
040050021,10,4,14
040059411,3,0,3
040059446,31,12,43
040070001,4,1,5
040070003,6,9,15
040070004,8,7,15
040070005,14,16,30
040070009,8,6,14
040070010,1,0,1
040070011,5,6,11
040070012,3,1,4
040079405,5,0,5
040099911,2,0,2
040099912,14,4,18
040099913,5,0,5
040099914,3,0,3
040099915,1,0,1
040099916,1,0,1
040099917,2,0,2
040119901,0,2,2
040119902,5,2,7
040119903,2,0,2
040120202,2,1,3
040120205,2,0,2
040120206,0,1,1
040129402,3,1,4
040129403,5,1,6
040130014,0,4,4
040130101,17,41,58
040130202,3,1,4
040130303,491,678,1169
040130304,18,45,63
040130405,121,180,301
040130506,12,11,23
040130507,0,1,1
040130608,1,1,2
040130609,0,2,2
040130610,113,119,232
040130611,10,7,17
040130612,3,1,4
040130613,2,0,2
040130715,98,149,247
040130716,0,2,2
040130717,1,1,2
040130718,3,9,12
040130719,5,5,10
040130820,53,26,79
040130821,1,0,1
040130822,5,2,7
040130923,9,15,24
040130924,3,1,4
040130925,0,1,1
040130926,1,0,1
040130927,16,10,26
040130929,6,6,12
040130930,1,0,1
040130931,0,1,1
040131032,134,221,355
040131033,34,39,73
040131034,4,2,6
040131035,8,13,21
040131036,60,111,171
040131037,19,24,43
040131039,0,1,1
040131040,1,2,3
040131042,107,121,228
040131043,3,3,6
040131044,17,21,38
040131046,25,48,73
040131047,2,0,2
040131048,18,24,42
040131049,5,2,7
040131050,66,216,282
040131051,76,199,275
040131052,14,35,49
040131053,15,15,30
040131054,19,12,31
040131055,2,27,29
040131056,1,0,1
040131057,4,1,5
040131058,6,2,8
040131059,0,6,6
040131060,2,2,4
040131061,14,23,37
040131062,20,37,57
040131063,26,20,46
040131064,7,22,29
040131065,8,6,14
040131066,19,31,50
040131067,10,14,24
040131068,35,15,50
040131069,2,1,3
040131070,6,1,7
040131071,1,0,1
040131072,1,0,1
040131073,8,3,11
040131074,14,7,21
040131075,12,24,36
040131076,6,21,27
040131077,9,22,31
040131078,14,55,69
040131079,28,64,92
040131080,12,60,72
040131081,7,12,19
040131082,9,14,23
040131083,20,27,47
040131084,82,29,111
040131085,40,71,111
040131086,28,27,55
040131087,13,41,54
040131088,7,10,17
040131089,8,2,10
040131090,8,1,9
040131094,16,12,28
040131095,2,0,2
040131096,4,0,4
040131098,3,1,4
040131099,3,0,3
040131100,1,0,1
040131101,2,1,3
040131102,1,0,1
040131103,1,1,2
040131104,2,3,5
040131105,134,304,438
040131106,20,25,45
040131107,5,7,12
040131108,7,9,16
040131109,11,13,24
040131110,12,8,20
040131111,5,19,24
040131112,5,6,11
040131113,6,6,12
040131114,2,2,4
040131115,10,20,30
040131116,29,83,112
040131117,12,14,26
040131118,41,119,160
040131119,6,12,18
040131120,3,0,3
040131122,0,1,1
040131123,2,0,2
040131125,14,22,36
040131126,1,0,1
040131127,1,1,2
040131129,1,3,4
040131130,5,17,22
040131131,6,24,30
040131132,107,173,280
040131133,1,13,14
040131134,49,75,124
040131135,0,1,1
040131136,7,3,10
040131137,13,22,35
040131138,1,10,11
040131139,1,0,1
040131140,3,7,10
040131141,5,5,10
040131142,1,0,1
040131143,3,9,12
040131148,1,0,1
040131149,6,3,9
040131150,1,0,1
040131152,2,3,5
040131156,0,1,1
040131157,2,0,2
040131158,2,0,2
040131160,5,0,5
040131161,1,0,1
040131162,11,16,27
040131163,0,1,1
040131164,0,1,1
040131165,2,1,3
040131166,28,13,41
040131167,168,137,305
040132168,571,1361,1932
040132169,6,25,31
040132170,16,18,34
040132171,7,2,9
040132172,58,100,158
040132173,12,20,32
040132174,3,9,12
040132175,4,4,8
040132176,27,88,115
040132177,2,6,8
040132178,9,7,16
040132179,3,5,8
040132180,2,2,4
040132181,0,1,1
040132182,3,6,9
040132183,1,1,2
040133184,2,2,4
040133185,4,4,8
040133186,2,23,25
040133187,1,4,5
040133188,2,4,6
040133189,1,3,4
040133190,8,10,18
040133191,0,2,2
040133192,0,1,1
040133193,0,1,1
040133194,40,50,90
040133195,0,5,5
040133196,9,7,16
040133197,3,6,9
040133198,9,5,14
040133199,43,54,97
040133200,5,0,5
040134201,30,44,74
040134202,31,31,62
040134203,16,19,35
040134204,2,7,9
040134205,0,2,2
040134206,21,26,47
040134207,26,34,60
040134208,2,6,8
040134209,5,12,17
040134210,12,13,25
040134211,2,28,30
040134212,1,2,3
040134213,0,1,1
040134214,9,7,16
040134215,3,1,4
040134217,2,7,9
040134218,1,4,5
040134221,6,13,19
040134222,65,130,195
040134223,33,41,74
040134224,17,13,30
040134225,93,71,164
040134226,119,170,289
040135227,314,307,621
040135228,2,0,2
040135230,35,25,60
040135231,31,40,71
040137233,3,8,11
040139410,0,2,2
040159404,2,1,3
040159405,1,1,2
040159501,1,0,1
040159504,1,1,2
040159506,2,0,2
040159507,2,2,4
040159508,0,3,3
040159509,31,53,84
040159510,10,27,37
040159511,0,1,1
040159514,8,12,20
040159515,12,16,28
040159516,8,4,12
040159517,2,3,5
040159518,0,3,3
040159519,6,4,10
040159520,12,12,24
040159524,0,1,1
040159525,1,7,8
040159526,0,1,1
040159527,1,1,2
040159528,2,2,4
040159529,0,1,1
040159530,21,25,46
040159531,3,5,8
040159532,3,10,13
040159533,2,3,5
040159534,3,5,8
040179403,13,2,15
040179410,7,0,7
040179423,2,0,2
040179425,7,0,7
040179444,1,0,1
040179602,5,0,5
040179604,7,5,12
040179606,7,2,9
040179607,0,1,1
040179609,5,2,7
040179610,2,0,2
040179611,3,9,12
040179612,3,7,10
040179613,21,17,38
040179614,17,9,26
040190001,1,1,2
040190002,17,12,29
040190003,3,1,4
040190004,2,8,10
040190005,12,12,24
040190006,29,30,59
040190007,5,8,13
040190008,2,4,6
040190009,2,2,4
040190011,4,7,11
040190012,1,2,3
040190013,2,3,5
040190014,0,3,3
040190015,6,16,22
040190016,150,419,569
040190017,7,5,12
040190018,5,19,24
040190019,12,25,37
040190020,0,2,2
040190021,1,1,2
040190022,4,6,10
040190023,1,1,2
040190024,15,30,45
040190025,12,6,18
040190026,8,3,11
040190027,24,82,106
040190028,4,6,10
040190029,74,184,258
040190030,69,124,193
040190031,7,8,15
040190032,34,21,55
040190033,19,38,57
040190034,7,10,17
040190035,2,5,7
040190036,4,7,11
040190038,7,0,7
040190039,1,0,1
040190040,241,338,579
040190041,36,31,67
040190043,46,56,102
040190044,95,150,245
040190045,16,20,36
040190046,200,319,519
040190047,271,684,955
040190050,4,1,5
040190051,0,1,1
040199408,3,2,5
040199409,4,0,4
040210006,29,23,52
040210007,3,0,3
040214226,1,1,2
040239960,7,8,15
040239961,9,11,20
040239962,4,2,6
040239963,1,1,2
040239964,9,2,11
040250001,0,1,1
040250002,11,4,15
040250003,5,16,21
040250004,9,24,33
040250005,6,6,12
040250006,23,12,35
040250007,0,2,2
040250008,13,25,38
040250009,18,42,60
040250010,43,58,101
040250011,10,18,28
040250012,6,15,21
040250013,1,0,1
040250014,6,1,7
040250015,3,1,4
040250016,10,9,19
040250017,14,23,37
040250018,17,34,51
040250019,3,4,7
040250020,35,48,83
040270001,8,13,21
040270004,4,0,4
040270005,3,7,10
040270007,0,2,2
040270008,15,20,35
040270009,43,46,89
040270010,27,36,63
040270011,1,5,6
040270012,3,1,4
040270013,0,2,2
040270109,8,10,18
040270110,1,0,1
040270111,5,12,17
040270112,2,0,2
040270114,4,2,6
040270115,1,1,2
050019801,0,1,1
050019803,9,1,10
050019804,2,1,3
050019805,2,1,3
050019807,4,1,5
050039603,3,1,4
050039604,2,0,2
050039605,6,1,7
050039606,2,1,3
050039801,1,0,1
050059501,1,4,5
050059502,9,19,28
050059503,9,10,19
050059504,18,22,40
050059505,3,1,4
050059506,3,4,7
050059507,1,3,4
050059508,2,3,5
050059509,1,3,4
050070105,2,1,3
050070201,1,4,5
050070202,7,9,16
050070203,6,8,14
050070204,26,16,42
050070205,26,18,44
050070206,11,14,25
050070207,5,5,10
050070208,8,16,24
050070209,10,2,12
050070210,2,2,4
050070211,5,1,6
050070212,10,1,11
050070213,53,46,99
050070214,10,15,25
050099901,6,3,9
050099903,2,2,4
050099904,1,3,4
050099905,29,28,57
050099906,1,1,2
050119501,7,1,8
050119502,2,0,2
050139801,2,0,2
050159501,5,3,8
050159502,4,4,8
050159503,7,4,11
050159504,2,0,2
050159505,3,1,4
050179801,3,2,5
050179802,4,0,4
050179803,7,3,10
050179804,1,0,1
050199536,15,4,19
050199538,1,2,3
050199539,1,0,1
050219504,1,0,1
050219506,6,0,6
050239801,3,0,3
050239802,4,1,5
050239803,0,5,5
050239804,13,10,23
050239805,4,2,6
050259701,2,0,2
050279501,0,1,1
050279502,3,0,3
050279503,1,0,1
050279504,12,1,13
050279505,4,1,5
050299503,15,1,16
050299504,1,0,1
050299505,1,0,1
050299506,2,0,2
050310001,63,107,170
050310003,3,11,14
050310004,25,23,48
050310005,6,4,10
050310006,6,1,7
050310007,1,1,2
050310008,37,43,80
050310009,2,1,3
050310010,1,1,2
050310011,4,0,4
050310012,1,0,1
050319806,1,0,1
050330201,1,1,2
050330202,15,7,22
050330203,8,3,11
050330204,4,2,6
050330205,5,4,9
050330206,9,4,13
050350302,11,7,18
050350303,14,10,24
050350308,4,7,11
050350311,1,0,1
050379502,2,1,3
050379505,2,0,2
050379506,9,3,12
050399703,5,0,5
050419502,3,1,4
050419504,4,1,5
050419505,0,1,1
050439903,11,4,15
050450301,3,3,6
050450302,0,2,2
050450303,2,3,5
050450304,5,7,12
050450305,13,10,23
050450306,2,2,4
050450307,6,11,17
050450308,23,24,47
050450309,1,2,3
050450310,20,20,40
050450311,2,4,6
050470204,1,0,1
050479502,4,2,6
050479503,1,0,1
050499501,1,1,2
050499502,7,1,8
050510103,0,1,1
050510104,4,8,12
050510105,3,3,6
050510106,0,4,4
050510107,4,11,15
050510108,2,9,11
050510109,4,1,5
050510110,2,2,4
050510111,3,5,8
050510112,11,6,17
050510113,2,1,3
050510115,2,1,3
050510116,28,44,72
050510117,6,18,24
050510118,26,55,81
050510119,10,22,32
050510120,5,4,9
050539701,0,1,1
050539702,1,1,2
050539704,6,1,7
050550012,1,0,1
050559802,1,1,2
050559804,14,3,17
050559806,2,2,4
050559808,12,12,24
050579801,1,0,1
050579802,0,1,1
050579803,9,4,13
050579804,1,1,2
050579805,2,2,4
050590201,1,0,1
050590202,1,0,1
050590203,3,0,3
050590204,7,0,7
050590205,1,0,1
050590206,0,1,1
050619502,1,1,2
050619503,6,0,6
050639901,1,2,3
050639902,7,6,13
050639903,10,11,21
050639904,1,1,2
050639905,21,20,41
050639907,3,1,4
050659602,3,1,4
050659603,4,0,4
050679802,3,2,5
050679803,10,5,15
050690002,2,0,2
050690003,13,9,22
050690004,1,1,2
050690005,3,0,3
050690010,4,2,6
050690015,8,21,29
050690017,0,1,1
050690018,56,43,99
050690019,0,1,1
050690020,9,9,18
050690021,2,4,6
050690023,1,0,1
050719517,2,0,2
050719519,10,4,14
050719520,6,1,7
050719521,5,3,8
050719522,1,0,1
050739503,1,0,1
050739701,3,0,3
050759702,0,1,1
050759705,8,0,8
050779703,6,1,7
050799605,1,1,2
050810301,5,1,6
050810302,1,0,1
050810303,1,1,2
050839501,0,1,1
050839503,3,1,4
050839505,4,3,7
050839506,1,0,1
050850034,1,0,1
050850201,1,3,4
050850202,10,5,15
050850203,1,0,1
050850204,1,2,3
050850205,3,0,3
050850206,0,1,1
050850207,2,0,2
050870101,1,0,1
050879601,0,2,2
050879602,5,1,6
050879604,1,0,1
050899601,3,0,3
050899602,2,1,3
050899603,1,3,4
050910201,1,1,2
050910202,2,2,4
050910204,14,6,20
050910207,4,3,7
050910208,6,1,7
050910209,3,3,6
050930101,3,3,6
050930102,2,0,2
050930103,1,0,1
050930106,11,4,15
050930108,3,0,3
050930109,1,0,1
050930110,4,0,4
050930111,1,1,2
050930113,1,0,1
050959501,5,0,5
050959503,0,1,1
050979530,2,1,3
050979531,1,1,2
050979532,1,0,1
050979533,1,0,1
050999801,1,0,1
050999902,2,0,2
051019801,2,2,4
051019802,1,0,1
051039502,6,1,7
051039504,1,0,1
051039506,13,4,17
051059527,0,1,1
051059528,2,0,2
051079801,7,1,8
051079802,3,1,4
051079803,2,2,4
051079804,9,2,11
051079805,0,1,1
051099533,2,0,2
051099535,4,0,4
051119901,2,0,2
051119903,1,0,1
051119905,2,1,3
051119907,1,0,1
051139501,3,2,5
051139502,7,5,12
051139504,9,4,13
051159508,0,1,1
051159509,2,2,4
051159510,1,1,2
051159512,5,3,8
051159513,2,1,3
051159514,10,11,21
051159515,32,17,49
051159516,4,9,13
051179602,1,0,1
051190001,6,11,17
051190003,1,1,2
051190005,1,0,1
051190006,6,9,15
051190007,2,0,2
051190008,3,1,4
051190009,2,4,6
051190010,37,96,133
051190011,0,1,1
051190014,12,9,21
051190015,48,107,155
051190016,23,54,77
051190017,110,329,439
051190018,7,11,18
051190020,8,0,8
051190021,72,155,227
051190022,83,154,237
051190023,1,5,6
051190024,71,246,317
051190025,1,1,2
051190026,1,2,3
051190027,1,0,1
051190029,6,3,9
051190030,3,1,4
051190031,2,12,14
051190032,2,1,3
051190033,18,35,53
051190034,3,1,4
051190035,7,3,10
051190036,22,12,34
051190037,41,35,76
051190038,18,46,64
051190039,2,5,7
051190040,3,2,5
051190041,3,7,10
051190042,233,630,863
051190043,25,48,73
051190104,2,0,2
051190105,1,0,1
051219602,0,1,1
051219603,13,1,14
051239602,2,0,2
051239604,9,0,9
051239605,5,7,12
051250041,1,1,2
051250101,32,16,48
051250103,7,5,12
051250104,10,5,15
051250105,37,32,69
051270103,1,0,1
051279502,2,1,3
051279503,1,0,1
051299701,0,1,1
051299702,5,1,6
051299703,0,1,1
051310003,36,5,41
051310005,2,1,3
051310006,44,49,93
051310007,4,1,5
051310008,9,7,16
051310010,11,20,31
051310011,13,21,34
051310012,1,3,4
051310013,79,130,209
051310101,9,2,11
051310102,6,2,8
051310103,9,4,13
051339803,12,2,14
051359501,1,0,1
051359702,5,1,6
051359703,4,0,4
051379501,0,1,1
051379502,6,2,8
051399502,0,2,2
051399503,2,0,2
051399504,2,2,4
051399505,2,1,3
051399506,4,9,13
051399507,11,13,24
051399508,26,20,46
051399509,4,0,4
051399510,0,1,1
051419601,1,2,3
051419602,6,0,6
051419603,0,2,2
051430101,75,135,210
051430102,0,1,1
051430103,10,5,15
051430104,13,12,25
051430105,72,26,98
051430106,1,4,5
051430107,40,77,117
051430108,11,21,32
051430109,5,3,8
051430110,9,7,16
051430111,2,9,11
051430112,9,28,37
051459702,0,1,1
051459703,1,1,2
051459704,2,14,16
051459705,1,2,3
051459706,2,1,3
051459707,23,19,42
051459708,11,9,20
051459709,13,10,23
051459711,2,2,4
051459712,6,0,6
051459805,2,0,2
051479901,2,0,2
051479902,2,0,2
051499523,3,1,4
051499524,4,1,5
051499525,8,2,10
051499526,1,1,2
060013530,1,2,3
060013920,0,1,1
060014001,21,30,51
060014002,16,14,30
060014003,14,23,37
060014004,7,19,26
060014005,6,2,8
060014007,5,10,15
060014008,4,3,7
060014009,1,1,2
060014010,42,70,112
060014011,23,16,39
060014012,7,5,12
060014013,59,129,188
060014015,1,0,1
060014016,0,1,1
060014017,2,2,4
060014018,4,4,8
060014019,0,1,1
060014020,0,1,1
060014024,1,0,1
060014025,3,4,7
060014026,0,1,1
060014027,2,1,3
060014028,6,12,18
060014029,60,19,79
060014030,30,13,43
060014031,2,7,9
060014032,1,1,2
060014033,1,8,9
060014034,12,11,23
060014035,8,26,34
060014036,8,6,14
060014037,12,12,24
060014038,17,13,30
060014039,12,7,19
060014040,127,110,237
060014041,24,20,44
060014042,12,25,37
060014043,19,48,67
060014044,31,35,66
060014045,28,57,85
060014046,10,39,49
060014047,6,11,17
060014048,11,9,20
060014049,8,2,10
060014050,12,6,18
060014051,23,22,45
060014052,6,5,11
060014053,10,8,18
060014054,4,2,6
060014055,3,0,3
060014056,2,1,3
060014057,113,56,169
060014058,1,1,2
060014059,1,0,1
060014060,1,1,2
060014061,1,3,4
060014062,9,1,10
060014063,0,2,2
060014064,3,1,4
060014066,2,1,3
060014067,12,5,17
060014068,5,2,7
060014069,1,5,6
060014070,3,1,4
060014071,3,6,9
060014072,0,1,1
060014075,1,0,1
060014076,3,2,5
060014077,1,1,2
060014078,1,0,1
060014079,3,6,9
060014080,12,11,23
060014081,19,28,47
060014082,3,0,3
060014083,1,0,1
060014084,2,0,2
060014085,1,0,1
060014086,2,0,2
060014093,1,0,1
060014094,1,1,2
060014098,2,0,2
060014099,10,10,20
060014100,4,2,6
060014101,4,6,10
060014102,1,0,1
060014104,0,1,1
060014201,7,4,11
060014202,9,8,17
060014203,9,5,14
060014204,1,1,2
060014205,3,6,9
060014206,14,10,24
060014211,13,20,33
060014212,19,31,50
060014213,17,25,42
060014214,7,6,13
060014215,21,42,63
060014216,15,30,45
060014217,15,13,28
060014218,13,4,17
060014219,11,6,17
060014220,10,6,16
060014221,1,2,3
060014222,6,4,10
060014223,1,3,4
060014224,12,13,25
060014225,8,8,16
060014226,11,20,31
060014227,2,12,14
060014228,4,3,7
060014229,3,23,26
060014230,9,7,16
060014231,4,5,9
060014232,1,2,3
060014233,4,6,10
060014234,5,4,9
060014235,9,13,22
060014236,33,53,86
060014237,17,24,41
060014238,25,39,64
060014239,56,92,148
060014240,10,2,12
060014251,28,48,76
060014261,39,77,116
060014262,22,27,49
060014271,6,5,11
060014272,0,2,2
060014273,5,8,13
060014274,8,4,12
060014276,1,0,1
060014277,1,2,3
060014278,5,7,12
060014279,7,12,19
060014280,1,7,8
060014281,28,1,29
060014282,7,11,18
060014283,15,27,42
060014284,3,7,10
060014285,7,17,24
060014286,3,3,6
060014301,16,14,30
060014302,8,4,12
060014303,3,7,10
060014304,1,2,3
060014305,3,8,11
060014306,8,4,12
060014307,1,1,2
060014308,0,1,1
060014309,26,53,79
060014310,2,4,6
060014311,0,2,2
060014312,7,5,12
060014321,2,0,2
060014322,0,2,2
060014323,1,0,1
060014324,1,0,1
060014325,2,0,2
060014326,9,12,21
060014327,7,0,7
060014328,4,9,13
060014330,0,2,2
060014331,19,32,51
060014333,0,1,1
060014334,6,1,7
060014335,1,0,1
060014336,1,1,2
060014338,3,3,6
060014351,16,23,39
060014352,0,1,1
060014353,1,0,1
060014354,7,5,12
060014355,3,1,4
060014356,2,0,2
060014357,0,1,1
060014358,0,1,1
060014359,1,0,1
060014361,2,0,2
060014362,1,0,1
060014363,1,2,3
060014364,9,9,18
060014365,1,1,2
060014366,1,0,1
060014368,1,3,4
060014370,1,1,2
060014371,4,7,11
060014372,1,3,4
060014373,23,20,43
060014376,2,0,2
060014377,0,1,1
060014381,1,1,2
060014382,3,1,4
060014383,69,89,158
060014401,1,1,2
060014402,2,0,2
060014403,42,47,89
060014411,5,4,9
060014412,6,6,12
060014413,5,3,8
060014414,6,2,8
060014415,36,29,65
060014416,1,5,6
060014417,3,5,8
060014418,3,12,15
060014419,156,152,308
060014420,9,9,18
060014421,6,7,13
060014422,8,10,18
060014423,3,4,7
060014424,0,1,1
060014425,1,0,1
060014426,7,8,15
060014427,3,1,4
060014428,0,1,1
060014429,2,4,6
060014430,0,2,2
060014431,40,62,102
060014432,15,20,35
060014433,7,5,12
060014441,4,1,5
060014442,4,3,7
060014443,0,1,1
060014444,1,0,1
060014445,2,2,4
060014446,1,3,4
060014501,17,9,26
060014502,2,5,7
060014503,0,2,2
060014504,3,3,6
060014505,5,7,12
060014506,88,89,177
060014507,81,122,203
060014511,9,17,26
060014512,1,6,7
060014513,1,0,1
060014514,11,4,15
060014515,5,9,14
060014516,26,4,30
060014517,4,9,13
060030100,1,1,2
060050001,2,3,5
060050002,3,3,6
060050003,2,8,10
060050004,26,19,45
060050005,4,6,10
060070001,7,6,13
060070002,2,0,2
060070003,19,45,64
060070004,14,27,41
060070005,1,4,5
060070006,12,15,27
060070007,27,56,83
060070008,7,13,20
060070009,20,28,48
060070010,2,3,5
060070011,3,1,4
060070012,1,1,2
060070013,0,1,1
060070014,10,12,22
060070015,7,4,11
060070016,5,23,28
060070017,2,1,3
060070018,6,11,17
060070019,0,3,3
060070020,3,10,13
060070021,7,11,18
060070022,11,11,22
060070023,16,8,24
060070024,0,2,2
060070025,6,5,11
060070026,4,6,10
060070027,17,25,42
060070028,5,2,7
060070029,1,1,2
060070031,1,3,4
060070033,0,3,3
060070034,1,0,1
060070035,9,1,10
060070036,1,0,1
060070411,1,0,1
060090001,8,12,20
060090002,3,2,5
060090003,10,8,18
060090005,15,9,24
060110001,0,1,1
060110002,5,2,7
060110003,1,0,1
060110005,4,1,5
060133020,5,5,10
060133031,5,2,7
060133032,28,25,53
060133040,11,7,18
060133060,4,3,7
060133071,0,2,2
060133072,29,3,32
060133080,10,14,24
060133090,1,0,1
060133120,0,1,1
060133131,13,6,19
060133132,2,2,4
060133141,1,1,2
060133150,0,1,1
060133160,2,0,2
060133170,2,0,2
060133180,77,22,99
060133190,4,0,4
060133200,10,6,16
060133211,42,55,97
060133212,4,2,6
060133220,13,8,21
060133230,8,4,12
060133240,9,8,17
060133250,7,4,11
060133260,4,4,8
060133270,1,10,11
060133280,6,10,16
060133290,36,54,90
060133300,0,1,1
060133310,3,6,9
060133320,1,1,2
060133331,6,1,7
060133332,0,1,1
060133340,7,6,13
060133350,3,2,5
060133362,1,2,3
060133371,5,3,8
060133372,3,1,4
060133373,10,7,17
060133381,5,3,8
060133382,49,109,158
060133383,34,74,108
060133390,86,129,215
060133400,23,45,68
060133410,12,19,31
060133420,19,21,40
060133430,73,130,203
060133440,0,4,4
060133451,81,136,217
060133452,59,63,122
060133461,35,64,99
060133462,27,69,96
060133470,18,52,70
060133480,25,48,73
060133490,18,21,39
060133500,30,40,70
060133511,19,45,64
060133512,14,31,45
060133521,18,42,60
060133522,12,24,36
060133530,43,69,112
060133540,42,85,127
060133551,99,131,230
060133552,2,1,3
060133553,35,33,68
060133560,4,10,14
060133570,2,4,6
060133580,1,1,2
060133591,30,28,58
060133592,8,8,16
060133601,4,9,13
060133602,1,5,6
060133610,3,2,5
060133620,7,2,9
060133630,4,1,5
060133640,1,1,2
060133650,9,8,17
060133660,1,0,1
060133671,1,0,1
060133672,1,0,1
060133690,17,38,55
060133700,3,1,4
060133710,7,6,13
060133740,0,1,1
060133760,42,30,72
060133770,1,0,1
060133780,9,13,22
060133800,8,17,25
060133810,5,4,9
060133820,0,2,2
060133830,3,3,6
060133840,11,9,20
060133851,11,16,27
060133852,4,3,7
060133860,1,3,4
060133870,2,8,10
060133880,0,2,2
060133891,5,4,9
060133892,0,1,1
060133901,1,7,8
060133902,2,3,5
060133910,12,11,23
060133920,4,14,18
060150001,27,16,43
060150002,7,4,11
060170302,7,9,16
060170303,4,4,8
060170304,18,30,48
060170305,4,7,11
060170306,5,4,9
060170307,70,93,163
060170308,27,26,53
060170309,5,3,8
060170310,4,4,8
060170311,3,4,7
060170312,28,22,50
060170313,2,4,6
060170314,4,3,7
060170315,11,13,24
060190001,3,5,8
060190002,1,2,3
060190003,2,0,2
060190004,1,0,1
060190005,83,44,127
060190006,6,5,11
060190007,1,0,1
060190011,5,1,6
060190012,1,0,1
060190014,16,10,26
060190015,0,1,1
060190016,2,0,2
060190017,2,1,3
060190018,0,1,1
060190019,3,1,4
060190021,0,2,2
060190022,3,8,11
060190023,1,0,1
060190024,2,0,2
060190025,1,0,1
060190026,2,1,3
060190027,12,34,46
060190028,0,2,2
060190029,4,0,4
060190030,3,1,4
060190031,5,6,11
060190032,0,1,1
060190033,5,6,11
060190034,36,21,57
060190035,0,1,1
060190036,5,4,9
060190037,0,1,1
060190038,6,5,11
060190039,2,0,2
060190040,3,0,3
060190041,1,0,1
060190042,39,28,67
060190043,51,114,165
060190044,106,148,254
060190045,32,79,111
060190046,4,14,18
060190047,1,2,3
060190048,1,0,1
060190049,5,10,15
060190050,3,6,9
060190051,6,1,7
060190052,5,3,8
060190053,20,11,31
060190054,44,75,119
060190055,276,392,668
060190056,16,17,33
060190057,19,16,35
060190058,12,11,23
060190059,40,35,75
060190060,8,0,8
060190061,1,0,1
060190062,1,1,2
060190063,4,2,6
060190064,7,12,19
060190065,1,0,1
060190066,12,4,16
060190067,3,1,4
060190068,3,1,4
060190069,1,0,1
060190070,13,3,16
060190071,2,1,3
060190072,8,5,13
060190073,1,1,2
060190074,2,2,4
060190075,2,0,2
060190076,1,0,1
060190077,1,0,1
060190079,2,2,4
060190080,4,2,6
060190081,1,0,1
060190082,0,1,1
060190083,5,0,5
060190084,2,0,2
060210101,1,1,2
060210104,6,3,9
060210105,1,0,1
060230001,1,14,15
060230002,1,4,5
060230003,2,2,4
060230004,0,4,4
060230005,1,1,2
060230006,25,30,55
060230007,11,6,17
060230008,16,25,41
060230009,11,12,23
060230010,10,9,19
060230011,17,10,27
060230012,3,9,12
060230101,4,2,6
060230102,3,6,9
060230103,1,1,2
060230104,0,4,4
060230105,13,14,27
060230106,2,4,6
060230107,0,5,5
060230108,5,1,6
060230109,16,17,33
060230110,1,0,1
060230111,1,1,2
060230112,4,1,5
060230113,3,2,5
060250101,2,1,3
060250104,2,1,3
060250105,1,0,1
060250106,8,16,24
060250107,8,4,12
060250109,1,0,1
060250110,4,5,9
060250111,3,2,5
060250112,3,6,9
060250113,3,3,6
060250114,1,0,1
060250115,1,3,4
060250116,5,16,21
060250117,3,3,6
060250118,8,17,25
060250119,1,3,4
060250120,4,2,6
060250121,3,12,15
060250122,1,0,1
060250124,0,2,2
060250125,1,1,2
060270001,5,4,9
060270002,1,3,4
060270003,6,4,10
060270004,15,6,21
060270006,4,3,7
060290001,12,25,37
060290004,1,0,1
060290005,11,17,28
060290006,31,27,58
060290007,2,2,4
060290008,4,3,7
060290009,32,58,90
060290010,1,1,2
060290011,2,0,2
060290012,72,54,126
060290013,0,1,1
060290014,7,3,10
060290016,20,50,70
060290017,24,39,63
060290018,38,59,97
060290019,3,1,4
060290022,2,0,2
060290025,1,1,2
060290027,1,2,3
060290028,154,156,310
060290029,3,0,3
060290031,8,9,17
060290032,33,42,75
060290033,1,1,2
060290035,2,2,4
060290037,2,0,2
060290038,90,60,150
060290039,1,1,2
060290041,4,1,5
060290043,0,2,2
060290044,3,1,4
060290045,3,0,3
060290046,0,1,1
060290047,1,0,1
060290048,1,0,1
060290049,1,0,1
060290050,25,10,35
060290051,7,12,19
060290052,8,6,14
060290053,4,1,5
060290054,17,9,26
060290055,1,3,4
060290057,2,0,2
060290058,2,1,3
060290059,0,1,1
060290060,13,9,22
060290061,10,6,16
060290064,1,2,3
060310001,1,2,3
060310002,1,0,1
060310003,0,2,2
060310004,16,9,25
060310005,1,0,1
060310006,14,15,29
060310007,4,3,7
060310009,19,10,29
060310010,26,22,48
060310013,1,0,1
060310014,2,1,3
060310015,6,3,9
060310017,2,3,5
060330001,2,1,3
060330003,11,9,20
060330004,9,9,18
060330005,1,0,1
060330006,1,2,3
060330007,2,1,3
060330008,9,7,16
060330009,7,6,13
060330010,2,1,3
060330011,4,0,4
060330012,1,2,3
060330013,7,2,9
060350005,0,1,1
060350401,1,0,1
060350403,23,9,32
060350405,1,2,3
060350406,0,1,1
060370017,1,0,1
060370073,0,1,1
060371011,5,2,7
060371012,7,2,9
060371013,0,4,4
060371014,0,1,1
060371021,6,5,11
060371031,2,1,3
060371032,5,1,6
060371033,4,4,8
060371034,1,2,3
060371041,4,4,8
060371042,0,1,1
060371044,3,0,3
060371045,0,1,1
060371060,32,47,79
060371061,3,2,5
060371064,5,3,8
060371065,2,0,2
060371066,54,78,132
060371070,1,1,2
060371081,36,44,80
060371082,40,37,77
060371091,2,1,3
060371092,26,13,39
060371093,4,2,6
060371094,1,1,2
060371096,4,4,8
060371097,3,1,4
060371101,1,0,1
060371111,2,0,2
060371112,27,29,56
060371113,21,27,48
060371114,3,6,9
060371131,11,16,27
060371132,17,28,45
060371133,15,17,32
060371134,2,2,4
060371151,20,32,52
060371152,13,18,31
060371153,10,8,18
060371154,19,17,36
060371171,1,1,2
060371172,14,45,59
060371173,5,6,11
060371174,6,5,11
060371175,5,2,7
060371190,1,1,2
060371193,4,1,5
060371194,0,1,1
060371197,0,4,4
060371198,3,0,3
060371199,1,1,2
060371200,7,9,16
060371201,3,2,5
060371203,1,0,1
060371204,68,70,138
060371210,1,1,2
060371211,1,3,4
060371212,9,8,17
060371216,0,1,1
060371218,1,2,3
060371220,2,5,7
060371221,2,2,4
060371224,1,2,3
060371231,1,2,3
060371232,2,0,2
060371233,2,3,5
060371235,3,0,3
060371236,2,3,5
060371237,1,2,3
060371238,8,7,15
060371239,2,4,6
060371240,5,12,17
060371241,3,3,6
060371243,1,0,1
060371244,4,5,9
060371245,6,4,10
060371246,7,12,19
060371247,14,13,27
060371249,5,6,11
060371251,3,3,6
060371252,0,2,2
060371253,3,4,7
060371254,5,1,6
060371255,3,3,6
060371256,3,6,9
060371271,3,8,11
060371272,3,2,5
060371273,2,1,3
060371274,0,1,1
060371275,1,3,4
060371276,4,6,10
060371277,5,6,11
060371278,45,81,126
060371279,3,4,7
060371281,0,5,5
060371282,4,2,6
060371283,2,2,4
060371284,1,4,5
060371285,6,8,14
060371286,4,3,7
060371287,12,14,26
060371288,6,8,14
060371289,28,51,79
060371310,6,15,21
060371312,0,1,1
060371314,65,41,106
060371316,1,1,2
060371317,2,2,4
060371318,1,4,5
060371319,1,1,2
060371320,3,5,8
060371321,0,3,3
060371323,3,22,25
060371325,3,1,4
060371329,5,8,13
060371331,5,9,14
060371340,2,1,3
060371341,7,9,16
060371343,19,9,28
060371344,74,93,167
060371345,6,3,9
060371347,0,1,1
060371348,3,2,5
060371349,8,14,22
060371351,21,20,41
060371352,15,26,41
060371370,6,10,16
060371371,66,93,159
060371372,11,15,26
060371373,12,15,27
060371374,24,37,61
060371375,17,50,67
060371380,7,13,20
060371390,5,13,18
060371392,38,50,88
060371393,6,14,20
060371394,59,88,147
060371395,20,30,50
060371396,29,38,67
060371397,103,249,352
060371398,33,66,99
060371411,9,16,25
060371412,11,24,35
060371413,13,50,63
060371414,22,56,78
060371415,12,36,48
060371416,12,35,47
060371417,12,23,35
060371431,8,16,24
060371432,4,6,10
060371433,4,10,14
060371434,14,9,23
060371435,9,13,22
060371436,7,19,26
060371437,7,22,29
060371438,15,24,39
060371439,27,42,69
060371810,6,8,14
060371813,4,4,8
060371814,5,9,14
060371815,2,1,3
060371816,5,2,7
060371831,2,4,6
060371832,4,4,8
060371833,3,0,3
060371834,0,1,1
060371836,1,3,4
060371837,8,10,18
060371838,3,1,4
060371851,6,9,15
060371852,8,10,18
060371853,1,2,3
060371862,2,5,7
060371863,9,8,17
060371871,2,3,5
060371872,1,0,1
060371873,6,6,12
060371881,4,4,8
060371882,18,32,50
060371883,3,5,8
060371891,17,19,36
060371892,27,51,78
060371893,11,25,36
060371894,6,6,12
060371895,1,11,12
060371896,5,14,19
060371897,11,21,32
060371898,5,14,19
060371899,9,20,29
060371901,5,5,10
060371902,1,3,4
060371903,1,6,7
060371904,2,4,6
060371905,4,8,12
060371907,6,10,16
060371908,3,11,14
060371909,2,2,4
060371910,3,2,5
060371911,1,4,5
060371912,122,222,344
060371913,136,191,327
060371914,4,1,5
060371915,3,0,3
060371916,6,3,9
060371917,3,1,4
060371918,0,1,1
060371919,8,16,24
060371920,8,13,21
060371923,10,17,27
060371924,4,10,14
060371925,6,7,13
060371926,1,3,4
060371941,26,35,61
060371942,15,27,42
060371943,5,19,24
060371944,4,21,25
060371945,7,14,21
060371951,8,26,34
060371952,12,18,30
060371953,7,2,9
060371954,7,16,23
060371955,4,8,12
060371956,4,4,8
060371957,12,8,20
060371958,5,2,7
060371959,4,4,8
060371972,2,1,3
060371973,3,6,9
060371974,2,3,5
060371975,1,1,2
060371976,2,1,3
060371977,1,9,10
060371990,0,1,1
060371991,1,0,1
060371992,2,3,5
060371993,0,2,2
060371994,2,0,2
060371997,1,3,4
060371998,1,0,1
060371999,2,0,2
060372011,4,2,6
060372012,1,0,1
060372013,9,27,36
060372014,3,2,5
060372015,1,2,3
060372016,1,1,2
060372017,5,0,5
060372033,148,513,661
060372035,81,37,118
060372036,12,25,37
060372037,1,0,1
060372039,2,0,2
060372046,1,0,1
060372047,1,0,1
060372048,6,1,7
060372051,0,1,1
060372060,16,35,51
060372062,8,8,16
060372063,1,1,2
060372071,29,20,49
060372073,3,9,12
060372074,8,12,20
060372075,5,18,23
060372077,14,21,35
060372079,7,21,28
060372080,1,4,5
060372083,1,2,3
060372084,1,1,2
060372085,18,51,69
060372086,3,5,8
060372087,3,4,7
060372088,2,17,19
060372089,7,4,11
060372091,21,53,74
060372092,15,41,56
060372093,1,5,6
060372094,15,2,17
060372095,0,1,1
060372098,3,1,4
060372110,18,34,52
060372111,7,17,24
060372112,2,0,2
060372113,1,2,3
060372114,5,3,8
060372115,6,6,12
060372117,4,14,18
060372118,19,21,40
060372119,0,4,4
060372121,3,4,7
060372122,4,3,7
060372123,2,6,8
060372124,5,3,8
060372125,2,2,4
060372126,2,5,7
060372127,17,15,32
060372128,2,3,5
060372129,1,1,2
060372131,7,7,14
060372132,11,9,20
060372133,3,6,9
060372134,4,1,5
060372140,12,30,42
060372141,6,27,33
060372144,3,4,7
060372145,14,44,58
060372146,3,5,8
060372147,2,10,12
060372148,5,36,41
060372149,100,304,404
060372151,9,22,31
060372161,4,6,10
060372162,7,5,12
060372163,39,70,109
060372164,19,14,33
060372167,1,4,5
060372168,9,13,22
060372169,4,5,9
060372170,14,16,30
060372171,4,0,4
060372172,4,2,6
060372181,2,1,3
060372182,3,9,12
060372183,0,1,1
060372184,1,0,1
060372187,1,4,5
060372188,1,0,1
060372189,2,1,3
060372190,1,1,2
060372195,1,2,3
060372197,1,2,3
060372199,1,2,3
060372200,0,1,1
060372201,1,1,2
060372212,0,2,2
060372213,6,3,9
060372214,0,4,4
060372215,1,1,2
060372217,0,1,1
060372218,0,2,2
060372219,2,0,2
060372225,1,0,1
060372226,0,1,1
060372227,26,81,107
060372240,40,31,71
060372243,1,1,2
060372244,1,1,2
060372246,7,4,11
060372247,0,5,5
060372260,2,2,4
060372264,2,0,2
060372267,1,0,1
060372270,1,0,1
060372283,0,2,2
060372285,1,0,1
060372286,2,0,2
060372289,1,0,1
060372294,1,1,2
060372314,1,0,1
060372315,3,0,3
060372316,0,1,1
060372317,3,0,3
060372318,4,3,7
060372319,1,2,3
060372324,1,2,3
060372326,0,1,1
060372328,1,0,1
060372340,3,3,6
060372342,0,3,3
060372343,4,1,5
060372345,1,1,2
060372346,1,4,5
060372347,1,0,1
060372349,0,1,1
060372351,6,0,6
060372352,1,1,2
060372360,4,9,13
060372361,6,8,14
060372362,0,1,1
060372364,8,10,18
060372376,2,0,2
060372379,7,1,8
060372380,1,4,5
060372383,1,0,1
060372384,1,2,3
060372392,5,3,8
060372395,1,0,1
060372397,1,0,1
060372402,1,1,2
060372403,1,0,1
060372404,0,1,1
060372406,1,1,2
060372410,3,1,4
060372411,1,1,2
060372422,0,1,1
060372423,2,1,3
060372427,7,3,10
060372611,22,81,103
060372612,14,54,68
060372621,17,46,63
060372622,32,76,108
060372623,50,151,201
060372624,8,51,59
060372625,15,15,30
060372626,44,127,171
060372627,22,53,75
060372628,10,28,38
060372640,18,55,73
060372641,32,68,100
060372643,46,144,190
060372651,19,36,55
060372652,26,65,91
060372653,239,911,1150
060372654,12,41,53
060372655,30,133,163
060372656,35,114,149
060372657,21,39,60
060372671,53,128,181
060372672,30,44,74
060372673,18,45,63
060372674,34,83,117
060372675,14,40,54
060372676,4,15,19
060372677,9,25,34
060372678,6,21,27
060372679,21,47,68
060372690,12,53,65
060372691,25,46,71
060372693,13,43,56
060372695,19,27,46
060372696,0,1,1
060372697,7,11,18
060372698,4,1,5
060372699,24,50,74
060372701,12,29,41
060372702,3,2,5
060372703,72,78,150
060372711,9,20,29
060372712,3,7,10
060372713,5,9,14
060372714,3,10,13
060372715,9,21,30
060372716,15,20,35
060372717,18,98,116
060372718,8,16,24
060372719,10,20,30
060372721,4,11,15
060372722,3,6,9
060372723,10,9,19
060372731,4,4,8
060372732,5,9,14
060372733,3,6,9
060372734,3,6,9
060372735,3,10,13
060372736,2,7,9
060372737,1,4,5
060372738,4,3,7
060372739,7,22,29
060372741,9,13,22
060372742,12,30,42
060372751,4,8,12
060372752,2,2,4
060372753,18,45,63
060372754,7,6,13
060372755,0,2,2
060372756,25,37,62
060372760,12,53,65
060372761,7,10,17
060372764,5,8,13
060372765,3,2,5
060372766,11,13,24
060372770,6,13,19
060372771,1,6,7
060372772,8,8,16
060372780,16,27,43
060372781,11,14,25
060372911,0,1,1
060372912,2,1,3
060372913,3,2,5
060372920,3,1,4
060372932,0,4,4
060372933,28,10,38
060372941,0,2,2
060372942,0,2,2
060372943,2,0,2
060372944,56,77,133
060372945,3,1,4
060372946,2,1,3
060372947,1,0,1
060372951,3,5,8
060372961,11,36,47
060372962,0,1,1
060372963,1,3,4
060372964,2,6,8
060372965,0,1,1
060372966,1,5,6
060372969,5,2,7
060372970,4,7,11
060372971,2,4,6
060372972,2,1,3
060372973,0,2,2
060372974,4,12,16
060372975,1,9,10
060372976,4,2,6
060373001,9,12,21
060373002,2,1,3
060373003,8,5,13
060373004,8,7,15
060373005,7,11,18
060373006,10,16,26
060373007,35,73,108
060373008,38,34,72
060373009,45,61,106
060373010,38,53,91
060373011,14,14,28
060373012,39,34,73
060373013,8,7,15
060373014,13,8,21
060373015,7,7,14
060373016,9,8,17
060373017,3,3,6
060373018,44,37,81
060373019,10,14,24
060373020,18,15,33
060373021,26,22,48
060373022,4,11,15
060373023,9,9,18
060373024,23,54,77
060373025,11,13,24
060373101,12,22,34
060373102,8,13,21
060373103,2,1,3
060373104,1,2,3
060373105,3,2,5
060373106,2,8,10
060373107,14,29,43
060373108,7,2,9
060373109,12,5,17
060373110,3,2,5
060373111,5,7,12
060373112,1,2,3
060373113,1,3,4
060373114,0,4,4
060373115,12,13,25
060373116,28,85,113
060373117,7,8,15
060373118,5,2,7
060373201,3,2,5
060373202,1,4,5
060373203,3,1,4
060374002,50,84,134
060374003,6,6,12
060374004,12,15,27
060374005,3,5,8
060374006,3,5,8
060374008,0,4,4
060374009,3,1,4
060374010,3,8,11
060374011,21,28,49
060374012,23,9,32
060374013,36,45,81
060374016,15,8,23
060374017,25,18,43
060374018,23,32,55
060374019,22,35,57
060374020,14,4,18
060374021,40,71,111
060374022,6,12,18
060374023,1,2,3
060374024,2,6,8
060374025,3,3,6
060374026,5,5,10
060374027,11,1,12
060374028,6,0,6
060374029,1,1,2
060374030,0,1,1
060374032,5,1,6
060374033,107,117,224
060374034,58,51,109
060374035,5,6,11
060374036,11,16,27
060374037,6,9,15
060374038,3,3,6
060374039,5,4,9
060374040,2,0,2
060374041,1,0,1
060374043,5,1,6
060374044,1,1,2
060374045,0,1,1
060374046,1,0,1
060374047,45,65,110
060374048,2,2,4
060374049,1,1,2
060374050,1,0,1
060374051,2,1,3
060374052,4,2,6
060374053,6,3,9
060374055,2,0,2
060374056,2,0,2
060374057,4,9,13
060374059,0,1,1
060374060,4,4,8
060374061,20,36,56
060374062,10,9,19
060374063,17,26,43
060374064,5,4,9
060374065,6,3,9
060374066,8,6,14
060374067,53,67,120
060374068,14,7,21
060374069,1,1,2
060374070,1,0,1
060374071,2,0,2
060374072,2,0,2
060374073,2,0,2
060374074,0,1,1
060374075,2,0,2
060374076,2,2,4
060374077,1,1,2
060374078,0,1,1
060374079,1,2,3
060374080,19,15,34
060374081,17,9,26
060374082,18,17,35
060374083,2,4,6
060374084,13,3,16
060374085,18,14,32
060374086,58,46,104
060374087,34,31,65
060374088,3,10,13
060374300,9,14,23
060374301,19,69,88
060374302,4,8,12
060374303,14,21,35
060374304,18,31,49
060374305,28,46,74
060374306,17,47,64
060374307,49,64,113
060374308,71,75,146
060374309,2,3,5
060374310,11,12,23
060374311,3,3,6
060374312,1,0,1
060374313,1,0,1
060374314,7,3,10
060374315,6,6,12
060374316,14,13,27
060374317,48,65,113
060374318,6,7,13
060374319,3,2,5
060374320,8,10,18
060374321,6,9,15
060374322,5,6,11
060374323,3,2,5
060374324,2,1,3
060374325,2,2,4
060374326,2,1,3
060374327,6,5,11
060374328,1,2,3
060374329,7,2,9
060374331,6,0,6
060374332,13,2,15
060374333,3,3,6
060374334,5,2,7
060374335,1,0,1
060374336,8,1,9
060374337,0,2,2
060374338,2,3,5
060374340,3,0,3
060374600,12,19,31
060374601,19,22,41
060374602,6,7,13
060374603,5,25,30
060374604,2,1,3
060374605,38,73,111
060374606,23,39,62
060374607,30,67,97
060374608,19,45,64
060374609,3,1,4
060374610,1,1,2
060374611,2,2,4
060374612,11,14,25
060374613,8,15,23
060374614,2,3,5
060374615,1,3,4
060374616,3,4,7
060374617,3,10,13
060374619,68,29,97
060374620,0,2,2
060374621,1,0,1
060374622,28,46,74
060374623,6,18,24
060374624,4,8,12
060374625,19,28,47
060374626,1,10,11
060374627,7,7,14
060374628,6,8,14
060374629,21,14,35
060374630,12,3,15
060374631,20,21,41
060374632,15,28,43
060374633,10,6,16
060374634,13,14,27
060374635,23,40,63
060374636,38,89,127
060374637,32,46,78
060374638,11,32,43
060374639,64,109,173
060374640,38,78,116
060374641,54,111,165
060374642,42,89,131
060374800,13,16,29
060374801,10,5,15
060374802,16,14,30
060374803,21,19,40
060374804,8,9,17
060374805,31,48,79
060374806,13,39,52
060374807,44,81,125
060374808,13,11,24
060374809,5,7,12
060374810,22,29,51
060374811,25,26,51
060374812,6,8,14
060374813,3,0,3
060374814,21,13,34
060374815,4,3,7
060374816,23,31,54
060374817,48,55,103
060374818,4,3,7
060374819,8,10,18
060374820,21,36,57
060374821,14,19,33
060374822,6,6,12
060374823,5,4,9
060374824,9,6,15
060374825,9,3,12
060374826,7,11,18
060374827,4,5,9
060374828,3,3,6
060375001,7,15,22
060375002,59,57,116
060375003,5,1,6
060375004,4,2,6
060375006,1,0,1
060375007,2,1,3
060375008,3,2,5
060375009,0,4,4
060375010,1,5,6
060375012,1,2,3
060375013,5,0,5
060375014,0,3,3
060375015,15,12,27
060375016,7,18,25
060375017,7,8,15
060375018,10,25,35
060375019,12,6,18
060375020,7,6,13
060375021,43,25,68
060375022,1,1,2
060375023,0,2,2
060375024,1,0,1
060375025,3,7,10
060375026,2,2,4
060375027,1,3,4
060375028,5,2,7
060375029,1,0,1
060375031,0,1,1
060375032,1,0,1
060375033,0,1,1
060375034,6,7,13
060375035,3,0,3
060375036,16,8,24
060375037,11,15,26
060375038,3,6,9
060375039,0,1,1
060375040,7,8,15
060375041,0,2,2
060375300,37,21,58
060375301,25,25,50
060375302,11,10,21
060375303,4,2,6
060375304,18,1,19
060375305,3,2,5
060375306,1,1,2
060375307,2,0,2
060375308,2,2,4
060375311,2,2,4
060375312,2,0,2
060375313,9,5,14
060375315,1,2,3
060375316,0,2,2
060375317,5,7,12
060375318,4,1,5
060375319,2,0,2
060375320,3,0,3
060375321,3,1,4
060375322,1,2,3
060375323,4,9,13
060375324,2,3,5
060375325,10,4,14
060375326,5,2,7
060375329,1,0,1
060375330,0,1,1
060375331,4,7,11
060375332,1,1,2
060375334,2,0,2
060375336,5,5,10
060375337,2,0,2
060375338,6,1,7
060375339,2,1,3
060375340,2,0,2
060375341,2,1,3
060375344,21,2,23
060375345,2,1,3
060375348,9,7,16
060375349,1,0,1
060375350,1,1,2
060375351,0,1,1
060375355,2,2,4
060375356,2,0,2
060375357,2,1,3
060375358,8,1,9
060375359,8,1,9
060375360,1,0,1
060375361,0,1,1
060375362,0,3,3
060375400,1,0,1
060375401,6,4,10
060375402,21,37,58
060375405,0,3,3
060375407,62,117,179
060375408,1,0,1
060375409,0,1,1
060375410,1,2,3
060375411,1,1,2
060375413,0,1,1
060375416,3,3,6
060375424,4,1,5
060375425,0,1,1
060375427,4,0,4
060375428,1,0,1
060375431,2,0,2
060375432,1,0,1
060375433,17,16,33
060375434,3,2,5
060375435,100,339,439
060375436,20,13,33
060375437,11,3,14
060375438,3,2,5
060375439,6,3,9
060375440,0,1,1
060375500,0,3,3
060375503,1,0,1
060375505,24,13,37
060375506,12,15,27
060375507,4,3,7
060375508,6,6,12
060375509,19,18,37
060375510,3,3,6
060375511,69,45,114
060375512,5,9,14
060375513,27,51,78
060375514,5,6,11
060375515,3,4,7
060375516,5,12,17
060375517,2,1,3
060375518,2,1,3
060375519,3,0,3
060375520,6,7,13
060375521,4,2,6
060375522,2,1,3
060375523,5,9,14
060375526,4,1,5
060375527,6,0,6
060375528,1,0,1
060375531,5,2,7
060375532,1,0,1
060375534,0,1,1
060375535,1,0,1
060375536,0,2,2
060375538,13,7,20
060375539,16,10,26
060375540,31,79,110
060375541,4,2,6
060375542,4,6,10
060375544,22,12,34
060375545,135,136,271
060375546,1,1,2
060375548,3,8,11
060375549,18,7,25
060375550,2,1,3
060375551,5,7,12
060375552,9,8,17
060375700,4,3,7
060375702,1,1,2
060375703,1,2,3
060375705,1,0,1
060375706,0,2,2
060375707,23,37,60
060375708,6,7,13
060375709,5,0,5
060375710,2,1,3
060375711,3,0,3
060375712,3,12,15
060375713,16,9,25
060375714,2,3,5
060375715,13,11,24
060375717,1,1,2
060375718,14,42,56
060375719,13,21,34
060375720,15,25,40
060375721,0,1,1
060375722,101,133,234
060375723,0,2,2
060375725,1,0,1
060375726,0,2,2
060375727,0,3,3
060375730,4,2,6
060375731,10,5,15
060375732,6,4,10
060375734,26,52,78
060375735,0,6,6
060375736,2,0,2
060375737,6,14,20
060375738,2,2,4
060375739,10,7,17
060375740,6,4,10
060375741,4,3,7
060375742,27,15,42
060375743,9,7,16
060375744,14,8,22
060375745,3,7,10
060375746,9,15,24
060375748,22,22,44
060375749,9,12,21
060375750,21,30,51
060375751,3,1,4
060375752,4,1,5
060375753,2,1,3
060375754,5,0,5
060375755,0,1,1
060375756,1,0,1
060375758,2,2,4
060375759,4,4,8
060375760,11,9,20
060375761,15,13,28
060375762,9,13,22
060375763,67,50,117
060375764,1,1,2
060375765,4,2,6
060375766,12,22,34
060375767,7,8,15
060375768,4,7,11
060375769,1,4,5
060375770,3,4,7
060375771,13,10,23
060375772,6,6,12
060375773,16,34,50
060375774,6,21,27
060375775,11,28,39
060375776,37,69,106
060375991,2,2,4
060376002,0,1,1
060376003,0,2,2
060376006,0,1,1
060376007,6,5,11
060376008,6,0,6
060376009,4,4,8
060376010,30,33,63
060376011,7,33,40
060376012,6,3,9
060376013,3,3,6
060376014,2,3,5
060376015,1,0,1
060376016,1,1,2
060376017,0,1,1
060376018,0,1,1
060376020,3,2,5
060376021,19,16,35
060376022,2,3,5
060376023,5,3,8
060376024,13,3,16
060376025,1,2,3
060376026,2,0,2
060376027,1,2,3
060376028,3,1,4
060376029,0,2,2
060376030,25,11,36
060376031,6,3,9
060376032,3,2,5
060376033,4,2,6
060376034,1,1,2
060376035,1,1,2
060376036,3,0,3
060376037,4,3,7
060376038,2,7,9
060376039,3,0,3
060376040,2,3,5
060376041,5,5,10
060376099,20,30,50
060376200,13,11,24
060376201,6,8,14
060376202,4,12,16
060376203,44,100,144
060376204,9,31,40
060376205,14,19,33
060376206,16,15,31
060376207,14,17,31
060376208,34,54,88
060376209,21,43,64
060376210,17,48,65
060376211,17,26,43
060376212,23,39,62
060376213,41,70,111
060376214,9,14,23
060376500,7,3,10
060376501,10,7,17
060376502,0,1,1
060376503,3,6,9
060376504,17,32,49
060376505,5,8,13
060376506,57,83,140
060376507,23,32,55
060376508,13,25,38
060376509,15,20,35
060376510,14,13,27
060376511,105,196,301
060376512,15,19,34
060376513,24,28,52
060376514,4,17,21
060376700,8,3,11
060376701,2,5,7
060376702,31,67,98
060376703,52,159,211
060376704,127,205,332
060376705,14,53,67
060376706,43,69,112
060376707,33,80,113
060377001,14,24,38
060377002,11,13,24
060377003,8,20,28
060377004,62,181,243
060377005,33,66,99
060377006,30,81,111
060377007,19,62,81
060377008,173,378,551
060377009,76,165,241
060377010,28,101,129
060377011,34,106,140
060377012,22,88,110
060377013,42,90,132
060377014,22,21,43
060377015,46,97,143
060377016,110,258,368
060377017,45,87,132
060377018,15,17,32
060377019,21,49,70
060377020,9,21,30
060377021,11,36,47
060377022,16,19,35
060377023,19,41,60
060377024,7,7,14
060377025,16,18,34
060377026,12,23,35
060377027,7,8,15
060377028,23,28,51
060377029,32,77,109
060377030,51,56,107
060377031,12,12,24
060377032,14,23,37
060378001,21,51,72
060378002,49,116,165
060378003,62,111,173
060378004,26,79,105
060378005,17,53,70
060379005,1,3,4
060379006,2,0,2
060379007,61,72,133
060379008,29,35,64
060379010,16,28,44
060379011,4,1,5
060379012,12,7,19
060379102,28,22,50
060379103,12,14,26
060379104,3,7,10
060379105,5,3,8
060379106,9,4,13
060379107,11,4,15
060379108,13,15,28
060379109,2,1,3
060379110,2,1,3
060379200,30,28,58
060379201,46,40,86
060379203,123,139,262
060379300,0,1,1
060379302,1,1,2
060390001,23,14,37
060390002,3,7,10
060390003,4,1,5
060390005,25,18,43
060390006,0,1,1
060390007,4,3,7
060390008,9,4,13
060390009,0,1,1
060390010,30,44,74
060411011,4,15,19
060411012,13,19,32
060411021,10,10,20
060411022,10,6,16
060411031,8,15,23
060411032,8,14,22
060411041,13,44,57
060411042,5,13,18
060411043,2,4,6
060411050,5,8,13
060411060,18,33,51
060411070,22,24,46
060411081,13,21,34
060411082,37,83,120
060411090,14,19,33
060411101,11,22,33
060411102,13,30,43
060411110,22,26,48
060411121,6,6,12
060411122,6,13,19
060411130,5,5,10
060411141,9,11,20
060411142,2,2,4
060411150,14,12,26
060411160,4,7,11
060411170,21,42,63
060411181,1,8,9
060411182,0,2,2
060411191,14,44,58
060411192,55,103,158
060411200,31,60,91
060411211,12,48,60
060411212,9,17,26
060411230,10,29,39
060411241,14,41,55
060411242,19,67,86
060411250,8,29,37
060411261,29,43,72
060411262,29,39,68
060411270,15,47,62
060411281,17,32,49
060411282,11,32,43
060411290,1,1,2
060411302,31,74,105
060411310,6,6,12
060411321,7,9,16
060411322,7,9,16
060411330,3,8,11
060430001,2,3,5
060430003,4,2,6
060430004,1,1,2
060450101,1,1,2
060450102,6,0,6
060450103,1,1,2
060450104,7,11,18
060450105,12,4,16
060450106,3,3,6
060450107,10,6,16
060450108,8,5,13
060450109,1,4,5
060450110,15,25,40
060450111,3,12,15
060450112,1,4,5
060450113,4,6,10
060450114,8,5,13
060450115,14,13,27
060450116,14,24,38
060450117,9,8,17
060450118,2,1,3
060470001,0,1,1
060470002,0,1,1
060470003,3,1,4
060470004,1,0,1
060470005,4,0,4
060470006,1,2,3
060470007,8,3,11
060470008,2,2,4
060470009,4,1,5
060470010,36,38,74
060470011,15,12,27
060470012,3,6,9
060470013,11,15,26
060470014,1,4,5
060470015,7,1,8
060470016,44,9,53
060470017,1,0,1
060470018,9,10,19
060470019,1,1,2
060470020,3,1,4
060470022,18,3,21
060470023,3,5,8
060470024,1,1,2
060490001,5,1,6
060490004,1,0,1
060510001,1,3,4
060510002,10,24,34
060530001,12,4,16
060530002,1,0,1
060530004,1,1,2
060530005,3,0,3
060530006,0,1,1
060530007,2,0,2
060530009,2,0,2
060530010,1,9,10
060530011,47,61,108
060530012,11,13,24
060530013,5,7,12
060530014,1,8,9
060530015,7,7,14
060530017,1,0,1
060530018,8,6,14
060530101,1,1,2
060530102,0,2,2
060530103,8,4,12
060530104,0,1,1
060530105,4,4,8
060530106,34,20,54
060530107,33,47,80
060530108,2,0,2
060530110,14,19,33
060530111,5,2,7
060530112,1,1,2
060530113,11,1,12
060530114,1,0,1
060530115,1,4,5
060530116,44,107,151
060530117,7,18,25
060530118,1,1,2
060530119,17,32,49
060530120,4,2,6
060530121,3,2,5
060530122,10,9,19
060530123,7,2,9
060530124,9,15,24
060530125,2,5,7
060530126,2,0,2
060530127,17,43,60
060530128,27,44,71
060530130,10,14,24
060530131,0,1,1
060530132,31,60,91
060530133,12,11,23
060530134,5,1,6
060530135,0,1,1
060530136,1,0,1
060530137,3,0,3
060530138,1,0,1
060530141,4,4,8
060530142,2,1,3
060530143,1,5,6
060551501,0,1,1
060552002,2,16,18
060552003,7,10,17
060552004,3,19,22
060552005,38,37,75
060552006,21,49,70
060552007,18,22,40
060552008,12,23,35
060552010,14,35,49
060552011,9,12,21
060552012,7,12,19
060552013,3,6,9
060552014,15,61,76
060552015,2,5,7
060552016,17,32,49
060552017,10,36,46
060552018,1,3,4
060552019,3,4,7
060552020,5,3,8
060570001,11,12,23
060570002,2,3,5
060570003,1,4,5
060570004,11,11,22
060570005,28,34,62
060570006,17,14,31
060570007,11,23,34
060570008,17,41,58
060570009,7,3,10
060570012,24,39,63
060590011,8,3,11
060590012,1,0,1
060590013,5,3,8
060590014,7,5,12
060590015,39,39,78
060590016,57,112,169
060590017,91,165,256
060590018,2,2,4
060590110,3,7,10
060590111,1,0,1
060590112,5,0,5
060590113,2,3,5
060590114,6,9,15
060590115,5,12,17
060590116,0,4,4
060590117,46,47,93
060590187,1,0,1
060590218,188,177,365
060590219,178,243,421
060590320,274,369,643
060590421,56,85,141
060590422,44,61,105
060590423,258,422,680
060590524,189,223,412
060590525,302,333,635
060590626,463,963,1426
060590627,20,61,81
060590628,2,15,17
060590629,2,13,15
060590630,121,271,392
060590631,13,13,26
060590632,4,5,9
060590633,3,8,11
060590634,39,76,115
060590635,7,24,31
060590636,55,118,173
060590637,11,13,24
060590638,24,35,59
060590639,37,49,86
060590740,20,24,44
060590741,29,31,60
060590742,4,0,4
060590744,2,5,7
060590745,0,2,2
060590746,2,0,2
060590747,3,0,3
060590748,8,2,10
060590750,25,27,52
060590751,6,7,13
060590752,5,1,6
060590753,9,20,29
060590754,36,76,112
060590755,105,127,232
060590756,99,171,270
060590757,19,35,54
060590758,130,117,247
060590759,10,12,22
060590760,123,288,411
060590761,129,284,413
060590762,17,22,39
060590863,10,10,20
060590864,9,15,24
060590865,0,2,2
060590866,49,42,91
060590867,22,37,59
060590868,5,7,12
060590869,33,31,64
060590870,4,2,6
060590871,13,9,22
060590872,0,5,5
060590873,2,3,5
060590874,7,3,10
060590875,3,8,11
060590876,2,6,8
060590877,11,6,17
060590878,18,10,28
060590879,5,0,5
060590880,2,6,8
060590881,6,10,16
060590882,2,10,12
060590883,25,7,32
060590884,4,6,10
060590885,34,18,52
060590886,3,3,6
060590887,10,9,19
060590888,7,6,13
060590889,50,23,73
060590890,6,6,12
060590891,4,8,12
060590992,295,318,613
060590993,72,112,184
060590994,86,114,200
060590995,95,181,276
060590996,23,18,41
060590997,23,33,56
060590998,9,13,22
060590999,15,6,21
060591100,78,95,173
060591101,120,132,252
060591102,12,9,21
060591103,9,9,18
060591104,5,5,10
060591105,5,0,5
060591106,23,30,53
060610012,0,1,1
060610201,7,8,15
060610202,1,0,1
060610203,11,10,21
060610204,8,8,16
060610205,2,12,14
060610206,83,158,241
060610207,157,187,344
060610208,31,9,40
060610209,5,10,15
060610210,47,51,98
060610211,44,54,98
060610212,4,4,8
060610213,59,58,117
060610214,5,1,6
060610215,20,14,34
060610216,30,34,64
060610218,16,12,28
060610219,13,9,22
060610220,5,22,27
060630001,5,4,9
060630002,5,2,7
060630003,4,3,7
060630004,4,0,4
060630005,5,5,10
060650073,3,0,3
060650087,0,1,1
060650100,5,3,8
060650101,14,24,38
060650102,4,12,16
060650103,3,2,5
060650104,1,11,12
060650105,4,5,9
060650106,3,2,5
060650107,4,12,16
060650108,6,4,10
060650109,4,7,11
060650301,0,1,1
060650302,1,2,3
060650303,25,42,67
060650305,2,1,3
060650306,37,58,95
060650307,2,13,15
060650308,1,2,3
060650309,0,1,1
060650310,4,4,8
060650311,18,32,50
060650312,2,4,6
060650313,2,4,6
060650314,31,33,64
060650315,32,15,47
060650316,1,5,6
060650317,3,6,9
060650401,0,1,1
060650402,3,0,3
060650403,0,1,1
060650404,5,0,5
060650405,1,2,3
060650406,18,21,39
060650407,0,2,2
060650408,21,16,37
060650409,20,6,26
060650411,0,1,1
060650412,5,14,19
060650413,2,0,2
060650414,98,93,191
060650415,1,1,2
060650416,16,13,29
060650417,2,1,3
060650418,59,75,134
060650419,32,48,80
060650420,29,41,70
060650421,1,5,6
060650422,31,73,104
060650423,0,2,2
060650424,12,14,26
060650425,43,23,66
060650426,49,38,87
060650427,37,34,71
060650428,5,0,5
060650429,0,1,1
060650430,9,3,12
060650432,197,226,423
060650433,28,25,53
060650434,30,55,85
060650435,18,7,25
060650436,2,1,3
060650437,1,2,3
060650438,26,41,67
060650439,1,0,1
060650441,13,8,21
060650442,1,0,1
060650443,0,1,1
060650444,6,6,12
060650445,12,9,21
060650446,53,99,152
060650447,13,17,30
060650448,14,23,37
060650449,143,314,457
060650450,1,4,5
060650451,66,155,221
060650452,71,80,151
060650453,1,0,1
060650454,7,2,9
060650455,4,5,9
060650456,10,32,42
060650457,2,2,4
060650458,3,1,4
060650460,0,1,1
060650461,10,8,18
060650462,3,1,4
060650464,2,1,3
060670001,7,4,11
060670002,34,52,86
060670003,10,46,56
060670004,5,10,15
060670005,0,3,3
060670007,1,1,2
060670008,3,4,7
060670009,1,0,1
060670010,6,7,13
060670011,5,8,13
060670012,15,11,26
060670013,8,17,25
060670014,43,101,144
060670015,76,116,192
060670016,38,64,102
060670017,170,424,594
060670018,36,82,118
060670019,5,9,14
060670020,0,3,3
060670021,3,3,6
060670022,2,5,7
060670023,9,16,25
060670024,14,20,34
060670025,6,11,17
060670026,4,12,16
060670028,1,1,2
060670029,6,17,23
060670030,3,5,8
060670031,2,0,2
060670032,1,0,1
060670033,7,9,16
060670034,8,6,14
060670035,4,3,7
060670037,2,0,2
060670038,6,4,10
060670039,5,3,8
060670040,70,72,142
060670042,1,1,2
060670043,1,0,1
060670044,0,1,1
060670045,8,3,11
060670046,1,2,3
060670047,8,0,8
060670048,1,0,1
060670049,3,1,4
060670050,8,5,13
060670051,1,1,2
060670052,8,20,28
060670054,121,173,294
060670055,32,39,71
060670056,49,156,205
060670057,30,51,81
060670058,55,99,154
060670059,11,25,36
060670060,7,10,17
060670061,11,33,44
060670062,3,6,9
060670066,0,2,2
060670067,3,0,3
060670069,3,34,37
060670070,43,45,88
060670071,52,70,122
060670072,2,6,8
060670073,2,1,3
060670074,9,6,15
060670075,9,6,15
060670076,7,7,14
060670077,17,43,60
060670078,32,55,87
060670079,10,8,18
060670080,54,90,144
060670081,66,99,165
060670082,30,39,69
060670084,8,17,25
060670085,100,83,183
060670086,3,7,10
060670087,41,40,81
060670088,4,20,24
060670089,15,9,24
060670090,29,37,66
060670091,6,16,22
060670093,53,45,98
060670094,6,11,17
060670095,0,2,2
060670096,266,201,467
060670097,1,1,2
060670098,1,0,1
060670102,5,3,8
060690001,1,2,3
060690002,3,6,9
060690003,1,0,1
060690004,1,1,2
060690005,8,7,15
060690006,12,8,20
060690007,1,2,3
060690008,4,1,5
060710001,73,56,129
060710002,9,31,40
060710003,5,4,9
060710004,11,8,19
060710005,5,2,7
060710006,20,19,39
060710007,6,1,7
060710008,113,113,226
060710009,34,62,96
060710011,4,2,6
060710012,1,1,2
060710013,3,2,5
060710014,3,1,4
060710015,1,3,4
060710016,1,4,5
060710017,2,6,8
060710018,11,5,16
060710019,12,14,26
060710020,143,144,287
060710021,37,30,67
060710022,5,1,6
060710023,9,6,15
060710026,5,6,11
060710027,10,10,20
060710028,4,1,5
060710029,2,0,2
060710030,10,1,11
060710031,0,3,3
060710032,2,1,3
060710033,116,122,238
060710034,0,1,1
060710035,4,4,8
060710036,51,52,103
060710037,2,0,2
060710038,4,3,7
060710039,0,1,1
060710040,0,5,5
060710041,2,2,4
060710042,7,8,15
060710045,3,5,8
060710046,2,2,4
060710047,1,0,1
060710048,1,0,1
060710051,7,4,11
060710052,2,0,2
060710053,2,1,3
060710054,14,15,29
060710055,0,2,2
060710056,0,1,1
060710057,4,5,9
060710058,24,15,39
060710059,0,1,1
060710060,8,15,23
060710061,3,3,6
060710062,15,1,16
060710063,15,48,63
060710064,1,1,2
060710066,2,1,3
060710067,0,1,1
060710068,1,0,1
060710071,65,79,144
060710072,8,5,13
060710073,388,715,1103
060710074,19,20,39
060710078,22,49,71
060710079,30,59,89
060710080,9,15,24
060710081,10,25,35
060710082,33,49,82
060710083,78,126,204
060710084,29,51,80
060710085,60,148,208
060710086,6,9,15
060710087,37,62,99
060710088,1,3,4
060710091,9,6,15
060710092,0,4,4
060710094,6,4,10
060710095,6,5,11
060710097,47,61,108
060710098,1,7,8
060710099,21,15,36
060710100,63,32,95
060710103,10,7,17
060710104,37,23,60
060710107,3,4,7
060710108,5,3,8
060710109,13,13,26
060710110,4,5,9
060710111,0,3,3
060710112,5,6,11
060710113,0,2,2
060710114,0,3,3
060710115,3,4,7
060710117,2,0,2
060710118,2,1,3
060710120,0,4,4
060710121,21,29,50
060710424,1,0,1
060730001,22,47,69
060730002,26,46,72
060730003,19,47,66
060730004,181,487,668
060730005,5,8,13
060730006,12,31,43
060730007,14,20,34
060730008,5,19,24
060730009,7,4,11
060730010,7,8,15
060730011,2,6,8
060730012,1,4,5
060730013,1,8,9
060730014,0,8,8
060730015,3,6,9
060730016,2,1,3
060730017,1,1,2
060730018,0,6,6
060730019,6,8,14
060730020,13,35,48
060730021,1,3,4
060730022,3,2,5
060730023,5,3,8
060730024,3,0,3
060730025,3,5,8
060730027,14,5,19
060730028,22,16,38
060730029,43,96,139
060730030,3,0,3
060730031,4,2,6
060730032,44,25,69
060730033,10,0,10
060730034,4,5,9
060730038,1,5,6
060730039,1,3,4
060730041,0,2,2
060730042,6,17,23
060730043,2,19,21
060730044,7,8,15
060730045,2,3,5
060730046,0,4,4
060730050,5,0,5
060730051,4,11,15
060730052,4,5,9
060730053,15,24,39
060730054,24,52,76
060730055,33,91,124
060730056,12,32,44
060730057,12,24,36
060730058,9,16,25
060730059,8,19,27
060730060,33,48,81
060730061,3,4,7
060730063,1,0,1
060730064,11,7,18
060730065,8,15,23
060730066,5,29,34
060730068,17,28,45
060730069,8,11,19
060730070,11,32,43
060730071,10,51,61
060730072,11,32,43
060730073,8,24,32
060730074,9,12,21
060730075,8,11,19
060730076,7,15,22
060730077,10,24,34
060730078,8,15,23
060730079,19,41,60
060730080,29,50,79
060730081,53,75,128
060730082,32,73,105
060730083,815,1966,2781
060730085,70,200,270
060730087,98,253,351
060730088,5,1,6
060730089,3,18,21
060730090,2,4,6
060730091,23,25,48
060730092,14,35,49
060730093,60,97,157
060730094,0,2,2
060730095,56,112,168
060730096,62,179,241
060730097,46,74,120
060730098,15,20,35
060730099,0,2,2
060730100,41,34,75
060730101,8,6,14
060730102,4,4,8
060730103,1,2,3
060730105,7,3,10
060730106,15,37,52
060730107,10,21,31
060730108,9,16,25
060730109,7,15,22
060730110,12,28,40
060730111,12,26,38
060730112,4,8,12
060730113,4,10,14
060730114,1,1,2
060730115,0,2,2
060730116,1,1,2
060730117,5,1,6
060730118,0,2,2
060730119,16,11,27
060730120,2,3,5
060730121,2,0,2
060730122,1,4,5
060730123,14,17,31
060730124,3,2,5
060730125,0,2,2
060730126,1,1,2
060730127,31,26,57
060730128,1,7,8
060730129,14,19,33
060730130,2,1,3
060730131,3,1,4
060730132,6,3,9
060730133,59,75,134
060730134,76,88,164
060730135,9,3,12
060730136,32,21,53
060730137,2,7,9
060730138,3,1,4
060730139,2,6,8
060730140,2,1,3
060730141,1,0,1
060730142,0,1,1
060730146,12,4,16
060730148,33,13,46
060730149,9,14,23
060730150,67,102,169
060730151,2,3,5
060730152,15,17,32
060730153,5,8,13
060730154,21,25,46
060730155,4,0,4
060730156,6,3,9
060730157,2,1,3
060730158,6,4,10
060730159,2,2,4
060730160,1,7,8
060730161,1,2,3
060730162,2,12,14
060730163,6,0,6
060730164,13,25,38
060730165,3,2,5
060730166,19,18,37
060730167,0,2,2
060730168,9,4,13
060730169,4,1,5
060730170,356,496,852
060730171,115,223,338
060730172,16,65,81
060730173,36,121,157
060730174,19,54,73
060730175,31,64,95
060730176,23,57,80
060730177,6,26,32
060730178,70,122,192
060730179,12,9,21
060730180,9,8,17
060730181,1,5,6
060730182,2,3,5
060730183,2,4,6
060730184,2,6,8
060730185,116,144,260
060730186,24,22,46
060730187,10,15,25
060730188,17,31,48
060730189,29,20,49
060730190,18,15,33
060730191,17,20,37
060730192,9,16,25
060730193,9,11,20
060730194,5,3,8
060730195,0,2,2
060730196,15,5,20
060730197,3,2,5
060730198,43,37,80
060730199,11,17,28
060730200,116,128,244
060730201,7,12,19
060730202,36,75,111
060730203,17,32,49
060730204,21,22,43
060730205,1,2,3
060730206,28,33,61
060730207,33,31,64
060730208,16,12,28
060730209,4,8,12
060730210,4,3,7
060730211,1,0,1
060730212,14,20,34
060730213,18,24,42
060750101,1,10,11
060750102,11,16,27
060750103,1,14,15
060750104,4,9,13
060750105,13,15,28
060750106,10,0,10
060750107,16,18,34
060750108,7,3,10
060750109,1,7,8
060750110,10,11,21
060750111,17,59,76
060750112,2,12,14
060750113,14,16,30
060750114,4,4,8
060750115,0,5,5
060750117,29,89,118
060750118,2,3,5
060750119,4,7,11
060750120,16,14,30
060750121,14,27,41
060750122,1,2,3
060750123,0,1,1
060750124,11,13,24
060750125,5,4,9
060750126,7,37,44
060750127,5,14,19
060750128,8,27,35
060750129,9,14,23
060750130,14,50,64
060750131,16,56,72
060750132,18,44,62
060750133,85,152,237
060750134,12,34,46
060750135,75,212,287
060750151,14,30,44
060750152,10,15,25
060750153,36,61,97
060750154,36,42,78
060750155,65,145,210
060750156,12,8,20
060750157,80,62,142
060750158,56,56,112
060750159,7,8,15
060750160,8,16,24
060750161,4,5,9
060750162,7,9,16
060750163,5,4,9
060750164,4,11,15
060750165,108,345,453
060750166,14,26,40
060750167,14,15,29
060750168,13,12,25
060750169,26,41,67
060750170,17,34,51
060750171,50,95,145
060750176,19,43,62
060750177,7,8,15
060750178,11,26,37
060750179,22,65,87
060750180,10,20,30
060750201,3,10,13
060750202,9,9,18
060750203,12,13,25
060750204,22,45,67
060750205,7,16,23
060750206,21,44,65
060750207,19,18,37
060750208,8,12,20
060750209,4,17,21
060750210,12,10,22
060750211,16,26,42
060750212,13,29,42
060750213,8,22,30
060750214,20,20,40
060750215,11,17,28
060750216,16,40,56
060750217,23,34,57
060750218,16,15,31
060750226,3,0,3
060750227,31,62,93
060750228,102,118,220
060750229,11,9,20
060750230,1,1,2
060750231,0,6,6
060750233,1,1,2
060750234,6,0,6
060750251,7,7,14
060750252,22,18,40
060750253,25,24,49
060750254,8,17,25
060750255,2,6,8
060750256,5,1,6
060750257,3,4,7
060750259,2,3,5
060750260,10,7,17
060750261,2,3,5
060750262,1,2,3
060750263,2,2,4
060750264,3,4,7
060750301,252,761,1013
060750302,62,74,136
060750303,46,75,121
060750304,24,52,76
060750305,19,28,47
060750306,11,18,29
060750307,28,26,54
060750308,27,33,60
060750309,51,46,97
060750310,8,17,25
060750311,9,9,18
060750312,3,3,6
060750313,1,6,7
060750314,2,2,4
060750326,29,62,91
060750327,11,17,28
060750328,7,15,22
060750329,13,11,24
060750330,15,16,31
060750331,18,22,40
060750332,19,15,34
060750351,11,10,21
060750352,6,12,18
060750353,5,10,15
060750354,9,4,13
060750401,4,20,24
060750402,7,14,21
060750426,11,21,32
060750427,6,12,18
060750428,8,38,46
060750451,13,37,50
060750452,16,21,37
060750476,10,8,18
060750477,6,14,20
060750478,18,30,48
060750479,15,28,43
060750601,10,20,30
060750602,28,71,99
060750603,3,0,3
060750604,3,3,6
060750605,0,2,2
060750607,37,89,126
060750609,0,4,4
060750610,4,4,8
060770001,1,5,6
060770003,2,2,4
060770004,12,22,34
060770007,1,1,2
060770008,0,1,1
060770009,1,2,3
060770010,1,5,6
060770011,3,8,11
060770012,6,10,16
060770013,27,71,98
060770014,2,6,8
060770015,1,0,1
060770019,1,0,1
060770020,1,0,1
060770022,1,0,1
060770024,1,0,1
060770031,91,128,219
060770032,35,34,69
060770033,17,11,28
060770034,67,52,119
060770035,12,24,36
060770036,2,0,2
060770037,0,2,2
060770038,101,36,137
060770040,15,12,27
060770041,11,17,28
060770042,13,10,23
060770043,58,57,115
060770044,0,1,1
060770045,0,1,1
060770046,5,3,8
060770047,4,5,9
060770048,3,0,3
060770049,2,0,2
060770050,18,21,39
060770051,47,20,67
060770052,39,30,69
060770053,16,25,41
060770054,12,7,19
060770055,2,2,4
060790100,1,4,5
060790101,10,6,16
060790102,10,12,22
060790103,3,5,8
060790104,7,20,27
060790105,7,19,26
060790106,5,11,16
060790107,14,18,32
060790108,5,8,13
060790109,10,23,33
060790110,23,67,90
060790111,23,42,65
060790112,27,77,104
060790113,7,14,21
060790114,2,3,5
060790115,18,24,42
060790116,10,26,36
060790117,24,38,62
060790118,23,30,53
060790119,12,9,21
060790120,3,0,3
060790121,5,3,8
060790122,2,3,5
060790123,21,42,63
060790124,10,6,16
060790125,15,32,47
060790126,7,7,14
060790127,38,86,124
060790128,0,4,4
060815117,1,3,4
060816001,5,11,16
060816002,1,1,2
060816003,1,4,5
060816004,5,2,7
060816005,2,2,4
060816007,0,5,5
060816008,4,4,8
060816009,4,5,9
060816010,2,2,4
060816011,5,2,7
060816012,3,16,19
060816013,0,3,3
060816014,31,58,89
060816015,17,21,38
060816016,26,15,41
060816017,1,1,2
060816018,8,7,15
060816019,28,64,92
060816020,3,4,7
060816022,7,1,8
060816023,6,39,45
060816024,3,1,4
060816025,7,5,12
060816026,3,4,7
060816027,7,6,13
060816028,4,4,8
060816029,1,3,4
060816030,4,4,8
060816031,0,4,4
060816032,5,5,10
060816033,2,4,6
060816034,3,8,11
060816036,2,5,7
060816037,0,4,4
060816038,7,12,19
060816039,1,1,2
060816040,2,0,2
060816041,7,9,16
060816042,0,1,1
060816043,1,0,1
060816044,2,7,9
060816045,1,6,7
060816046,2,1,3
060816047,2,10,12
060816048,3,1,4
060816049,8,12,20
060816050,50,121,171
060816051,9,12,21
060816052,8,25,33
060816053,11,20,31
060816054,8,7,15
060816055,6,15,21
060816056,40,60,100
060816057,26,72,98
060816058,8,16,24
060816059,11,32,43
060816060,1,1,2
060816061,0,2,2
060816062,4,4,8
060816063,51,89,140
060816064,14,20,34
060816065,9,20,29
060816066,3,8,11
060816067,6,11,17
060816068,4,16,20
060816069,4,20,24
060816070,7,13,20
060816071,6,7,13
060816072,11,30,41
060816073,0,8,8
060816074,7,8,15
060816075,8,8,16
060816076,2,4,6
060816077,0,2,2
060816078,1,1,2
060816079,3,7,10
060816080,26,53,79
060816081,4,6,10
060816082,12,11,23
060816083,7,4,11
060816084,2,3,5
060816085,2,6,8
060816086,4,2,6
060816087,7,14,21
060816088,9,15,24
060816089,13,18,31
060816090,2,5,7
060816091,0,3,3
060816092,12,21,33
060816093,4,10,14
060816094,4,4,8
060816095,9,12,21
060816096,25,50,75
060816097,13,15,28
060816098,32,36,68
060816099,5,5,10
060816100,6,13,19
060816101,1,3,4
060816102,75,119,194
060816103,40,37,77
060816104,1,6,7
060816105,1,0,1
060816106,6,15,21
060816107,3,5,8
060816108,1,1,2
060816109,2,5,7
060816110,7,14,21
060816111,16,31,47
060816112,4,4,8
060816113,10,13,23
060816114,18,26,44
060816115,16,29,45
060816116,13,27,40
060816117,1,2,3
060816118,0,2,2
060816119,4,4,8
060816120,1,0,1
060816121,5,17,22
060816122,13,28,41
060816124,6,16,22
060816125,18,45,63
060816126,44,121,165
060816127,12,28,40
060816128,15,37,52
060816129,28,52,80
060816130,17,54,71
060816132,44,108,152
060816133,10,23,33
060816134,15,41,56
060816135,10,11,21
060816136,3,8,11
060816137,16,19,35
060816138,4,12,16
060830001,47,73,120
060830002,20,24,44
060830003,52,148,200
060830004,20,33,53
060830005,19,39,58
060830006,14,22,36
060830007,6,27,33
060830008,8,7,15
060830009,43,69,112
060830010,5,8,13
060830011,3,1,4
060830012,9,20,29
060830013,14,38,52
060830014,15,41,56
060830015,9,24,33
060830016,8,6,14
060830017,6,13,19
060830018,0,1,1
060830019,32,29,61
060830020,36,35,71
060830021,23,25,48
060830022,30,47,77
060830023,3,0,3
060830024,2,7,9
060830025,1,0,1
060830026,6,2,8
060830027,21,19,40
060830028,18,14,32
060830029,31,52,83
060830030,46,81,127
060850001,0,1,1
060851210,0,1,1
060855001,1,1,2
060855002,4,6,10
060855003,1,2,3
060855004,2,4,6
060855005,28,39,67
060855006,3,9,12
060855008,3,4,7
060855009,6,5,11
060855010,4,1,5
060855011,3,1,4
060855012,10,22,32
060855013,9,3,12
060855014,2,2,4
060855015,1,0,1
060855016,3,1,4
060855017,2,0,2
060855018,1,0,1
060855019,14,18,32
060855020,51,60,111
060855021,116,148,264
060855022,7,13,20
060855023,4,9,13
060855024,7,8,15
060855025,8,8,16
060855026,16,18,34
060855027,69,132,201
060855028,1,3,4
060855029,23,29,52
060855030,4,1,5
060855031,13,15,28
060855032,13,6,19
060855033,123,76,199
060855034,0,1,1
060855035,3,0,3
060855036,2,3,5
060855037,78,53,131
060855038,7,2,9
060855040,4,1,5
060855041,3,0,3
060855042,5,5,10
060855043,37,41,78
060855044,31,20,51
060855045,49,17,66
060855046,10,19,29
060855047,1,1,2
060855048,8,10,18
060855049,7,8,15
060855050,24,23,47
060855051,1,2,3
060855052,5,12,17
060855053,5,10,15
060855054,78,98,176
060855055,10,2,12
060855056,2,0,2
060855057,3,5,8
060855058,10,7,17
060855059,4,9,13
060855060,1,5,6
060855061,14,17,31
060855062,21,20,41
060855063,10,17,27
060855064,10,13,23
060855065,26,23,49
060855066,13,14,27
060855067,43,42,85
060855068,79,109,188
060855069,20,27,47
060855070,46,68,114
060855071,5,30,35
060855072,25,67,92
060855073,31,64,95
060855074,29,27,56
060855075,19,32,51
060855076,14,26,40
060855077,40,39,79
060855078,24,23,47
060855079,27,14,41
060855080,22,23,45
060855081,22,25,47
060855082,84,64,148
060855083,21,18,39
060855084,32,21,53
060855085,25,16,41
060855086,20,18,38
060855087,6,13,19
060855088,0,2,2
060855089,0,2,2
060855090,0,2,2
060855091,129,131,260
060855092,16,18,34
060855093,19,18,37
060855094,11,30,41
060855095,6,12,18
060855096,22,21,43
060855097,3,2,5
060855098,22,33,55
060855099,58,103,161
060855100,51,58,109
060855101,18,22,40
060855102,11,21,32
060855103,21,49,70
060855104,27,18,45
060855105,17,29,46
060855106,17,32,49
060855107,17,26,43
060855108,31,49,80
060855109,10,31,41
060855110,12,38,50
060855111,24,61,85
060855112,20,63,83
060855113,43,144,187
060855114,18,40,58
060855115,49,132,181
060855116,291,1203,1494
060855117,78,195,273
060855118,4,7,11
060855119,63,83,146
060855120,165,176,341
060855121,2,4,6
060855122,5,2,7
060855123,21,31,52
060855124,12,20,32
060855125,33,18,51
060855126,16,4,20
060855127,0,1,1
060871001,4,1,5
060871002,35,25,60
060871003,11,7,18
060871004,5,2,7
060871005,12,8,20
060871006,7,5,12
060871007,8,5,13
060871008,10,12,22
060871009,8,9,17
060871010,6,4,10
060871011,4,11,15
060871012,5,7,12
060871101,0,1,1
060871102,6,3,9
060871103,6,2,8
060871104,3,0,3
060871105,19,19,38
060871106,6,19,25
060871107,3,0,3
060871202,2,4,6
060871203,2,2,4
060871204,4,3,7
060871205,6,10,16
060871206,0,6,6
060871207,1,2,3
060871208,16,17,33
060871209,15,15,30
060871210,2,5,7
060871211,7,6,13
060871212,17,26,43
060871213,21,88,109
060871214,3,2,5
060871215,5,4,9
060871216,6,5,11
060871217,12,6,18
060871218,6,12,18
060871220,35,52,87
060871221,2,1,3
060871222,26,46,72
060871223,8,9,17
060871224,5,15,20
060871231,4,1,5
060871233,1,0,1
060875118,1,1,2
060890002,0,2,2
060890101,23,34,57
060890102,2,6,8
060890103,13,12,25
060890104,2,5,7
060890105,46,65,111
060890106,43,69,112
060890107,9,11,20
060890108,11,9,20
060890109,12,15,27
060890110,7,10,17
060890111,0,7,7
060890112,9,6,15
060890113,3,1,4
060890114,14,14,28
060890115,6,5,11
060890116,1,0,1
060890117,3,0,3
060890118,4,9,13
060890119,2,9,11
060890121,1,1,2
060890122,1,0,1
060890123,5,3,8
060890124,8,15,23
060890126,4,7,11
060890127,4,1,5
060890401,0,1,1
060930003,1,3,4
060930004,1,0,1
060930005,1,1,2
060930007,17,15,32
060930008,4,4,8
060930009,4,6,10
060930010,19,19,38
060952501,7,9,16
060952502,0,2,2
060952503,3,0,3
060952505,1,1,2
060952506,16,6,22
060952507,1,2,3
060952508,6,5,11
060952509,2,0,2
060952510,1,4,5
060952512,1,1,2
060952513,3,3,6
060952514,5,6,11
060952515,3,3,6
060952516,1,2,3
060952517,2,1,3
060952518,3,14,17
060952519,81,107,188
060952520,7,12,19
060952521,32,35,67
060952522,34,38,72
060952523,64,65,129
060952524,3,6,9
060952525,5,15,20
060952526,34,17,51
060952527,7,5,12
060952528,33,45,78
060952529,58,62,120
060952530,1,2,3
060952531,35,27,62
060952532,23,42,65
060952533,1,2,3
060952534,7,6,13
060952535,1,2,3
060971330,0,1,1
060971501,2,7,9
060971502,25,48,73
060971503,9,13,22
060971505,18,16,34
060971506,40,43,83
060971507,11,24,35
060971508,9,2,11
060971509,9,4,13
060971510,6,4,10
060971511,4,8,12
060971512,8,8,16
060971513,25,13,38
060971514,2,3,5
060971515,50,47,97
060971516,14,23,37
060971517,12,19,31
060971518,47,55,102
060971519,4,1,5
060971520,15,57,72
060971521,74,63,137
060971522,22,31,53
060971523,25,39,64
060971524,53,113,166
060971525,5,8,13
060971526,25,33,58
060971527,15,18,33
060971528,21,18,39
060971529,5,5,10
060971530,16,22,38
060971531,1,0,1
060971532,8,1,9
060971533,4,3,7
060971534,35,37,72
060971535,8,13,21
060971536,13,15,28
060971537,17,11,28
060971538,8,18,26
060971539,32,25,57
060971540,4,7,11
060971541,8,3,11
060971542,5,3,8
060971543,18,16,34
060972019,0,1,1
060990001,6,7,13
060990002,17,3,20
060990003,3,1,4
060990004,7,19,26
060990005,70,78,148
060990006,0,7,7
060990008,15,16,31
060990009,85,110,195
060990010,88,79,167
060990011,11,33,44
060990012,4,16,20
060990013,52,50,102
060990014,4,8,12
060990016,2,0,2
060990017,2,0,2
060990018,3,3,6
060990019,5,7,12
060990020,14,25,39
060990021,1,0,1
060990026,5,0,5
060990027,0,3,3
060990028,8,8,16
060990029,6,2,8
060990030,5,1,6
060990032,5,0,5
060990033,2,1,3
060990035,1,1,2
060990036,17,17,34
060990038,0,1,1
060990039,61,38,99
061010501,26,38,64
061010502,27,24,51
061010503,6,6,12
061010504,11,3,14
061010505,17,12,29
061010506,26,15,41
061010507,2,5,7
061010508,0,1,1
061010510,3,2,5
061010511,0,1,1
061030001,0,1,1
061030002,2,1,3
061030003,1,2,3
061030004,5,3,8
061030005,6,12,18
061030006,4,3,7
061030007,18,10,28
061030010,3,2,5
061050001,5,2,7
061050002,2,0,2
061050003,2,1,3
061070001,8,4,12
061070002,1,0,1
061070003,2,1,3
061070004,5,1,6
061070005,8,0,8
061070007,6,0,6
061070008,3,3,6
061070010,63,70,133
061070011,5,1,6
061070012,22,22,44
061070013,6,7,13
061070014,5,10,15
061070015,5,8,13
061070016,1,1,2
061070017,13,19,32
061070018,3,4,7
061070019,10,18,28
061070020,30,30,60
061070023,25,22,47
061070024,1,3,4
061070025,0,1,1
061070026,5,3,8
061070027,3,4,7
061070028,1,0,1
061070029,4,0,4
061070033,1,2,3
061070034,8,2,10
061070035,14,2,16
061070036,6,2,8
061070037,2,2,4
061070038,34,21,55
061070039,5,1,6
061070040,1,0,1
061070041,0,1,1
061070042,0,1,1
061070043,2,1,3
061070045,1,0,1
061090011,7,6,13
061090012,20,29,49
061090021,4,7,11
061090022,11,15,26
061090031,3,6,9
061090032,2,1,3
061090041,8,7,15
061090042,4,0,4
061090051,5,5,10
061090052,0,2,2
061110003,4,1,5
061110004,4,2,6
061110006,8,0,8
061110007,5,3,8
061110008,8,4,12
061110009,31,30,61
061110010,6,7,13
061110011,7,6,13
061110012,15,10,25
061110013,4,2,6
061110014,9,9,18
061110015,21,25,46
061110016,3,9,12
061110017,12,22,34
061110018,8,18,26
061110019,96,121,217
061110020,16,16,32
061110021,7,10,17
061110022,1,4,5
061110023,0,2,2
061110024,7,8,15
061110025,15,29,44
061110026,1,2,3
061110027,5,8,13
061110028,6,7,13
061110029,11,7,18
061110030,17,18,35
061110031,5,2,7
061110032,2,1,3
061110033,10,19,29
061110034,13,5,18
061110035,1,2,3
061110036,12,27,39
061110038,2,0,2
061110039,3,0,3
061110041,3,0,3
061110043,4,4,8
061110044,1,2,3
061110045,1,1,2
061110046,0,1,1
061110047,1,2,3
061110049,33,57,90
061110050,1,1,2
061110051,11,13,24
061110052,40,84,124
061110053,34,53,87
061110054,12,3,15
061110055,15,23,38
061110056,9,4,13
061110057,0,1,1
061110058,16,30,46
061110059,69,117,186
061110060,1,4,5
061110061,16,25,41
061110062,9,16,25
061110063,14,16,30
061110064,5,5,10
061110065,1,1,2
061110066,30,73,103
061110067,5,4,9
061110068,6,5,11
061110069,9,5,14
061110070,12,11,23
061110071,5,3,8
061110072,11,16,27
061110073,2,11,13
061110074,27,65,92
061110075,47,67,114
061110076,29,25,54
061110077,1,3,4
061110078,7,7,14
061110079,7,16,23
061110080,4,4,8
061110081,1,5,6
061110082,0,1,1
061110083,4,11,15
061110084,3,5,8
061110085,37,26,63
061118004,1,0,1
061130101,6,10,16
061130102,8,11,19
061130103,16,18,34
061130104,0,1,1
061130105,150,185,335
061130106,88,145,233
061130107,31,82,113
061130108,1,0,1
061130109,2,3,5
061130110,30,23,53
061130111,3,5,8
061130112,18,21,39
061130113,9,6,15
061130114,2,1,3
061130115,2,1,3
061150401,5,14,19
061150402,1,0,1
061150403,3,0,3
061150405,2,0,2
061150406,1,0,1
061150407,1,2,3
061150408,1,0,1
061150409,1,5,6
061150410,5,10,15
061150411,5,3,8
080010070,2,1,3
080010073,22,75,97
080010078,1,1,2
080010079,1,1,2
080010080,1,0,1
080010081,112,391,503
080010082,4,0,4
080010083,1,2,3
080010085,89,46,135
080010086,12,1,13
080010087,3,1,4
080010089,0,2,2
080010090,3,2,5
080010091,2,0,2
080010092,22,31,53
080010093,63,55,118
080010094,28,27,55
080010095,3,0,3
080010096,8,3,11
080039816,19,18,37
080039817,1,0,1
080039818,1,2,3
080039819,1,2,3
080050039,2,0,2
080050049,14,49,63
080050053,0,1,1
080050055,1,0,1
080050056,174,227,401
080050057,8,49,57
080050058,2,1,3
080050059,41,94,135
080050060,0,3,3
080050061,2,10,12
080050062,2,1,3
080050064,1,0,1
080050065,4,5,9
080050066,4,3,7
080050067,92,233,325
080050068,100,251,351
080050069,2,5,7
080050070,278,384,662
080050071,14,16,30
080050072,1,2,3
080050073,1,0,1
080050074,2,2,4
080050076,11,15,26
080050077,7,7,14
080050082,1,0,1
080050084,1,0,1
080050120,3,3,6
080050140,3,0,3
080050141,0,4,4
080079404,1,0,1
080079742,6,8,14
080079743,4,0,4
080079744,2,0,2
080099847,5,0,5
080119867,2,2,4
080130019,1,0,1
080130020,6,8,14
080130098,0,1,1
080130121,69,95,164
080130122,73,122,195
080130123,5,2,7
080130124,3,13,16
080130125,78,81,159
080130126,15,19,34
080130127,47,58,105
080130128,7,13,20
080130129,53,58,111
080130130,35,41,76
080130131,48,45,93
080130132,47,81,128
080130133,53,55,108
080130134,3,1,4
080130135,1,1,2
080130136,5,15,20
080130137,16,33,49
080140085,42,28,70
080140094,1,0,1
080140098,0,1,1
080140131,28,17,45
080150001,7,2,9
080150002,4,11,15
080150003,5,5,10
080150004,9,6,15
080179906,2,0,2
080190147,8,6,14
080190149,1,2,3
080219746,1,0,1
080219747,3,2,5
080219748,2,0,2
080239826,0,1,1
080239827,1,0,1
080259896,2,0,2
080279801,4,3,7
080299646,6,2,8
080299647,5,2,7
080299648,10,5,15
080299649,5,1,6
080299650,4,4,8
080299651,3,2,5
080299652,9,7,16
080310001,4,9,13
080310002,5,3,8
080310003,34,23,57
080310004,17,18,35
080310005,10,15,25
080310006,1,29,30
080310007,15,39,54
080310008,4,6,10
080310009,1,2,3
080310010,0,1,1
080310011,9,6,15
080310014,2,3,5
080310016,4,7,11
080310017,17,54,71
080310018,40,86,126
080310019,1,1,2
080310020,5,23,28
080310021,7,10,17
080310023,4,13,17
080310024,14,23,37
080310026,14,18,32
080310027,19,46,65
080310028,37,55,92
080310029,28,27,55
080310030,35,118,153
080310031,110,224,334
080310032,41,95,136
080310033,17,31,48
080310034,40,92,132
080310036,8,3,11
080310037,43,107,150
080310038,28,78,106
080310039,37,108,145
080310040,40,85,125
080310041,143,232,375
080310042,54,67,121
080310043,239,423,662
080310044,65,152,217
080310045,4,0,4
080310046,1,1,2
080310048,4,3,7
080310049,10,20,30
080310050,18,25,43
080310051,7,25,32
080310052,9,8,17
080310053,6,20,26
080310054,4,2,6
080310055,4,5,9
080310067,1,5,6
080310068,47,91,138
080310069,11,11,22
080310070,48,39,87
080310079,3,3,6
080310083,8,6,14
080310106,0,1,1
080310117,1,1,2
080310119,10,1,11
080310120,12,15,27
080310140,0,1,1
080330001,1,1,2
080350139,38,61,99
080350140,24,37,61
080350141,159,271,430
080350142,8,8,16
080350143,0,1,1
080350144,14,14,28
080350145,25,13,38
080350146,6,4,10
080359912,4,0,4
080370001,2,10,12
080370002,1,0,1
080370003,9,9,18
080370004,17,40,57
080370005,7,24,31
080370006,1,1,2
080370007,24,52,76
080390139,0,1,1
080399911,2,0,2
080399912,3,5,8
080410001,21,63,84
080410002,2,12,14
080410003,4,9,13
080410004,4,5,9
080410005,3,5,8
080410006,1,5,6
080410007,3,5,8
080410008,1,2,3
080410009,8,8,16
080410010,15,66,81
080410011,1,12,13
080410013,5,7,12
080410014,3,1,4
080410015,12,13,25
080410016,3,11,14
080410017,2,4,6
080410018,4,36,40
080410019,1,9,10
080410020,2,2,4
080410021,20,70,90
080410022,5,11,16
080410023,11,25,36
080410024,2,6,8
080410025,16,47,63
080410027,8,14,22
080410028,0,1,1
080410029,2,9,11
080410031,17,71,88
080410033,63,98,161
080410034,2,9,11
080410037,74,92,166
080410038,6,10,16
080410039,23,38,61
080410040,4,1,5
080410042,2,0,2
080410043,1,1,2
080410044,11,5,16
080410045,10,7,17
080410046,1,0,1
080410047,23,8,31
080410048,3,4,7
080410049,9,5,14
080410051,29,20,49
080410052,1,4,5
080410053,0,1,1
080410055,2,0,2
080410057,8,12,20
080410059,8,5,13
080410060,3,0,3
080410063,1,1,2
080410066,2,2,4
080410067,5,9,14
080410068,5,9,14
080410069,9,6,15
080410070,15,15,30
080410071,20,36,56
080410072,17,52,69
080410073,13,20,33
080410074,15,31,46
080410075,7,21,28
080410076,5,8,13
080410077,8,10,18
080410078,4,3,7
080410079,9,23,32
080410080,1,1,2
080439781,1,1,2
080439782,2,1,3
080439783,8,5,13
080439784,2,4,6
080439785,7,3,10
080439786,6,2,8
080439788,2,2,4
080439790,0,3,3
080439791,1,1,2
080439792,0,1,1
080439801,1,0,1
080450003,2,0,2
080459516,3,5,8
080459517,27,32,59
080459518,8,23,31
080459519,2,3,5
080459520,6,2,8
080459521,1,5,6
080459639,0,1,1
080470098,1,1,2
080470138,1,3,4
080490001,1,1,2
080490002,14,9,23
080519636,2,4,6
080519637,8,5,13
080519638,5,7,12
080519639,1,1,2
080539731,3,2,5
080559806,2,2,4
080559807,5,3,8
080579556,2,0,2
080590056,0,1,1
080590098,183,295,478
080590099,10,2,12
080590100,1,12,13
080590101,0,6,6
080590102,28,14,42
080590103,15,13,28
080590104,4,6,10
080590105,63,95,158
080590106,17,10,27
080590107,2,5,7
080590108,8,13,21
080590109,0,9,9
080590110,3,6,9
080590111,8,10,18
080590112,30,6,36
080590113,1,0,1
080590114,4,5,9
080590115,1,6,7
080590116,3,1,4
080590117,71,68,139
080590118,12,14,26
080590119,13,6,19
080590120,145,122,267
080619901,1,0,1
080639921,6,0,6
080659617,2,1,3
080679402,1,6,7
080679403,1,1,2
080679706,2,4,6
080679707,29,72,101
080679708,10,31,41
080679709,17,11,28
080679710,5,14,19
080679711,25,41,66
080690001,2,5,7
080690002,5,5,10
080690003,3,0,3
080690004,4,8,12
080690005,3,0,3
080690006,6,2,8
080690007,4,3,7
080690008,45,54,99
080690009,14,23,37
080690010,32,46,78
080690011,35,25,60
080690013,25,29,54
080690016,65,138,203
080690017,42,61,103
080690018,21,21,42
080690019,5,9,14
080690020,12,19,31
080690023,4,4,8
080690024,3,8,11
080690025,15,33,48
080690026,4,6,10
080690027,1,1,2
080690028,22,26,48
080690132,1,0,1
080690136,3,1,4
080710002,4,2,6
080710003,0,2,2
080710004,1,0,1
080710005,9,5,14
080710006,1,0,1
080710007,0,1,1
080739917,4,0,4
080739918,1,1,2
080759960,1,0,1
080759961,6,3,9
080759962,0,2,2
080759963,9,6,15
080759964,1,0,1
080770002,0,2,2
080770003,22,21,43
080770004,16,32,48
080770005,26,68,94
080770006,9,10,19
080770007,5,7,12
080770008,3,1,4
080770009,2,4,6
080770010,66,48,114
080770011,2,3,5
080770012,3,3,6
080770013,3,1,4
080770015,9,10,19
080770016,18,24,42
080770017,11,5,16
080770018,4,1,5
080770019,0,2,2
080799731,0,1,1
080799736,1,0,1
080810002,0,1,1
080810003,1,1,2
080810004,4,3,7
080810005,6,5,11
080839410,2,0,2
080839690,3,3,6
080839691,2,6,8
080839692,1,1,2
080839693,9,6,15
080839694,6,4,10
080839696,2,5,7
080859661,1,0,1
080859662,1,4,5
080859663,26,18,44
080859664,6,8,14
080859665,10,19,29
080870001,1,1,2
080870004,7,2,9
080870005,6,1,7
080870006,5,2,7
080870007,5,0,5
080899876,0,1,1
080899877,0,2,2
080899878,14,8,22
080899879,2,0,2
080899880,2,1,3
080899882,1,0,1
080919676,9,13,22
080930001,2,0,2
080930002,1,0,1
080930004,3,2,5
080930005,2,3,5
080959976,1,1,2
080959977,2,0,2
080970001,7,25,32
080970002,0,2,2
080970003,2,0,2
080970004,21,33,54
080979518,0,1,1
080990002,1,0,1
080990003,2,0,2
080990004,4,4,8
080990005,1,0,1
081010001,2,8,10
081010002,0,1,1
081010003,0,1,1
081010004,5,19,24
081010005,21,47,68
081010006,0,7,7
081010007,4,7,11
081010009,12,21,33
081010010,0,1,1
081010011,2,0,2
081010015,2,1,3
081010016,3,11,14
081010017,1,4,5
081010019,6,0,6
081010020,0,1,1
081010023,46,30,76
081010024,1,2,3
081010025,1,1,2
081010026,1,0,1
081010027,4,0,4
081010028,21,37,58
081010029,51,62,113
081010030,11,16,27
081010031,5,4,9
081010032,3,0,3
081039511,5,1,6
081039512,5,0,5
081059766,0,1,1
081059767,2,3,5
081059769,6,3,9
081070001,1,2,3
081070003,1,1,2
081070004,1,1,2
081070005,13,21,34
081070006,6,18,24
081070007,16,20,36
081070008,2,0,2
081099776,4,2,6
081099777,1,0,1
081119726,0,1,1
081139681,5,11,16
081139682,2,1,3
081159983,2,1,3
081170001,7,13,20
081170002,4,11,15
081170003,15,17,32
081170004,13,24,37
081190034,1,0,1
081190037,1,0,1
081190101,20,18,38
081190102,1,0,1
081230001,2,3,5
081230004,48,62,110
081230005,1,2,3
081230006,1,0,1
081230007,1,2,3
081230008,1,1,2
081230009,0,1,1
081230010,1,0,1
081230011,3,1,4
081230012,18,14,32
081230013,2,1,3
081230014,51,74,125
081230015,3,2,5
081230017,0,1,1
081230019,3,0,3
081230020,16,10,26
081230021,12,4,16
081230022,9,10,19
081230023,1,1,2
081230025,3,1,4
081259931,5,3,8
081259932,3,0,3
090010101,19,43,62
090010102,14,34,48
090010103,33,66,99
090010104,12,23,35
090010105,10,21,31
090010106,16,28,44
090010107,2,8,10
090010108,6,6,12
090010109,5,14,19
090010110,12,19,31
090010111,10,18,28
090010112,3,6,9
090010113,4,3,7
090010201,55,51,106
090010202,10,21,31
090010203,20,28,48
090010204,8,19,27
090010205,10,18,28
090010206,9,12,21
090010207,13,1,14
090010208,5,6,11
090010209,3,2,5
090010210,8,5,13
090010211,4,5,9
090010212,10,13,23
090010213,3,6,9
090010214,28,22,50
090010215,7,14,21
090010216,51,70,121
090010217,8,11,19
090010218,6,15,21
090010219,1,2,3
090010221,2,1,3
090010222,3,1,4
090010223,4,5,9
090010224,3,4,7
090010301,3,4,7
090010302,7,8,15
090010303,9,8,17
090010304,10,12,22
090010305,8,10,18
090010351,22,24,46
090010352,2,6,8
090010353,3,14,17
090010354,8,15,23
090010425,7,7,14
090010426,2,3,5
090010427,18,13,31
090010428,1,6,7
090010429,2,4,6
090010430,1,3,4
090010431,1,3,4
090010432,4,1,5
090010433,0,3,3
090010434,4,2,6
090010435,1,1,2
090010436,11,31,42
090010437,14,46,60
090010438,59,44,103
090010439,2,0,2
090010440,10,9,19
090010441,0,1,1
090010442,4,2,6
090010443,4,5,9
090010444,2,3,5
090010446,3,9,12
090010451,15,24,39
090010452,11,9,20
090010453,3,10,13
090010454,10,2,12
090010501,12,26,38
090010502,19,32,51
090010503,17,48,65
090010504,4,26,30
090010505,9,27,36
090010506,6,22,28
090010551,16,44,60
090010552,13,28,41
090010601,7,16,23
090010602,8,10,18
090010603,10,21,31
090010604,12,29,41
090010605,10,10,20
090010606,10,16,26
090010607,7,23,30
090010608,1,2,3
090010609,4,2,6
090010610,18,11,29
090010611,6,9,15
090010612,1,2,3
090010613,1,4,5
090010614,3,26,29
090010615,22,50,72
090010616,12,23,35
090010701,1,6,7
090010703,1,0,1
090010706,0,3,3
090010709,2,1,3
090010711,6,3,9
090010712,1,0,1
090010713,0,1,1
090010718,54,63,117
090010719,0,4,4
090010720,1,2,3
090010721,3,11,14
090010722,2,0,2
090010723,4,9,13
090010724,15,7,22
090010725,10,11,21
090010726,19,24,43
090010727,0,3,3
090010728,1,1,2
090010729,1,1,2
090010730,1,0,1
090010731,2,2,4
090010733,2,1,3
090010737,67,52,119
090010738,3,1,4
090010739,1,0,1
090010740,0,1,1
090010743,2,1,3
090010801,1,1,2
090010802,3,1,4
090010804,3,0,3
090010805,3,9,12
090010806,3,1,4
090010807,6,6,12
090010808,6,13,19
090010809,3,5,8
090010810,1,0,1
090010811,1,1,2
090010812,6,2,8
090010813,8,15,23
090010901,12,13,25
090010902,9,15,24
090010903,10,6,16
090010904,10,19,29
090010905,20,27,47
090010906,3,6,9
090010907,18,22,40
090011001,5,3,8
090011002,6,5,11
090011003,2,3,5
090011051,18,32,50
090011052,10,26,36
090011101,0,1,1
090011102,2,10,12
090011103,32,34,66
090011104,2,1,3
090011105,1,7,8
090011106,3,5,8
090012001,4,1,5
090012002,6,1,7
090012003,1,4,5
090012051,1,5,6
090012052,14,14,28
090012053,18,13,31
090012101,10,1,11
090012102,6,22,28
090012103,109,125,234
090012104,13,16,29
090012105,4,14,18
090012106,3,7,10
090012107,1,6,7
090012108,3,12,15
090012109,4,5,9
090012110,1,6,7
090012112,3,9,12
090012113,1,2,3
090012114,4,4,8
090012201,1,3,4
090012202,4,4,8
090012203,7,5,12
090012301,8,23,31
090012302,4,7,11
090012303,6,21,27
090012304,3,12,15
090012305,9,21,30
090012401,9,21,30
090012402,3,14,17
090012451,6,10,16
090012452,5,20,25
090012453,20,18,38
090012454,6,6,12
090012455,2,7,9
090012456,9,32,41
090012571,2,5,7
090033301,0,2,2
090034001,11,7,18
090034002,8,4,12
090034003,7,5,12
090034051,10,23,33
090034052,1,0,1
090034054,3,1,4
090034056,5,0,5
090034057,3,0,3
090034058,4,7,11
090034059,2,3,5
090034060,8,10,18
090034061,9,22,31
090034101,8,13,21
090034155,0,1,1
090034156,17,7,24
090034157,15,42,57
090034158,3,30,33
090034162,0,1,1
090034164,6,8,14
090034165,6,2,8
090034166,1,1,2
090034167,6,8,14
090034168,1,1,2
090034171,5,15,20
090034174,8,18,26
090034175,3,6,9
090034204,7,1,8
090034205,2,3,5
090034206,8,5,13
090034207,1,1,2
090034301,13,15,28
090034302,14,11,25
090034303,6,5,11
090034304,3,4,7
090034305,6,3,9
090034306,8,8,16
090034601,172,218,390
090034602,72,159,231
090034603,21,26,47
090034621,27,88,115
090034622,36,77,113
090034641,12,20,32
090034661,23,41,64
090034662,9,19,28
090034663,9,15,24
090034664,3,13,16
090034681,4,14,18
090034701,5,4,9
090034711,1,0,1
090034712,2,4,6
090034713,41,50,91
090034714,15,22,37
090034715,2,6,8
090034731,1,3,4
090034734,3,3,6
090034735,19,14,33
090034736,9,3,12
090034737,1,0,1
090034761,0,1,1
090034763,3,4,7
090034771,20,14,34
090034772,1,4,5
090034802,4,2,6
090034804,6,4,10
090034805,1,3,4
090034806,5,3,8
090034808,18,24,42
090034809,0,1,1
090034810,1,0,1
090034812,0,1,1
090034841,3,1,4
090034842,0,1,1
090034871,17,17,34
090034872,10,12,22
090034873,2,0,2
090034874,2,2,4
090034875,9,15,24
090034901,4,3,7
090034903,25,18,43
090034921,5,3,8
090034922,4,4,8
090034923,5,5,10
090034924,3,1,4
090034925,1,9,10
090034926,7,12,19
090034941,4,6,10
090034942,5,8,13
090034943,0,2,2
090034944,6,2,8
090034945,1,5,6
090034946,19,14,33
090034961,3,1,4
090034962,3,10,13
090034963,19,11,30
090034964,14,22,36
090034965,19,27,46
090034966,12,29,41
090034967,14,11,25
090034968,4,11,15
090034969,17,45,62
090034970,11,30,41
090034971,21,42,63
090034972,8,33,41
090034973,25,37,62
090034974,27,36,63
090034975,17,26,43
090034976,16,19,35
090034977,41,79,120
090035002,11,65,76
090035003,39,177,216
090035005,1,3,4
090035007,1,4,5
090035015,0,5,5
090035018,3,1,4
090035021,24,17,41
090035023,2,1,3
090035024,1,1,2
090035025,1,4,5
090035026,0,1,1
090035027,1,0,1
090035029,10,16,26
090035030,2,2,4
090035031,17,30,47
090035032,7,27,34
090035033,8,48,56
090035034,34,51,85
090035035,1,1,2
090035036,19,13,32
090035037,1,0,1
090035040,5,11,16
090035042,10,5,15
090035044,2,9,11
090035047,1,2,3
090035048,1,1,2
090035049,1,30,31
090035101,1,0,1
090035102,13,16,29
090035103,2,1,3
090035104,4,1,5
090035105,1,0,1
090035106,1,2,3
090035107,0,1,1
090035108,3,1,4
090035111,1,1,2
090035113,1,2,3
090035114,1,0,1
090035141,14,22,36
090035142,9,3,12
090035143,3,4,7
090035144,14,31,45
090035145,1,2,3
090035146,5,2,7
090035147,11,11,22
090035148,2,0,2
090035149,3,6,9
090035150,8,7,15
090035151,8,7,15
090035152,3,6,9
090035201,12,16,28
090035202,19,70,89
090035203,35,48,83
090035204,15,36,51
090035205,10,21,31
090035241,11,9,20
090052501,5,7,12
090052531,11,9,20
090052532,9,10,19
090052533,3,4,7
090052534,4,5,9
090052535,9,4,13
090052536,2,3,5
090052602,2,0,2
090052611,9,12,21
090052621,18,26,44
090052622,0,2,2
090052632,1,2,3
090052651,2,5,7
090052661,6,6,12
090052671,3,14,17
090052681,2,6,8
090052901,2,4,6
090052931,2,2,4
090052961,7,8,15
090052983,0,2,2
090052984,2,3,5
090053001,9,9,18
090053004,7,4,11
090053005,3,12,15
090053031,2,3,5
090053061,2,3,5
090053081,1,4,5
090053101,4,17,21
090053102,0,1,1
090053105,2,2,4
090053106,6,8,14
090053107,3,3,6
090053108,15,30,45
090053201,8,3,11
090053202,2,2,4
090053421,3,3,6
090053491,1,0,1
090053492,2,0,2
090053601,8,5,13
090053602,3,5,8
090053604,1,3,4
090053621,18,26,44
090054253,0,1,1
090054254,3,0,3
090054255,0,1,1
090075411,3,2,5
090075412,3,4,7
090075413,5,4,9
090075414,18,41,59
090075415,1,1,2
090075416,0,3,3
090075417,27,40,67
090075418,0,1,1
090075419,28,54,82
090075420,2,4,6
090075421,1,3,4
090075422,2,3,5
090075501,2,0,2
090075502,3,0,3
090075601,6,8,14
090075602,3,1,4
090075701,4,4,8
090075702,5,4,9
090075703,9,9,18
090075801,4,9,13
090075851,12,15,27
090075901,13,16,29
090075951,5,6,11
090076001,4,6,10
090076101,3,5,8
090076102,5,2,7
090076103,2,5,7
090076104,1,1,2
090076201,1,3,4
090076301,13,36,49
090076401,5,20,25
090076701,3,5,8
090076702,7,19,26
090076801,10,4,14
090091201,5,7,12
090091202,25,37,62
090091251,0,1,1
090091252,4,2,6
090091253,9,7,16
090091254,1,0,1
090091301,4,2,6
090091302,2,4,6
090091401,20,109,129
090091402,4,13,17
090091403,67,237,304
090091404,5,8,13
090091405,2,0,2
090091406,3,23,26
090091407,28,51,79
090091408,95,139,234
090091409,3,5,8
090091410,28,50,78
090091411,13,22,35
090091412,7,3,10
090091413,13,13,26
090091414,3,3,6
090091416,5,8,13
090091417,251,577,828
090091418,6,15,21
090091419,8,26,34
090091420,7,21,28
090091421,2,2,4
090091422,2,7,9
090091423,5,3,8
090091425,3,5,8
090091426,5,9,14
090091427,2,5,7
090091428,8,12,20
090091501,16,34,50
090091502,6,10,16
090091503,2,2,4
090091504,0,7,7
090091505,1,8,9
090091506,3,7,10
090091507,11,5,16
090091508,1,6,7
090091509,14,15,29
090091510,7,10,17
090091511,7,8,15
090091512,2,2,4
090091541,4,7,11
090091542,1,4,5
090091543,8,31,39
090091544,2,2,4
090091545,6,4,10
090091546,6,4,10
090091547,2,5,7
090091548,2,1,3
090091549,3,2,5
090091550,1,2,3
090091551,0,4,4
090091571,13,21,34
090091572,10,13,23
090091573,7,19,26
090091574,15,29,44
090091601,32,74,106
090091602,45,119,164
090091611,11,38,49
090091651,3,19,22
090091652,19,41,60
090091653,17,47,64
090091654,19,40,59
090091655,5,0,5
090091656,2,4,6
090091657,0,2,2
090091658,11,25,36
090091659,12,28,40
090091660,53,93,146
090091671,20,51,71
090091672,6,14,20
090091673,7,12,19
090091701,5,1,6
090091703,0,1,1
090091704,1,0,1
090091705,1,3,4
090091706,1,0,1
090091707,1,2,3
090091708,0,1,1
090091709,0,1,1
090091710,1,1,2
090091711,7,16,23
090091712,9,10,19
090091713,2,0,2
090091714,10,2,12
090091716,3,24,27
090091717,1,5,6
090091751,11,16,27
090091752,8,0,8
090091753,2,1,3
090091754,3,7,10
090091755,3,8,11
090091756,2,5,7
090091757,0,1,1
090091758,15,18,33
090091759,1,1,2
090091760,4,11,15
090091801,6,14,20
090091802,1,0,1
090091803,4,2,6
090091805,2,2,4
090091806,1,5,6
090091841,15,25,40
090091842,4,8,12
090091843,15,15,30
090091844,7,19,26
090091845,2,4,6
090091846,8,23,31
090091847,21,14,35
090091861,7,13,20
090091862,1,4,5
090091901,17,22,39
090091902,18,44,62
090091903,45,114,159
090091941,17,47,64
090091942,39,98,137
090093411,2,3,5
090093431,29,33,62
090093432,9,15,24
090093433,26,32,58
090093434,11,30,41
090093441,19,36,55
090093442,11,13,24
090093451,2,2,4
090093452,5,2,7
090093453,4,2,6
090093454,7,2,9
090093461,12,16,28
090093471,3,5,8
090093472,4,0,4
090093481,36,62,98
090093501,65,47,112
090093505,0,3,3
090093508,2,1,3
090093509,3,2,5
090093510,2,2,4
090093512,0,2,2
090093513,1,0,1
090093514,1,0,1
090093516,9,21,30
090093518,24,57,81
090093519,4,2,6
090093520,28,55,83
090093521,0,2,2
090093522,1,0,1
090093523,0,2,2
090093524,1,0,1
090093526,3,1,4
090093527,5,2,7
090093528,1,1,2
090093611,2,3,5
090093612,1,1,2
090093613,1,0,1
090116501,5,5,10
090116601,16,30,46
090116901,0,1,1
090116902,1,2,3
090116903,2,1,3
090116905,4,2,6
090116907,8,15,23
090116908,21,51,72
090116909,8,9,17
090116933,4,20,24
090116934,3,7,10
090116935,8,12,20
090116936,2,3,5
090116937,1,8,9
090116951,1,5,6
090116952,6,2,8
090116962,8,22,30
090116963,23,16,39
090116964,0,1,1
090116965,15,36,51
090116966,10,15,25
090116967,2,1,3
090117001,0,3,3
090117011,1,7,8
090117012,10,7,17
090117021,5,1,6
090117022,5,8,13
090117023,4,1,5
090117024,2,1,3
090117026,1,4,5
090117027,4,10,14
090117028,2,2,4
090117029,4,11,15
090117030,10,19,29
090117031,3,4,7
090117051,8,7,15
090117052,13,21,34
090117053,8,23,31
090117054,3,5,8
090117071,5,7,12
090117091,0,2,2
090117092,0,1,1
090117101,3,3,6
090117121,0,10,10
090117131,0,1,1
090117141,10,5,15
090117151,3,7,10
090117161,25,40,65
090117162,15,16,31
090118701,1,0,1
090135143,0,1,1
090135152,0,2,2
090135261,7,5,12
090135281,3,0,3
090135291,8,8,16
090135302,4,5,9
090135303,11,20,31
090135304,3,6,9
090135305,4,3,7
090135306,3,6,9
090135331,14,18,32
090135351,6,7,13
090135352,6,6,12
090135382,12,18,30
090138401,3,2,5
090138501,3,2,5
090138502,4,3,7
090138601,4,1,5
090138811,10,13,23
090138812,3,4,7
090138813,3,0,3
090138815,14,14,28
090138901,2,3,5
090138902,5,1,6
090158003,12,34,46
090158005,4,0,4
090158006,2,2,4
090158007,1,2,3
090158150,0,2,2
090158200,0,1,1
090158250,2,0,2
090158301,2,0,2
090159001,2,4,6
090159002,2,1,3
090159011,11,6,17
090159022,1,2,3
090159025,9,13,22
090159031,9,10,19
090159032,10,11,21
090159044,4,0,4
090159045,6,1,7
090159051,2,2,4
090159061,2,0,2
090159071,0,1,1
090159072,1,1,2
090159073,3,1,4
090159081,0,1,1
100010401,2,0,2
100010402,19,6,25
100010405,1,0,1
100010406,1,4,5
100010407,15,23,38
100010408,1,2,3
100010409,1,3,4
100010410,0,2,2
100010411,3,1,4
100010412,3,9,12
100010413,17,29,46
100010414,11,21,32
100010415,8,3,11
100010416,5,10,15
100010417,12,13,25
100010418,13,30,43
100010419,0,3,3
100010421,1,6,7
100010422,15,9,24
100010425,2,1,3
100010426,1,1,2
100010428,1,0,1
100010429,0,1,1
100010430,1,0,1
100030001,13,39,52
100030002,4,7,11
100030003,0,1,1
100030004,10,13,23
100030005,0,2,2
100030006,1,3,4
100030010,18,18,36
100030011,13,24,37
100030012,4,15,19
100030013,15,34,49
100030014,23,22,45
100030015,3,3,6
100030016,0,4,4
100030017,1,0,1
100030019,3,5,8
100030021,1,0,1
100030023,1,0,1
100030024,17,11,28
100030025,1,2,3
100030026,4,3,7
100030101,4,2,6
100030102,1,0,1
100030103,1,2,3
100030104,5,2,7
100030105,7,4,11
100030107,6,1,7
100030108,20,18,38
100030109,7,9,16
100030110,8,6,14
100030111,5,5,10
100030112,37,47,84
100030113,8,4,12
100030114,26,18,44
100030115,2,5,7
100030116,16,21,37
100030117,44,136,180
100030118,22,44,66
100030119,25,61,86
100030120,1,1,2
100030121,2,6,8
100030122,1,4,5
100030123,2,0,2
100030125,1,0,1
100030126,2,1,3
100030127,0,1,1
100030129,1,2,3
100030130,1,0,1
100030131,10,14,24
100030132,0,2,2
100030133,2,1,3
100030134,0,1,1
100030135,64,98,162
100030136,88,80,168
100030137,6,5,11
100030138,88,233,321
100030139,19,20,39
100030140,3,17,20
100030141,0,1,1
100030142,0,2,2
100030143,4,7,11
100030144,14,14,28
100030145,7,16,23
100030147,4,12,16
100030148,38,40,78
100030149,13,14,27
100030150,3,12,15
100030151,4,1,5
100030152,2,20,22
100030156,1,0,1
100030158,1,1,2
100030159,0,1,1
100030161,0,1,1
100030162,1,2,3
100030163,8,8,16
100030164,12,2,14
100030166,22,13,35
100030168,4,7,11
100030169,1,0,1
100050425,3,7,10
100050426,8,5,13
100050501,12,29,41
100050502,1,0,1
100050503,4,2,6
100050504,40,42,82
100050505,12,4,16
100050506,4,2,6
100050507,3,3,6
100050508,13,18,31
100050509,19,53,72
100050510,30,60,90
100050511,3,7,10
100050512,4,9,13
100050513,7,5,12
100050514,2,0,2
100050515,1,0,1
100050517,1,5,6
100050518,6,2,8
100050519,2,2,4
110010001,14,39,53
110010002,93,334,427
110010003,29,44,73
110010004,4,23,27
110010005,18,45,63
110010006,10,35,45
110010007,20,55,75
110010008,60,115,175
110010009,31,86,117
110010010,41,91,132
110010011,16,42,58
110010012,8,35,43
110010013,38,81,119
110010014,24,41,65
110010015,22,40,62
110010016,23,49,72
110010017,62,124,186
110010018,6,36,42
110010019,7,10,17
110010020,8,13,21
110010021,7,8,15
110010022,2,5,7
110010023,280,594,874
110010024,2,2,4
110010025,8,6,14
110010026,6,26,32
110010027,8,28,36
110010028,14,7,21
110010029,8,21,29
110010030,2,8,10
110010031,2,0,2
110010032,2,1,3
110010033,10,16,26
110010034,21,31,52
110010035,136,159,295
110010036,5,4,9
110010037,14,12,26
110010038,10,10,20
110010039,9,8,17
110010040,14,26,40
110010041,9,26,35
110010042,10,36,46
110010043,4,11,15
110010044,12,12,24
110010046,1,1,2
110010047,8,19,27
110010048,11,18,29
110010049,6,12,18
110010050,9,24,33
110010051,14,24,38
110010052,28,39,67
110010053,19,41,60
110010054,73,119,192
110010055,52,82,134
110010056,49,196,245
110010057,64,258,322
110010058,16,36,52
110010059,5,20,25
110010060,4,7,11
110010061,3,2,5
110010062,58,61,119
110010063,6,12,18
110010064,10,1,11
110010065,6,10,16
110010066,9,15,24
110010067,2,8,10
110010068,6,12,18
110010069,2,3,5
110010070,9,13,22
110010071,6,5,11
110010072,6,2,8
110010073,23,19,42
110010074,3,3,6
110010075,4,3,7
110010076,10,3,13
110010077,2,0,2
110010078,1,2,3
110010079,2,2,4
110010080,8,11,19
110010081,6,7,13
110010082,5,5,10
110010083,6,15,21
110010084,11,10,21
110010085,2,1,3
110010086,18,10,28
110010087,4,5,9
110010088,3,2,5
110010090,3,7,10
110010091,13,3,16
110010092,4,3,7
110010093,9,5,14
110010094,4,5,9
110010095,67,76,143
110010096,5,3,8
110010098,7,21,28
110010099,4,2,6
110011034,3,0,3
110014616,0,1,1
110014901,1,0,1
120010002,20,13,33
120010003,2,20,22
120010004,0,2,2
120010005,10,15,25
120010006,0,1,1
120010007,4,3,7
120010008,32,44,76
120010009,143,497,640
120010010,14,35,49
120010011,29,55,84
120010012,31,35,66
120010014,1,1,2
120010015,43,89,132
120010016,30,73,103
120010017,65,146,211
120010018,72,103,175
120010019,4,4,8
120010020,3,3,6
120010021,4,5,9
120010022,220,536,756
120030401,10,6,16
120030402,0,2,2
120050002,2,4,6
120050003,1,3,4
120050005,2,1,3
120050007,4,1,5
120050008,3,6,9
120050009,2,3,5
120050010,1,0,1
120050012,2,14,16
120050013,8,14,22
120050014,21,15,36
120050015,34,56,90
120050016,16,54,70
120050017,0,2,2
120050019,6,21,27
120050020,4,11,15
120050022,3,8,11
120050023,0,2,2
120050025,8,19,27
120050026,9,28,37
120050027,13,17,30
120070001,6,0,6
120070002,3,5,8
120070003,3,4,7
120070004,1,1,2
120090601,2,3,5
120090602,7,13,20
120090603,3,1,4
120090604,13,17,30
120090605,1,2,3
120090606,1,1,2
120090607,11,5,16
120090608,2,5,7
120090609,8,6,14
120090610,6,6,12
120090611,5,4,9
120090612,6,9,15
120090621,10,9,19
120090622,2,4,6
120090623,2,0,2
120090627,3,5,8
120090628,19,58,77
120090629,1,3,4
120090630,4,1,5
120090631,50,56,106
120090641,61,88,149
120090642,6,9,15
120090643,6,2,8
120090644,1,0,1
120090645,5,8,13
120090646,10,18,28
120090647,36,139,175
120090648,5,33,38
120090649,9,9,18
120090650,11,7,18
120090651,18,15,33
120090652,26,12,38
120090661,20,37,57
120090662,16,9,25
120090663,27,54,81
120090664,6,10,16
120090665,3,10,13
120090666,2,2,4
120090667,12,14,26
120090668,0,4,4
120090669,13,20,33
120090671,3,3,6
120090681,11,21,32
120090682,10,16,26
120090683,7,8,15
120090684,3,2,5
120090685,1,3,4
120090686,2,7,9
120090691,4,1,5
120090692,0,2,2
120090693,5,9,14
120090694,15,26,41
120090695,6,5,11
120090696,4,16,20
120090697,7,5,12
120090698,4,12,16
120090699,11,28,39
120090711,3,8,11
120090712,24,30,54
120090713,26,17,43
120110101,16,21,37
120110102,3,6,9
120110103,15,19,34
120110104,11,20,31
120110105,49,86,135
120110106,83,92,175
120110107,3,23,26
120110108,0,4,4
120110109,10,18,28
120110110,4,4,8
120110201,12,15,27
120110202,25,29,54
120110203,112,151,263
120110204,33,76,109
120110205,1,0,1
120110301,21,26,47
120110302,1,1,2
120110303,2,8,10
120110304,2,0,2
120110305,5,2,7
120110306,2,3,5
120110307,10,16,26
120110308,10,13,23
120110309,9,14,23
120110310,13,16,29
120110311,24,15,39
120110312,30,35,65
120110401,12,21,33
120110402,29,80,109
120110403,42,107,149
120110404,27,63,90
120110405,37,72,109
120110406,27,47,74
120110407,5,13,18
120110408,1,2,3
120110409,1,0,1
120110410,0,1,1
120110412,1,2,3
120110413,1,0,1
120110414,0,1,1
120110416,8,1,9
120110417,2,1,3
120110418,9,16,25
120110419,13,35,48
120110420,5,28,33
120110421,3,12,15
120110422,7,16,23
120110423,36,73,109
120110424,3,7,10
120110425,15,38,53
120110426,4,8,12
120110427,3,2,5
120110428,0,1,1
120110429,1,0,1
120110430,2,2,4
120110431,4,5,9
120110432,0,2,2
120110433,12,14,26
120110501,7,20,27
120110502,27,66,93
120110503,25,31,56
120110504,3,3,6
120110505,5,8,13
120110506,9,33,42
120110507,2,3,5
120110508,6,5,11
120110509,8,6,14
120110510,8,13,21
120110601,99,196,295
120110602,12,10,22
120110603,1,5,6
120110604,1,3,4
120110605,40,36,76
120110606,77,114,191
120110607,2,3,5
120110608,12,21,33
120110609,9,14,23
120110610,66,106,172
120110701,4,1,5
120110702,49,90,139
120110703,256,426,682
120110704,24,26,50
120110705,27,24,51
120110706,7,8,15
120110801,6,9,15
120110802,1,0,1
120110803,1,2,3
120110804,21,60,81
120110805,1,0,1
120110901,21,34,55
120110902,9,19,28
120110903,4,9,13
120110904,4,8,12
120110905,47,88,135
120110906,3,3,6
120110907,19,29,48
120110908,26,35,61
120110909,34,109,143
120110910,9,15,24
120110911,5,3,8
120110912,1,0,1
120110913,0,1,1
120110914,1,2,3
120110915,0,1,1
120110916,12,27,39
120110917,5,24,29
120110918,1,8,9
120110919,12,9,21
120110920,12,29,41
120111001,26,56,82
120111002,1,12,13
120111003,7,7,14
120111004,2,0,2
120111005,1,0,1
120111006,0,3,3
120111008,4,2,6
120111101,2,1,3
120111103,305,326,631
120111104,5,2,7
120111105,2,1,3
120130003,1,0,1
120139902,1,0,1
120139903,4,2,6
120150026,1,4,5
120150101,3,5,8
120150102,3,3,6
120150103,29,49,78
120150104,35,53,88
120150105,1,3,4
120150201,9,10,19
120150202,3,2,5
120150203,19,24,43
120150204,7,5,12
120150205,8,21,29
120150206,6,11,17
120150207,28,60,88
120150208,3,2,5
120150209,8,5,13
120150210,3,28,31
120150301,0,3,3
120150303,6,9,15
120150304,3,5,8
120150305,3,6,9
120179801,10,9,19
120179802,5,7,12
120179803,24,58,82
120179805,21,19,40
120179806,6,9,15
120179807,32,51,83
120179808,0,1,1
120179809,7,10,17
120179810,12,16,28
120179812,1,1,2
120179813,1,1,2
120179814,12,23,35
120179815,3,4,7
120179816,7,7,14
120179817,2,7,9
120190301,3,0,3
120190302,14,15,29
120190303,16,12,28
120190304,10,49,59
120190305,29,19,48
120190306,16,14,30
120190307,70,72,142
120190308,20,13,33
120190309,5,7,12
120190311,4,2,6
120190312,9,11,20
120190313,8,6,14
120190314,3,8,11
120190315,1,0,1
120210001,35,71,106
120210002,6,22,28
120210003,20,58,78
120210004,18,41,59
120210005,3,19,22
120210006,2,7,9
120210007,0,6,6
120210101,59,96,155
120210102,117,266,383
120210103,4,15,19
120210104,95,164,259
120210105,12,25,37
120210106,11,13,24
120210107,6,7,13
120210108,12,17,29
120210109,18,43,61
120210110,17,21,38
120210111,10,17,27
120210112,23,39,62
120210113,1,0,1
120210114,2,1,3
120210505,0,1,1
120230018,0,1,1
120239706,3,2,5
120239902,13,12,25
120239903,0,1,1
120239904,9,6,15
120239905,23,40,63
120239906,3,1,4
120239907,4,9,13
120239908,1,1,2
120239909,3,4,7
120279801,3,0,3
120279802,10,6,16
120279804,4,9,13
120299801,3,3,6
120299802,2,0,2
120310002,1,0,1
120310006,6,18,24
120310007,12,27,39
120310008,52,190,242
120310010,0,1,1
120310012,6,7,13
120310013,1,1,2
120310014,2,1,3
120310015,0,8,8
120310016,97,200,297
120310017,1,2,3
120310018,8,24,32
120310019,18,40,58
120310020,48,95,143
120310021,16,30,46
120310022,15,14,29
120310023,3,5,8
120310024,6,18,24
120310025,2,3,5
120310026,1,0,1
120310029,1,1,2
120310101,4,16,20
120310102,3,4,7
120310103,12,1,13
120310104,2,0,2
120310105,3,1,4
120310106,1,0,1
120310109,3,0,3
120310110,1,0,1
120310111,8,1,9
120310112,1,0,1
120310113,1,0,1
120310115,3,0,3
120310116,2,1,3
120310117,1,0,1
120310118,3,0,3
120310119,3,3,6
120310120,3,0,3
120310121,2,1,3
120310122,1,1,2
120310123,1,2,3
120310124,3,1,4
120310125,2,1,3
120310126,3,1,4
120310127,4,1,5
120310128,1,2,3
120310130,12,28,40
120310131,5,8,13
120310132,40,24,64
120310133,1,1,2
120310134,5,5,10
120310135,12,8,20
120310137,11,6,17
120310139,21,52,73
120310140,9,14,23
120310141,14,15,29
120310142,39,83,122
120310143,71,103,174
120310144,285,549,834
120310145,2,2,4
120310146,13,9,22
120310147,7,6,13
120310148,4,3,7
120310149,12,2,14
120310150,6,3,9
120310153,3,3,6
120310154,4,1,5
120310156,10,14,24
120310157,14,9,23
120310158,7,17,24
120310159,75,97,172
120310160,22,99,121
120310161,12,46,58
120310162,0,5,5
120310163,1,3,4
120310164,11,20,31
120310165,18,42,60
120310166,24,25,49
120310167,60,56,116
120310168,60,64,124
120310207,0,1,1
120330001,1,11,12
120330004,1,0,1
120330005,7,9,16
120330006,3,0,3
120330008,8,24,32
120330009,3,11,14
120330010,27,38,65
120330011,32,49,81
120330012,84,136,220
120330013,15,38,53
120330014,4,3,7
120330015,1,4,5
120330016,2,0,2
120330018,11,75,86
120330019,1,1,2
120330021,0,2,2
120330022,0,1,1
120330023,8,10,18
120330024,9,39,48
120330025,6,12,18
120330026,29,48,77
120330027,10,8,18
120330028,27,27,54
120330029,1,0,1
120330030,2,0,2
120330031,1,0,1
120330032,12,14,26
120330033,3,6,9
120330034,2,0,2
120330035,34,100,134
120330036,46,36,82
120330037,2,0,2
120330039,1,1,2
120330040,3,0,3
120350601,17,25,42
120350602,36,32,68
120350603,19,51,70
120350801,1,0,1
120379701,1,4,5
120379702,1,0,1
120379703,8,3,11
120390201,2,0,2
120390203,0,1,1
120390204,8,19,27
120390205,8,1,9
120390207,5,0,5
120390208,1,0,1
120419501,1,1,2
120419502,3,0,3
120430002,2,0,2
120430003,2,4,6
120459601,3,0,3
120459602,8,1,9
120459603,3,1,4
120479801,4,0,4
120479802,0,1,1
120499701,2,0,2
120499702,1,1,2
120499704,6,2,8
120510001,14,3,17
120510002,1,1,2
120510003,2,0,2
120510004,7,2,9
120530401,1,3,4
120530402,4,7,11
120530403,4,9,13
120530405,12,12,24
120530406,8,7,15
120530407,13,7,20
120530408,12,26,38
120530409,40,44,84
120530410,8,26,34
120530411,2,4,6
120530412,14,2,16
120530413,8,5,13
120530414,6,3,9
120530415,14,12,26
120530416,1,3,4
120559601,4,4,8
120559602,2,4,6
120559603,4,3,7
120559604,2,4,6
120559605,32,32,64
120559606,4,6,10
120559607,2,3,5
120559608,2,8,10
120559609,1,0,1
120559610,1,1,2
120559611,4,5,9
120559612,6,24,30
120559613,11,29,40
120559614,3,2,5
120559616,6,3,9
120559617,1,2,3
120570001,1,19,20
120570002,2,4,6
120570003,1,2,3
120570004,7,1,8
120570005,0,2,2
120570006,0,1,1
120570008,2,0,2
120570009,3,1,4
120570010,1,2,3
120570011,1,5,6
120570012,3,2,5
120570013,1,3,4
120570014,0,5,5
120570015,1,1,2
120570016,1,3,4
120570017,1,4,5
120570018,2,0,2
120570019,1,1,2
120570021,1,1,2
120570022,1,3,4
120570023,5,5,10
120570024,3,14,17
120570025,22,110,132
120570027,46,49,95
120570028,2,21,23
120570029,3,1,4
120570030,1,1,2
120570031,1,0,1
120570032,1,1,2
120570036,0,1,1
120570037,2,0,2
120570039,3,7,10
120570041,0,2,2
120570042,0,1,1
120570044,0,4,4
120570045,3,0,3
120570046,16,41,57
120570047,4,1,5
120570048,3,3,6
120570049,18,24,42
120570050,4,6,10
120570051,44,170,214
120570053,7,12,19
120570054,50,105,155
120570055,8,42,50
120570057,27,81,108
120570058,15,35,50
120570059,30,69,99
120570060,13,43,56
120570061,66,144,210
120570062,5,23,28
120570063,13,17,30
120570064,5,21,26
120570065,11,12,23
120570066,5,8,13
120570067,13,43,56
120570068,14,21,35
120570069,7,8,15
120570070,1,2,3
120570071,3,9,12
120570072,1,3,4
120570073,5,4,9
120570101,3,7,10
120570102,87,140,227
120570103,15,15,30
120570104,3,5,8
120570105,3,2,5
120570106,7,7,14
120570107,22,25,47
120570108,71,229,300
120570109,39,142,181
120570110,108,256,364
120570111,43,47,90
120570112,17,26,43
120570113,41,81,122
120570114,58,96,154
120570115,157,207,364
120570116,43,46,89
120570117,28,66,94
120570118,9,8,17
120570119,25,32,57
120570121,4,9,13
120570122,20,18,38
120570123,11,9,20
120570124,1,0,1
120570125,22,19,41
120570126,5,0,5
120570127,17,15,32
120570128,1,0,1
120570130,8,5,13
120570132,29,26,55
120570133,96,137,233
120570134,39,47,86
120570135,3,2,5
120570136,1,2,3
120570137,8,11,19
120570138,4,6,10
120570139,51,36,87
120570140,41,39,80
120570141,21,30,51
120570316,0,1,1
120599504,0,1,1
120599602,1,0,1
120599604,8,4,12
120610501,1,10,11
120610502,10,17,27
120610503,44,115,159
120610504,2,26,28
120610505,38,99,137
120610506,9,7,16
120610507,12,26,38
120610508,41,39,80
120610509,6,6,12
120639803,4,1,5
120639804,1,0,1
120639805,10,5,15
120639806,1,2,3
120639807,11,10,21
120639808,3,0,3
120639809,1,0,1
120639810,2,0,2
120639811,0,1,1
120659801,5,3,8
120659802,0,1,1
120679602,3,0,3
120690124,1,0,1
120690171,1,1,2
120690301,7,4,11
120690302,49,52,101
120690303,12,23,35
120690304,21,25,46
120690305,9,24,33
120690306,23,27,50
120690307,31,39,70
120690308,15,39,54
120690309,29,43,72
120690310,5,7,12
120690311,18,25,43
120690312,6,16,22
120690313,72,53,125
120699908,1,0,1
120710002,0,1,1
120710003,6,2,8
120710004,1,0,1
120710005,0,1,1
120710006,0,1,1
120710007,8,12,20
120710008,4,21,25
120710009,6,24,30
120710010,16,9,25
120710011,15,81,96
120710012,32,57,89
120710013,11,16,27
120710014,24,62,86
120710015,8,34,42
120710016,15,20,35
120710017,40,66,106
120710018,15,38,53
120710019,100,164,264
120710101,8,9,17
120710102,3,7,10
120710103,40,47,87
120710104,43,34,77
120710105,2,3,5
120710106,8,5,13
120710107,11,17,28
120710108,3,19,22
120710201,6,3,9
120710202,0,2,2
120710203,0,1,1
120710204,1,3,4
120710206,2,2,4
120710207,2,3,5
120710208,0,1,1
120710301,1,1,2
120710302,9,6,15
120710303,0,2,2
120710401,55,89,144
120710402,5,1,6
120710403,17,8,25
120710501,21,38,59
120710502,12,13,25
120710503,51,110,161
120710504,5,5,10
120710505,2,5,7
120710506,12,17,29
120710601,1,2,3
120710602,2,9,11
120710603,1,2,3
120710701,7,5,12
120710702,5,2,7
120710801,0,2,2
120710802,13,63,76
120710901,5,11,16
120730002,28,14,42
120730003,4,3,7
120730004,1,2,3
120730006,1,1,2
120730007,1,0,1
120730008,6,7,13
120730009,105,120,225
120730011,3,1,4
120730013,8,8,16
120730014,1,0,1
120730015,4,1,5
120730016,9,6,15
120730017,28,65,93
120730018,1,1,2
120730019,1,2,3
120730020,15,7,22
120730021,1,3,4
120730022,7,6,13
120730023,3,9,12
120730024,89,96,185
120730025,68,106,174
120730026,8,22,30
120759702,3,2,5
120759703,2,0,2
120759704,1,5,6
120759705,2,0,2
120759706,5,1,6
120759707,0,5,5
120799901,1,0,1
120799902,1,0,1
120799903,5,3,8
120810001,10,36,46
120810002,2,0,2
120810003,12,12,24
120810004,37,96,133
120810005,6,15,21
120810006,2,1,3
120810007,21,33,54
120810008,49,55,104
120810009,0,4,4
120810010,1,2,3
120810011,29,31,60
120810012,35,67,102
120810013,10,5,15
120810014,3,10,13
120810015,2,6,8
120810016,1,2,3
120810017,10,18,28
120810018,11,13,24
120810019,21,20,41
120810020,109,142,251
120819803,0,1,1
120830001,1,3,4
120830002,1,3,4
120830003,2,4,6
120830004,0,2,2
120830005,2,0,2
120830006,1,1,2
120830007,3,9,12
120830008,11,16,27
120830009,5,7,12
120830010,19,16,35
120830011,18,6,24
120830012,4,3,7
120830014,0,1,1
120830016,4,5,9
120830017,1,0,1
120830018,1,4,5
120830019,20,77,97
120830020,4,5,9
120830021,17,18,35
120830022,18,6,24
120830023,49,61,110
120830024,51,135,186
120830025,16,19,35
120830026,14,14,28
120830027,11,7,18
120850001,10,18,28
120850002,5,8,13
120850003,20,13,33
120850004,10,11,21
120850005,12,30,42
120850006,44,80,124
120850007,2,8,10
120850008,18,42,60
120850009,17,46,63
120850010,14,20,34
120850011,11,20,31
120850012,1,0,1
120850013,8,13,21
120850014,12,15,27
120850015,5,5,10
120850016,4,18,22
120850017,14,11,25
120850018,1,2,3
120850019,0,2,2
120860001,167,371,538
120860002,73,72,145
120860003,19,28,47
120860004,6,3,9
120860005,3,3,6
120860006,60,48,108
120860007,61,36,97
120860008,14,8,22
120860009,3,1,4
120860010,8,26,34
120860011,28,28,56
120860012,34,68,102
120860013,12,25,37
120860014,3,0,3
120860015,1,0,1
120860016,5,11,16
120860017,0,1,1
120860018,1,2,3
120860019,2,1,3
120860020,5,0,5
120860021,21,38,59
120860022,12,8,20
120860023,1,2,3
120860024,2,5,7
120860025,1,4,5
120860026,0,1,1
120860027,51,97,148
120860028,0,1,1
120860029,1,0,1
120860030,222,615,837
120860034,2,2,4
120860036,37,148,185
120860037,9,46,55
120860038,41,102,143
120860039,95,183,278
120860040,96,228,324
120860041,46,99,145
120860042,36,98,134
120860043,14,38,52
120860044,15,40,55
120860045,15,52,67
120860046,31,102,133
120860047,19,24,43
120860048,1,1,2
120860049,14,18,32
120860050,4,4,8
120860051,8,9,17
120860052,5,3,8
120860053,16,9,25
120860054,15,19,34
120860055,30,24,54
120860056,11,33,44
120860057,23,17,40
120860058,19,19,38
120860059,25,27,52
120860060,103,114,217
120860061,72,110,182
120860062,60,112,172
120860063,25,26,51
120860064,17,14,31
120860065,20,18,38
120860066,22,26,48
120860067,101,246,347
120860068,60,161,221
120860069,24,33,57
120860070,32,29,61
120860071,11,42,53
120860072,3,6,9
120860073,15,48,63
120860074,46,87,133
120860075,32,67,99
120860076,110,222,332
120860077,66,76,142
120860078,100,234,334
120860079,33,86,119
120860080,29,81,110
120860081,49,104,153
120860082,79,97,176
120860083,31,40,71
120860084,206,373,579
120860085,21,54,75
120860086,24,22,46
120860087,7,4,11
120860088,81,51,132
120860089,83,65,148
120860090,155,163,318
120860091,39,102,141
120860092,3,0,3
120860093,75,51,126
120860095,11,4,15
120860096,3,1,4
120860097,40,74,114
120860098,9,14,23
120860099,5,3,8
120860100,11,6,17
120860101,529,415,944
120860102,5,10,15
120860103,5,7,12
120860104,1,0,1
120860105,2,2,4
120860106,25,25,50
120860107,4,2,6
120860108,2,1,3
120860109,2,3,5
120860110,13,4,17
120860111,14,4,18
120860112,15,7,22
120860113,3,1,4
120860114,4,3,7
120860115,1,4,5
120864901,2,4,6
120879702,8,10,18
120879703,10,8,18
120879704,2,4,6
120879705,1,3,4
120879706,3,2,5
120879707,10,2,12
120879708,11,15,26
120879709,3,10,13
120879710,5,6,11
120879711,5,7,12
120879712,5,13,18
120879713,0,3,3
120879714,4,2,6
120879715,6,12,18
120879716,3,8,11
120879717,2,4,6
120879718,1,8,9
120879719,4,17,21
120879720,6,4,10
120879721,8,14,22
120879722,0,2,2
120879723,1,3,4
120879724,1,1,2
120879725,4,13,17
120879726,1,4,5
120890501,21,24,45
120890502,21,43,64
120890503,10,11,21
120890505,3,0,3
120910201,1,0,1
120910203,5,2,7
120910204,0,1,1
120910205,9,8,17
120910206,12,9,21
120910207,11,13,24
120910208,19,18,37
120910209,23,25,48
120910210,27,31,58
120910211,11,12,23
120910212,8,7,15
120910214,33,21,54
120910215,16,23,39
120910216,5,4,9
120910217,4,11,15
120910218,29,56,85
120910219,2,5,7
120910220,2,7,9
120910223,2,4,6
120910224,3,11,14
120910225,3,4,7
120910226,5,6,11
120910227,2,3,5
120910229,1,4,5
120910231,2,5,7
120910232,2,4,6
120910233,18,51,69
120939901,2,2,4
120939902,5,1,6
120939903,15,10,25
120939905,4,5,9
120939906,0,3,3
120950101,9,42,51
120950102,18,39,57
120950103,9,6,15
120950105,0,1,1
120950106,5,1,6
120950107,7,18,25
120950108,16,31,47
120950109,7,4,11
120950110,2,3,5
120950111,1,1,2
120950112,7,4,11
120950113,20,51,71
120950114,104,228,332
120950117,2,0,2
120950118,1,1,2
120950119,1,2,3
120950120,2,0,2
120950121,5,1,6
120950122,3,2,5
120950123,5,0,5
120950124,5,0,5
120950125,5,2,7
120950126,14,10,24
120950127,54,82,136
120950128,36,82,118
120950129,2,9,11
120950130,38,84,122
120950131,0,2,2
120950133,9,2,11
120950134,7,7,14
120950135,14,10,24
120950136,16,10,26
120950137,4,5,9
120950138,7,8,15
120950139,22,45,67
120950140,10,21,31
120950141,8,14,22
120950142,0,2,2
120950143,6,7,13
120950144,1,2,3
120950145,7,4,11
120950146,1,4,5
120950147,35,24,59
120950148,124,178,302
120950149,12,8,20
120950150,8,3,11
120950151,4,6,10
120950152,16,74,90
120950153,3,7,10
120950154,14,28,42
120950155,14,58,72
120950156,6,10,16
120950157,5,24,29
120950158,8,48,56
120950159,13,54,67
120950160,13,35,48
120950161,11,41,52
120950162,8,6,14
120950163,41,38,79
120950164,29,34,63
120950165,23,16,39
120950166,6,3,9
120950167,110,106,216
120950168,20,14,34
120950169,11,26,37
120950170,74,46,120
120950171,167,295,462
120950172,0,2,2
120950173,6,3,9
120950174,5,4,9
120950175,6,7,13
120950176,6,0,6
120950177,18,11,29
120950178,23,11,34
120950179,6,10,16
120950220,1,0,1
120970125,2,0,2
120970408,33,61,94
120970409,0,2,2
120970410,1,2,3
120970411,2,0,2
120970413,2,1,3
120970415,11,5,16
120970416,37,45,82
120970418,11,6,17
120970419,1,3,4
120970420,5,3,8
120970421,10,1,11
120970422,3,10,13
120970423,3,0,3
120970424,1,0,1
120970425,1,0,1
120970426,2,0,2
120970427,1,0,1
120970428,15,8,23
120970429,14,8,22
120970431,7,8,15
120970432,8,6,14
120970433,2,2,4
120970434,3,1,4
120970435,3,0,3
120970436,1,0,1
120970437,2,1,3
120970438,2,2,4
120990001,17,25,42
120990002,96,189,285
120990003,31,77,108
120990004,24,43,67
120990005,31,54,85
120990006,0,3,3
120990007,14,34,48
120990008,39,82,121
120990009,31,58,89
120990010,23,48,71
120990011,5,6,11
120990012,5,2,7
120990013,2,0,2
120990014,24,72,96
120990015,1,2,3
120990016,2,4,6
120990017,12,6,18
120990018,16,26,42
120990019,32,49,81
120990020,6,12,18
120990021,4,5,9
120990023,34,104,138
120990026,3,13,16
120990027,7,27,34
120990028,3,5,8
120990030,2,0,2
120990031,0,3,3
120990032,3,2,5
120990033,1,2,3
120990034,5,11,16
120990035,21,58,79
120990036,10,4,14
120990037,0,1,1
120990038,2,3,5
120990039,2,2,4
120990040,3,1,4
120990041,3,3,6
120990042,6,9,15
120990043,18,17,35
120990044,1,1,2
120990045,6,7,13
120990046,3,9,12
120990047,4,6,10
120990048,26,39,65
120990049,48,113,161
120990050,0,1,1
120990052,3,4,7
120990053,9,5,14
120990054,11,41,52
120990055,3,7,10
120990056,1,1,2
120990057,3,1,4
120990058,22,27,49
120990059,188,290,478
120990060,44,67,111
120990061,0,1,1
120990062,9,11,20
120990063,20,36,56
120990064,7,22,29
120990065,9,18,27
120990066,29,26,55
120990067,0,1,1
120990068,2,2,4
120990069,27,56,83
120990070,131,266,397
120990071,17,38,55
120990072,13,18,31
120990073,13,47,60
120990074,45,88,133
120990075,21,48,69
120990076,153,300,453
120990077,344,486,830
120990078,145,204,349
120990079,27,38,65
120990080,0,2,2
120990081,1,0,1
120990082,11,3,14
120990083,1,0,1
121010110,1,0,1
121010115,0,1,1
121010301,2,5,7
121010302,4,10,14
121010303,14,20,34
121010304,4,14,18
121010305,3,1,4
121010306,11,4,15
121010308,14,22,36
121010309,4,13,17
121010310,21,10,31
121010311,22,34,56
121010312,8,29,37
121010313,5,3,8
121010314,16,35,51
121010315,33,44,77
121010316,33,32,65
121010317,23,14,37
121010318,2,3,5
121010319,9,7,16
121010320,35,39,74
121010321,44,59,103
121010322,4,9,13
121010323,1,2,3
121010325,1,2,3
121010326,19,11,30
121010328,23,38,61
121010329,5,9,14
121010330,6,9,15
121030201,31,67,98
121030202,14,22,36
121030203,10,9,19
121030204,2,5,7
121030205,1,0,1
121030210,2,0,2
121030213,52,126,178
121030214,6,14,20
121030215,19,31,50
121030218,5,8,13
121030219,8,15,23
121030220,1,7,8
121030221,2,3,5
121030222,0,5,5
121030223,15,8,23
121030224,26,33,59
121030225,31,42,73
121030226,9,9,18
121030227,0,2,2
121030228,1,2,3
121030229,10,8,18
121030231,2,4,6
121030232,1,3,4
121030233,5,3,8
121030234,13,39,52
121030235,8,13,21
121030236,8,10,18
121030237,4,17,21
121030238,3,6,9
121030239,5,10,15
121030240,47,81,128
121030241,2,12,14
121030242,5,10,15
121030243,4,2,6
121030244,59,68,127
121030245,36,37,73
121030246,5,0,5
121030247,5,5,10
121030248,9,23,32
121030249,18,28,46
121030250,67,116,183
121030251,81,122,203
121030252,67,121,188
121030253,10,8,18
121030254,37,51,88
121030255,9,11,20
121030256,8,14,22
121030257,23,55,78
121030258,2,6,8
121030259,55,128,183
121030260,17,33,50
121030261,6,7,13
121030262,19,2,21
121030263,3,1,4
121030264,2,6,8
121030265,2,7,9
121030266,5,5,10
121030267,19,36,55
121030268,84,133,217
121030269,54,41,95
121030270,3,2,5
121030271,23,36,59
121030272,48,107,155
121030273,137,217,354
121030274,8,15,23
121030275,22,17,39
121030276,28,48,76
121030277,8,27,35
121030278,5,12,17
121030279,15,22,37
121030280,22,41,63
121030281,30,66,96
121030282,1,1,2
121030284,1,3,4
121050102,3,0,3
121050103,1,5,6
121050104,5,12,17
121050105,15,38,53
121050106,16,12,28
121050107,26,27,53
121050108,1,1,2
121050112,1,5,6
121050113,48,87,135
121050114,12,32,44
121050115,5,9,14
121050116,2,2,4
121050117,1,2,3
121050118,73,83,156
121050119,1,5,6
121050120,7,18,25
121050121,15,9,24
121050122,6,6,12
121050123,1,5,6
121050124,11,12,23
121050125,19,23,42
121050126,3,3,6
121050127,4,2,6
121050128,8,8,16
121050129,1,1,2
121050130,3,2,5
121050131,5,0,5
121050133,1,0,1
121050135,0,4,4
121050136,0,1,1
121050137,54,99,153
121050139,17,22,39
121050140,18,25,43
121050141,13,14,27
121050142,2,4,6
121050143,13,17,30
121050144,5,8,13
121050145,6,3,9
121050147,2,1,3
121050148,26,16,42
121050149,2,3,5
121050150,5,6,11
121050151,7,9,16
121050152,3,1,4
121050154,0,3,3
121050155,3,3,6
121050156,0,1,1
121050158,1,1,2
121050159,1,0,1
121050160,1,0,1
121050408,0,2,2
121070311,2,4,6
121079501,1,0,1
121079502,2,0,2
121079503,2,0,2
121079504,1,1,2
121079505,0,1,1
121079506,19,16,35
121079507,2,4,6
121079508,4,4,8
121079509,2,2,4
121079510,1,4,5
121079512,0,1,1
121079513,1,0,1
121079514,6,3,9
121090202,1,3,4
121090203,3,3,6
121090204,6,12,18
121090205,4,8,12
121090206,24,43,67
121090207,61,166,227
121090208,41,51,92
121090209,24,29,53
121090210,2,4,6
121090211,2,1,3
121090212,13,18,31
121090213,38,64,102
121090214,27,56,83
121110001,2,2,4
121110003,0,1,1
121110004,24,37,61
121110005,2,6,8
121110006,1,2,3
121110007,3,4,7
121110010,2,3,5
121110011,1,3,4
121110012,4,13,17
121110013,5,7,12
121110014,4,11,15
121110015,10,12,22
121110016,7,7,14
121110017,8,12,20
121110018,18,44,62
121110019,9,14,23
121110020,21,31,52
121110021,49,66,115
121110022,3,10,13
121130025,4,13,17
121130102,6,0,6
121130103,13,8,21
121130105,15,15,30
121130106,1,1,2
121130107,29,20,49
121130108,55,82,137
121130109,27,59,86
121150001,30,82,112
121150002,4,3,7
121150004,6,11,17
121150005,64,158,222
121150006,13,75,88
121150007,12,19,31
121150008,19,36,55
121150009,0,6,6
121150010,0,2,2
121150011,2,2,4
121150012,18,26,44
121150013,17,30,47
121150014,24,53,77
121150015,35,62,97
121150016,8,8,16
121150017,18,44,62
121150018,22,43,65
121150019,36,76,112
121150020,61,111,172
121150021,23,36,59
121150022,15,23,38
121150023,21,27,48
121150024,27,62,89
121150025,15,25,40
121150026,18,14,32
121150027,87,137,224
121150302,0,1,1
121170156,1,1,2
121170163,2,2,4
121170201,5,4,9
121170202,2,4,6
121170203,4,1,5
121170204,2,6,8
121170205,9,11,20
121170206,6,5,11
121170207,93,155,248
121170208,56,57,113
121170209,2,2,4
121170210,2,0,2
121170211,1,2,3
121170212,9,11,20
121170213,80,58,138
121170214,7,9,16
121170215,26,34,60
121170216,65,73,138
121170217,34,30,64
121170218,16,37,53
121170219,23,30,53
121170220,16,4,20
121170221,11,9,20
121170222,32,39,71
121190304,4,2,6
121199901,20,41,61
121199902,1,4,5
121199903,1,0,1
121199904,0,1,1
121199905,5,1,6
121199906,0,1,1
121199908,26,44,70
121199910,1,1,2
121219701,2,4,6
121219703,0,1,1
121219704,6,3,9
121219705,0,3,3
121219706,2,1,3
121219902,0,1,1
121239501,6,4,10
121239502,1,2,3
121239503,6,2,8
121259601,2,1,3
121259602,4,4,8
121270801,29,35,64
121270802,5,9,14
121270803,8,4,12
121270804,11,19,30
121270805,5,6,11
121270806,3,6,9
121270807,3,12,15
121270808,68,108,176
121270809,4,8,12
121270810,6,3,9
121270811,6,17,23
121270812,4,5,9
121270813,2,3,5
121270817,1,8,9
121270818,25,60,85
121270819,0,1,1
121270820,1,10,11
121270821,1,0,1
121270822,2,0,2
121270823,41,33,74
121270824,22,20,42
121270825,43,20,63
121270826,17,48,65
121270827,11,16,27
121270828,14,31,45
121270829,11,13,24
121270830,10,10,20
121270832,57,82,139
121270901,3,3,6
121270902,19,24,43
121270903,7,28,35
121270904,10,15,25
121270905,3,8,11
121270906,1,0,1
121270907,2,8,10
121270908,13,12,25
121270909,30,22,52
121270910,24,13,37
121290101,1,2,3
121290102,7,7,14
121310211,0,2,2
121319501,1,0,1
121319502,4,3,7
121319503,6,5,11
121319505,4,1,5
121319506,30,50,80
121339701,5,2,7
121339702,0,1,1
121339703,7,1,8
130019502,2,0,2
130019503,11,2,13
130059702,10,4,14
130099701,0,4,4
130099702,7,9,16
130099703,7,12,19
130099704,23,31,54
130099705,16,9,25
130099707,3,12,15
130099708,1,0,1
130119801,1,1,2
130119802,1,0,1
130119803,1,0,1
130131801,3,1,4
130131802,23,6,29
130131803,3,3,6
130131804,0,2,2
130159601,0,2,2
130159602,6,0,6
130159603,3,4,7
130159604,15,21,36
130159605,0,1,1
130159606,12,13,25
130159607,9,4,13
130159608,3,3,6
130159609,2,1,3
130179602,1,1,2
130179603,1,0,1
130179604,11,0,11
130179605,4,3,7
130199703,5,2,7
130199704,0,1,1
130199706,1,1,2
130210102,7,14,21
130210103,3,0,3
130210104,1,0,1
130210105,9,3,12
130210106,10,16,26
130210107,14,30,44
130210108,18,37,55
130210110,6,7,13
130210113,18,29,47
130210114,80,82,162
130210117,0,1,1
130210118,8,13,21
130210119,5,1,6
130210120,13,8,21
130210121,35,57,92
130210122,2,1,3
130210125,1,1,2
130210128,1,0,1
130210129,1,0,1
130210131,1,0,1
130210132,13,2,15
130210133,2,4,6
130210134,89,125,214
130210135,6,4,10
130210136,10,12,22
130210503,1,4,5
130239902,3,0,3
130239903,6,0,6
130259802,3,0,3
130279904,5,1,6
130299201,1,0,1
130299203,36,34,70
130319201,1,0,1
130319901,0,2,2
130319902,3,2,5
130319903,4,15,19
130319904,28,17,45
130319905,3,13,16
130319906,3,5,8
130319907,5,3,8
130319909,1,0,1
130339502,1,0,1
130339504,2,0,2
130339505,11,1,12
130339507,2,0,2
130339508,1,1,2
130351501,2,0,2
130351502,5,4,9
130351503,1,0,1
130379501,1,1,2
130379502,2,0,2
130379901,1,0,1
130390101,0,1,1
130390102,0,3,3
130390103,2,0,2
130390104,33,13,46
130390105,2,3,5
130390106,3,0,3
130439501,6,2,8
130450804,1,0,1
130459702,1,0,1
130459901,9,10,19
130459902,0,2,2
130459903,1,1,2
130459904,1,0,1
130459905,2,4,6
130459906,0,1,1
130459907,10,26,36
130459908,0,1,1
130459910,14,22,36
130459911,31,42,73
130459912,1,1,2
130470201,1,0,1
130470301,1,3,4
130470302,5,3,8
130470303,2,2,4
130470304,21,10,31
130470305,1,0,1
130470306,0,1,1
130470307,10,22,32
130499901,2,2,4
130510001,1,0,1
130510003,10,4,14
130510008,3,5,8
130510009,0,5,5
130510013,1,1,2
130510015,1,4,5
130510020,1,0,1
130510022,2,2,4
130510024,1,1,2
130510025,0,3,3
130510027,1,1,2
130510029,6,11,17
130510030,3,6,9
130510033,1,0,1
130510034,109,106,215
130510035,64,67,131
130510036,0,5,5
130510037,1,0,1
130510039,1,1,2
130510040,51,124,175
130510041,0,2,2
130510042,18,38,56
130510043,2,1,3
130510101,8,8,16
130510102,0,4,4
130510105,9,7,16
130510106,2,1,3
130510107,6,4,10
130510108,43,39,82
130510109,5,5,10
130510110,69,143,212
130510111,48,80,128
130530108,1,0,1
130530201,1,0,1
130530202,7,6,13
130550208,0,1,1
130559802,3,0,3
130559805,5,0,5
130559806,1,0,1
130570901,2,1,3
130570902,9,2,11
130570903,13,10,23
130570904,19,13,32
130570905,5,5,10
130570906,9,6,15
130570907,8,12,20
130570908,5,12,17
130570909,7,6,13
130570910,33,26,59
130570911,3,3,6
130590001,0,1,1
130590004,6,2,8
130590006,1,3,4
130590009,3,25,28
130590012,6,8,14
130590017,22,24,46
130590018,21,28,49
130590019,6,15,21
130590020,4,18,22
130590021,2,5,7
130590022,1,3,4
130590301,4,13,17
130590302,1,6,7
130591303,4,15,19
130591304,3,15,18
130591305,2,5,7
130591306,9,17,26
130591307,3,5,8
130591403,1,0,1
130591404,1,1,2
130591405,2,5,7
130591406,1,0,1
130591503,7,11,18
130591504,1,1,2
130591505,4,2,6
130591507,1,2,3
130591508,2,3,5
130591509,3,6,9
130619601,1,0,1
130619602,1,0,1
130630105,0,1,1
130630402,7,15,22
130630403,9,4,13
130630404,20,28,48
130630405,36,80,116
130630406,46,35,81
130630701,0,1,1
130659701,2,1,3
130670114,1,2,3
130670301,19,10,29
130670302,105,143,248
130670303,180,267,447
130670304,15,26,41
130670305,19,19,38
130670306,80,184,264
130670307,5,18,23
130670308,0,1,1
130670309,13,12,25
130670310,5,10,15
130670311,74,85,159
130670312,81,114,195
130670313,46,63,109
130670314,52,60,112
130670315,17,8,25
130671201,1,3,4
130699901,2,2,4
130699902,0,1,1
130699903,1,0,1
130699904,11,8,19
130699905,8,14,22
130699906,5,3,8
130699907,6,2,8
130699908,3,0,3
130719701,0,1,1
130719703,1,0,1
130719706,4,10,14
130719707,24,17,41
130719708,0,1,1
130719709,1,0,1
130730101,0,5,5
130730301,97,235,332
130730302,44,49,93
130730303,86,162,248
130730304,8,9,17
130730305,7,8,15
130730306,3,7,10
130750102,1,1,2
130759802,4,0,4
130759803,5,1,6
130770104,1,0,1
130771701,0,1,1
130771702,9,11,20
130771703,22,19,41
130771704,23,17,40
130771705,2,4,6
130771706,11,21,32
130771707,0,1,1
130771708,1,2,3
130790701,2,0,2
130819801,10,6,16
130819802,2,1,3
130819803,7,1,8
130819804,4,6,10
130819805,1,0,1
130830401,6,5,11
130830402,1,0,1
130830403,0,4,4
130859701,3,2,5
130859702,10,5,15
130879702,0,1,1
130879703,6,3,9
130879704,0,1,1
130879706,15,7,22
130890001,1,2,3
130890015,1,0,1
130890030,0,1,1
130890092,3,8,11
130890094,0,2,2
130890101,3,5,8
130890102,1,0,1
130890201,8,20,28
130890202,11,25,36
130890203,20,21,41
130890204,12,16,28
130890205,4,4,8
130890206,1,3,4
130890207,2,5,7
130890208,8,7,15
130890209,3,5,8
130890211,21,44,65
130890212,142,225,367
130890213,11,11,22
130890214,44,94,138
130890215,67,214,281
130890216,97,208,305
130890217,95,245,340
130890218,69,92,161
130890219,46,59,105
130890220,29,22,51
130890221,8,20,28
130890222,62,135,197
130890223,35,71,106
130890224,264,880,1144
130890225,26,55,81
130890226,40,54,94
130890227,15,19,34
130890228,4,15,19
130890229,1,11,12
130890230,5,10,15
130890231,17,29,46
130890232,29,18,47
130890233,46,18,64
130890234,54,41,95
130890235,4,3,7
130890236,3,3,6
130890237,3,8,11
130890238,6,12,18
130890503,0,1,1
130890504,0,2,2
130890701,1,1,2
130919601,2,0,2
130919603,12,12,24
130919604,1,0,1
130919605,0,1,1
130919606,0,1,1
130939701,1,0,1
130939703,2,2,4
130950001,3,11,14
130950003,25,48,73
130950005,42,31,73
130950006,2,0,2
130950007,11,4,15
130950008,6,10,16
130950009,0,1,1
130950010,0,1,1
130950012,4,4,8
130950013,2,17,19
130950014,2,0,2
130950015,2,2,4
130950102,0,2,2
130950104,32,42,74
130950106,0,1,1
130950111,1,0,1
130970801,12,10,22
130970802,2,3,5
130970803,30,18,48
130970804,15,10,25
130970805,28,24,52
130970806,5,7,12
130979901,2,0,2
130999902,1,0,1
130999903,1,0,1
130999904,4,1,5
131030302,4,1,5
131030303,10,4,14
131059604,1,0,1
131059901,0,1,1
131059903,1,1,2
131059904,6,1,7
131059905,2,1,3
131079801,1,1,2
131079804,5,3,8
131079805,1,0,1
131079806,5,2,7
131099701,1,0,1
131099702,1,0,1
131099703,8,3,11
131110502,7,4,11
131110503,2,1,3
131110504,6,7,13
131110505,3,1,4
131131401,16,2,18
131131402,64,71,135
131131403,37,38,75
131131404,54,33,87
131131405,4,10,14
131131705,1,0,1
131150001,0,3,3
131150002,12,11,23
131150003,0,15,15
131150004,4,6,10
131150005,28,66,94
131150006,1,6,7
131150007,3,10,13
131150008,10,11,21
131150009,15,15,30
131150011,49,19,68
131150012,4,2,6
131150013,10,4,14
131150014,20,27,47
131150015,0,1,1
131150016,1,1,2
131150017,12,13,25
131150018,5,7,12
131150019,1,0,1
131150020,5,5,10
131170116,1,0,1
131170502,0,1,1
131171301,2,0,2
131171302,2,4,6
131171303,18,16,34
131171304,16,10,26
131171305,28,40,68
131171306,57,65,122
131199901,5,1,6
131199902,0,1,1
131199904,10,2,12
131210001,11,56,67
131210002,29,64,93
131210004,5,24,29
131210005,20,57,77
131210006,4,2,6
131210007,4,1,5
131210008,0,1,1
131210010,6,19,25
131210011,20,54,74
131210012,20,51,71
131210013,22,31,53
131210014,6,18,24
131210015,9,25,34
131210016,6,19,25
131210017,62,63,125
131210018,9,20,29
131210019,34,93,127
131210021,5,9,14
131210022,0,1,1
131210024,4,0,4
131210027,51,63,114
131210028,3,3,6
131210029,4,7,11
131210030,10,28,38
131210031,2,1,3
131210032,2,9,11
131210033,9,18,27
131210035,2,2,4
131210038,4,1,5
131210040,1,0,1
131210041,2,0,2
131210042,4,1,5
131210043,104,64,168
131210046,1,8,9
131210049,1,11,12
131210050,1,5,6
131210052,4,12,16
131210053,9,11,20
131210055,0,2,2
131210056,3,1,4
131210062,1,0,1
131210065,0,1,1
131210066,0,2,2
131210067,4,1,5
131210069,1,3,4
131210070,2,1,3
131210072,14,9,23
131210073,0,1,1
131210074,3,7,10
131210076,1,2,3
131210077,26,20,46
131210078,18,27,45
131210079,17,7,24
131210080,7,2,9
131210081,6,5,11
131210082,4,4,8
131210085,1,0,1
131210086,0,1,1
131210087,1,10,11
131210088,5,6,11
131210089,16,11,27
131210090,8,21,29
131210091,94,196,290
131210092,12,41,53
131210093,9,28,37
131210094,13,43,56
131210095,19,60,79
131210096,27,61,88
131210097,19,50,69
131210098,44,120,164
131210099,11,38,49
131210100,47,99,146
131210101,258,675,933
131210102,97,267,364
131210103,50,36,86
131210104,2,4,6
131210105,33,13,46
131210106,8,1,9
131210108,2,5,7
131210109,0,1,1
131210110,14,12,26
131210111,11,3,14
131210112,6,8,14
131210113,11,7,18
131210114,108,166,274
131210115,31,67,98
131210116,229,236,465
131210203,1,4,5
131210204,1,0,1
131210211,1,5,6
131210212,0,1,1
131210214,0,1,1
131210238,2,2,4
131210303,6,4,10
131210401,0,1,1
131210405,1,0,1
131210502,6,6,12
131230801,1,1,2
131230802,2,3,5
131230803,18,2,20
131230804,1,3,4
131230805,2,1,3
131259901,1,0,1
131270001,7,23,30
131270002,13,32,45
131270003,9,40,49
131270004,15,17,32
131270005,33,61,94
131270006,3,6,9
131270008,3,6,9
131270009,1,4,5
131270010,2,5,7
131279706,1,0,1
131290008,1,0,1
131299701,2,1,3
131299702,0,2,2
131299703,1,1,2
131299704,12,3,15
131299705,4,3,7
131299706,12,4,16
131299707,4,2,6
131299708,3,4,7
131299709,1,0,1
131319503,0,2,2
131319504,1,0,1
131319505,9,5,14
131319506,2,0,2
131330304,1,0,1
131339502,2,0,2
131339503,18,16,34
131339505,0,2,2
131350101,0,2,2
131350116,0,3,3
131350213,0,1,1
131350218,1,1,2
131350233,1,0,1
131350501,24,10,34
131350502,104,114,218
131350503,92,78,170
131350504,88,84,172
131350505,148,151,299
131350506,43,28,71
131350507,108,117,225
131351105,3,1,4
131351306,2,0,2
131379901,2,3,5
131379902,4,4,8
131379903,5,0,5
131379905,5,6,11
131379906,19,3,22
131390001,2,0,2
131390002,10,10,20
131390003,20,23,43
131390004,6,18,24
131390005,16,32,48
131390006,19,33,52
131390007,0,2,2
131390008,57,78,135
131390009,14,23,37
131390010,5,2,7
131390011,1,5,6
131390012,1,0,1
131390013,5,9,14
131390014,10,6,16
131390015,5,7,12
131390016,8,12,20
131390101,1,3,4
131390506,1,0,1
131391301,2,3,5
131391305,1,1,2
131419802,4,0,4
131439801,1,0,1
131439802,0,2,2
131439803,9,0,9
131439804,8,2,10
131459610,1,0,1
131459611,3,0,3
131459801,5,6,11
131459803,8,6,14
131459804,12,10,22
131479601,5,3,8
131479602,0,2,2
131479604,9,3,12
131479605,2,0,2
131499701,1,0,1
131510406,1,1,2
131510701,58,75,133
131510702,14,14,28
131510703,59,57,116
131510704,4,3,7
131510705,5,0,5
131530201,15,14,29
131530202,7,1,8
131530206,16,14,30
131530208,1,2,3
131530209,8,22,30
131530210,5,5,10
131530211,38,52,90
131530212,12,8,20
131530213,1,0,1
131530214,8,4,12
131559502,3,0,3
131570101,0,8,8
131570103,9,5,14
131570104,0,1,1
131570105,3,0,3
131570106,2,0,2
131570107,6,3,9
131571801,2,0,2
131599902,0,1,1
131599903,5,1,6
131599904,0,1,1
131619601,4,2,6
131619602,2,0,2
131639601,4,1,5
131639602,1,1,2
131639603,6,2,8
131639604,1,2,3
131659601,3,0,3
131679802,3,1,4
131690301,4,6,10
131690303,6,6,12
131719701,1,0,1
131719702,4,2,6
131719703,2,2,4
131730107,0,1,1
131739502,5,0,5
131759501,1,0,1
131759502,15,18,33
131759503,0,1,1
131759504,12,6,18
131759505,44,40,84
131759506,2,1,3
131759508,1,0,1
131759509,3,1,4
131759510,0,1,1
131759511,2,0,2
131759513,1,0,1
131770004,1,0,1
131770105,2,0,2
131770201,0,1,1
131770203,3,4,7
131770204,15,23,38
131779505,0,1,1
131790101,9,9,18
131790102,3,3,6
131790103,13,5,18
131790104,8,3,11
131790105,1,1,2
131819701,0,3,3
131819702,2,0,2
131830102,1,0,1
131850101,4,7,11
131850102,17,24,41
131850103,20,51,71
131850104,16,26,42
131850106,13,9,22
131850107,0,1,1
131850108,1,1,2
131850111,2,2,4
131850112,0,1,1
131850113,9,23,32
131850114,2,2,4
131850115,0,1,1
131850116,1,2,3
131879601,4,3,7
131879602,14,14,28
131899501,2,1,3
131899502,7,2,9
131899503,0,1,1
131899504,2,2,4
131899505,1,0,1
131919901,1,2,3
131919902,3,0,3
131939803,1,0,1
131939804,3,3,6
131950202,3,0,3
131950203,1,0,1
131950204,1,0,1
131950205,2,0,2
131950206,0,1,1
131979802,2,1,3
131999703,1,2,3
131999704,2,0,2
131999705,5,1,6
131999706,2,3,5
132019501,3,1,4
132019502,5,1,6
132019904,1,0,1
132059802,2,0,2
132059803,2,0,2
132059804,8,0,8
132059805,3,1,4
132070134,0,4,4
132070501,5,3,8
132070502,9,0,9
132070503,10,22,32
132099501,1,0,1
132099502,1,1,2
132099703,5,1,6
132119801,0,1,1
132119802,2,1,3
132119803,7,3,10
132119804,1,4,5
132119805,1,0,1
132130101,0,1,1
132130103,0,1,1
132130104,10,0,10
132130106,0,1,1
132130107,1,0,1
132150001,1,2,3
132150002,6,5,11
132150003,1,0,1
132150004,2,5,7
132150008,2,2,4
132150009,23,39,62
132150010,2,2,4
132150011,9,15,24
132150012,7,10,17
132150014,14,14,28
132150015,62,40,102
132150018,41,20,61
132150019,4,2,6
132150021,1,2,3
132150022,0,1,1
132150023,6,5,11
132150025,0,1,1
132150026,1,0,1
132150028,0,2,2
132150031,2,0,2
132150101,24,16,40
132150102,45,68,113
132150103,43,74,117
132150104,5,20,25
132150105,17,42,59
132150106,0,1,1
132150107,3,0,3
132150108,0,6,6
132150202,20,9,29
132159803,0,2,2
132159804,1,0,1
132171001,3,4,7
132171002,5,1,6
132171003,22,20,42
132171004,4,3,7
132171005,3,4,7
132171006,1,1,2
132171007,0,2,2
132171009,6,2,8
132190012,1,0,1
132190301,11,32,43
132190302,23,37,60
132190303,5,9,14
132190304,14,12,26
132190305,2,2,4
132190306,2,6,8
132191305,4,1,5
132191306,1,2,3
132219602,3,0,3
132219603,1,1,2
132231201,6,6,12
132231202,11,3,14
132231203,3,2,5
132231204,1,1,2
132231205,7,1,8
132231206,3,2,5
132250213,2,0,2
132250401,2,3,5
132250402,3,1,4
132250403,3,2,5
132250404,1,0,1
132270501,3,1,4
132270502,15,11,26
132270505,6,9,15
132270506,1,0,1
132270805,0,1,1
132270901,0,1,1
132299603,8,8,16
132299604,1,4,5
132319801,4,0,4
132339901,1,1,2
132339902,12,4,16
132339904,1,0,1
132339905,2,1,3
132339906,0,3,3
132339907,5,1,6
132359502,15,5,20
132379601,2,5,7
132379602,4,5,9
132379603,1,2,3
132419701,4,4,8
132419702,5,7,12
132419703,3,10,13
132439902,4,0,4
132450001,13,33,46
132450002,2,2,4
132450004,0,4,4
132450006,2,3,5
132450007,6,11,17
132450008,122,407,529
132450010,18,22,40
132450011,12,44,56
132450012,32,51,83
132450013,2,3,5
132450014,1,0,1
132450016,26,65,91
132450101,54,68,122
132450102,94,134,228
132450103,1,0,1
132450104,0,1,1
132450105,13,12,25
132450106,0,1,1
132450107,8,1,9
132450108,16,20,36
132450109,2,5,7
132450301,2,3,5
132470601,3,3,6
132470602,10,3,13
132470603,64,46,110
132470604,15,9,24
132499602,1,0,1
132519703,5,1,6
132519704,0,1,1
132539802,11,3,14
132539803,2,1,3
132551601,0,1,1
132551602,1,1,2
132551604,2,0,2
132551605,10,3,13
132551608,1,1,2
132551610,2,0,2
132551611,6,3,9
132551612,33,29,62
132579701,9,4,13
132579702,0,1,1
132579703,20,15,35
132599501,4,0,4
132599503,2,0,2
132619501,0,1,1
132619502,4,0,4
132619503,1,6,7
132619505,3,3,6
132619506,3,7,10
132619507,15,7,22
132619508,3,1,4
132639603,1,0,1
132679902,3,2,5
132679903,4,0,4
132679904,3,0,3
132699503,2,0,2
132719501,4,2,6
132719503,1,0,1
132719504,1,0,1
132739804,4,0,4
132739805,0,2,2
132759601,1,0,1
132759602,0,3,3
132759605,4,6,10
132759606,8,10,18
132759607,10,27,37
132759608,4,30,34
132759609,27,38,65
132759610,5,2,7
132759611,1,0,1
132779901,0,3,3
132779902,0,4,4
132779903,26,21,47
132779904,17,22,39
132779905,8,7,15
132779907,0,1,1
132779908,1,0,1
132779909,0,2,2
132799701,1,0,1
132799702,1,1,2
132799703,11,12,23
132799704,9,15,24
132799705,4,0,4
132819601,1,3,4
132819602,3,1,4
132819603,12,2,14
132839602,1,2,3
132859601,1,1,2
132859602,2,2,4
132859603,15,29,44
132859604,19,24,43
132859605,3,3,6
132859606,0,7,7
132859607,2,2,4
132859608,2,2,4
132859609,4,4,8
132859610,1,2,3
132859611,0,1,1
132879501,1,0,1
132879702,4,3,7
132879703,1,0,1
132890602,1,0,1
132919901,1,1,2
132919902,23,14,37
132939901,1,0,1
132939902,2,0,2
132939903,1,1,2
132939904,19,12,31
132939905,6,4,10
132950201,3,0,3
132950202,2,1,3
132950203,1,3,4
132950204,3,6,9
132950205,2,1,3
132950206,6,0,6
132950207,2,1,3
132950208,1,0,1
132971101,2,1,3
132971103,1,0,1
132971104,2,1,3
132971105,11,5,16
132971106,1,4,5
132971107,16,18,34
132971108,2,2,4
132999501,0,2,2
132999502,0,1,1
132999503,2,4,6
132999504,7,1,8
132999505,20,22,42
132999506,8,13,21
132999507,1,0,1
132999508,9,10,19
132999509,2,0,2
132999603,1,1,2
133019703,1,0,1
133019704,3,0,3
133039503,10,2,12
133039504,12,4,16
133039507,2,0,2
133059701,1,0,1
133059702,3,2,5
133059703,8,6,14
133059705,8,8,16
133059706,1,2,3
133099512,1,0,1
133119501,2,9,11
133119502,11,2,13
133119503,1,0,1
133130001,2,5,7
133130002,1,0,1
133130003,1,1,2
133130004,4,2,6
133130005,41,56,97
133130006,2,0,2
133130007,2,6,8
133130008,7,7,14
133130009,20,23,43
133130013,1,0,1
133130014,6,8,14
133130015,0,2,2
133159904,0,1,1
133179801,2,1,3
133179803,8,3,11
133199603,1,0,1
133219502,4,0,4
133219505,7,0,7
150010201,2,13,15
150010202,0,2,2
150010203,25,31,56
150010204,14,12,26
150010205,11,3,14
150010206,6,10,16
150010207,9,8,17
150010208,10,18,28
150010209,2,2,4
150010210,5,3,8
150010211,3,5,8
150010212,2,5,7
150010213,6,6,12
150010214,13,17,30
150010215,15,21,36
150010216,22,29,51
150010217,38,44,82
150010218,8,11,19
150010219,4,5,9
150010220,0,2,2
150010221,2,1,3
150030001,66,110,176
150030002,15,13,28
150030003,20,57,77
150030004,43,71,114
150030005,20,61,81
150030006,4,12,16
150030007,4,1,5
150030008,11,13,24
150030009,24,48,72
150030010,2,2,4
150030011,0,1,1
150030012,4,4,8
150030013,6,4,10
150030014,3,1,4
150030015,1,2,3
150030016,1,4,5
150030017,4,11,15
150030018,12,14,26
150030019,20,43,63
150030020,16,18,34
150030021,2,2,4
150030022,11,13,24
150030023,4,6,10
150030024,5,8,13
150030025,1,5,6
150030026,87,46,133
150030027,45,33,78
150030028,9,11,20
150030029,8,11,19
150030030,22,41,63
150030031,18,15,33
150030032,9,11,20
150030033,6,6,12
150030034,27,45,72
150030035,55,48,103
150030036,26,38,64
150030037,39,69,108
150030038,16,39,55
150030039,10,22,32
150030040,6,23,29
150030041,102,314,416
150030042,17,14,31
150030043,5,11,16
150030044,2,3,5
150030045,25,35,60
150030046,4,16,20
150030047,18,37,55
150030048,6,5,11
150030049,9,9,18
150030050,48,89,137
150030051,6,15,21
150030052,3,2,5
150030053,0,1,1
150030054,0,1,1
150030055,5,8,13
150030056,0,1,1
150030057,4,7,11
150030059,3,4,7
150030060,14,4,18
150030061,0,1,1
150030062,2,0,2
150030063,1,2,3
150030064,1,0,1
150030065,2,0,2
150030066,11,6,17
150030067,76,153,229
150030068,11,17,28
150030072,3,9,12
150030073,8,5,13
150030074,11,8,19
150030075,5,19,24
150030077,23,13,36
150030078,70,61,131
150030080,14,17,31
150030081,2,2,4
150030083,1,1,2
150030084,10,12,22
150030085,1,0,1
150030086,32,43,75
150030087,13,5,18
150030088,3,2,5
150030089,102,55,157
150030090,0,1,1
150030092,1,1,2
150030093,6,1,7
150030094,8,3,11
150030095,0,1,1
150030096,8,0,8
150030097,5,7,12
150030098,2,1,3
150030099,5,5,10
150030100,2,1,3
150030101,12,14,26
150030102,5,3,8
150030103,18,27,45
150030105,31,34,65
150030106,10,6,16
150030107,12,20,32
150030108,1,2,3
150030109,35,63,98
150030110,20,26,46
150030111,50,79,129
150030112,33,65,98
150030113,2,3,5
150070401,12,11,23
150070402,13,10,23
150070403,5,2,7
150070404,7,11,18
150070405,26,47,73
150070406,7,11,18
150070407,7,16,23
150070408,1,0,1
150070409,9,3,12
150090301,2,0,2
150090302,8,10,18
150090303,28,29,57
150090304,20,10,30
150090305,0,3,3
150090306,0,8,8
150090307,23,17,40
150090308,5,5,10
150090309,25,25,50
150090310,33,36,69
150090311,18,23,41
150090312,10,19,29
150090313,0,5,5
150090314,8,1,9
150090315,11,12,23
150090316,1,0,1
150090317,6,1,7
150090318,0,3,3
160010001,60,107,167
160010002,69,124,193
160010003,9,5,14
160010004,3,0,3
160010005,10,12,22
160010006,25,27,52
160010007,41,63,104
160010008,24,42,66
160010009,3,7,10
160010010,3,5,8
160010012,8,22,30
160010014,1,2,3
160010015,3,3,6
160010016,0,2,2
160010017,2,1,3
160010018,1,5,6
160010019,2,0,2
160010020,52,122,174
160010021,2,0,2
160010022,19,5,24
160010023,9,16,25
160010024,22,14,36
160010101,8,18,26
160010102,44,73,117
160010103,92,104,196
160010104,5,5,10
160010105,16,9,25
160010207,0,2,2
160010219,0,1,1
160039501,2,0,2
160039502,1,1,2
160050001,0,1,1
160050002,4,4,8
160050003,7,5,12
160050004,2,0,2
160050005,0,2,2
160050006,7,4,11
160050007,35,29,64
160050008,2,3,5
160050009,10,12,22
160050010,2,12,14
160050011,18,37,55
160050013,2,2,4
160050014,3,1,4
160050015,1,0,1
160050016,4,6,10
160050017,6,9,15
160050019,2,1,3
160079501,6,2,8
160099501,4,3,7
160099502,1,1,2
160110001,1,1,2
160110005,0,1,1
160119501,4,1,5
160119502,2,0,2
160119504,4,7,11
160119505,10,7,17
160119506,3,5,8
160119507,2,1,3
160119714,0,1,1
160139601,6,0,6
160139602,7,15,22
160139603,18,56,74
160139605,1,4,5
160159502,3,4,7
160179501,2,3,5
160179502,7,18,25
160179503,16,12,28
160179504,9,9,18
160179505,2,0,2
160179506,2,5,7
160179507,2,0,2
160179508,1,5,6
160179509,3,1,4
160199702,3,18,21
160199703,0,2,2
160199704,4,5,9
160199705,10,16,26
160199706,39,75,114
160199707,1,1,2
160199708,1,2,3
160199709,6,6,12
160199710,2,4,6
160199711,2,8,10
160199712,0,2,2
160199713,1,3,4
160199714,6,31,37
160219701,5,1,6
160219702,5,1,6
160239701,4,1,5
160270201,2,2,4
160270202,4,1,5
160270203,1,1,2
160270204,2,1,3
160270205,22,29,51
160270206,2,2,4
160270207,3,7,10
160270209,16,18,34
160270210,4,0,4
160270211,2,3,5
160270215,4,4,8
160270216,18,21,39
160270217,5,1,6
160270218,7,7,14
160270219,6,3,9
160270223,5,2,7
160270224,2,5,7
160299601,4,2,6
160319503,5,9,14
160319504,15,5,20
160319505,2,3,5
160359701,5,4,9
160359702,7,2,9
160359901,1,0,1
160379902,1,0,1
160399801,3,1,4
160399802,12,2,14
160399803,2,2,4
160399804,1,1,2
160399805,11,6,17
160419701,4,0,4
160419702,0,2,2
160439501,1,0,1
160439701,2,3,5
160439702,1,0,1
160439703,1,2,3
160459601,2,1,3
160459602,2,0,2
160459603,7,2,9
160479601,5,1,6
160479602,4,1,5
160499602,7,3,10
160499603,6,0,6
160499605,0,1,1
160519602,0,1,1
160519603,2,1,3
160519604,3,0,3
160539702,6,1,7
160539704,2,0,2
160539705,3,1,4
160550001,1,0,1
160550002,4,4,8
160550003,1,1,2
160550004,5,9,14
160550005,7,8,15
160550006,8,6,14
160550007,9,5,14
160550008,3,3,6
160550009,44,81,125
160550010,16,10,26
160550011,1,0,1
160550012,2,0,2
160550013,0,2,2
160550014,3,8,11
160550015,5,85,90
160550016,1,8,9
160550017,3,9,12
160550018,9,24,33
160550019,0,3,3
160550020,5,9,14
160550021,0,1,1
160559508,1,0,1
160570051,3,3,6
160570052,10,11,21
160570053,4,7,11
160570054,13,3,16
160570055,1,0,1
160570056,1,3,4
160570057,0,3,3
160599801,1,1,2
160599802,3,3,6
160599803,0,1,1
160619502,2,0,2
160619605,1,0,1
160639501,1,0,1
160659501,1,3,4
160659502,1,0,1
160659503,8,4,12
160659504,15,12,27
160659505,0,1,1
160679802,0,1,1
160679803,0,2,2
160679804,8,1,9
160679805,1,1,2
160699901,0,2,2
160699903,8,24,32
160699904,2,3,5
160699905,21,15,36
160699906,3,9,12
160699907,4,15,19
160699908,1,3,4
160699910,0,2,2
160719601,2,0,2
160739501,2,0,2
160759801,1,1,2
160759803,4,6,10
160759804,3,0,3
160779802,3,0,3
160799602,1,1,2
160799603,7,1,8
160799604,7,1,8
160819601,6,4,10
160839705,0,1,1
160839801,0,1,1
160839803,1,2,3
160839804,1,0,1
160839805,1,5,6
160839806,3,4,7
160839807,21,41,62
160839808,7,11,18
160839809,7,21,28
160839810,6,5,11
160839811,10,21,31
160839812,0,9,9
160839813,2,5,7
160859701,1,2,3
160859702,1,1,2
160859703,17,13,30
160879701,0,1,1
160879702,4,0,4
160879703,4,2,6
170010001,6,15,21
170010002,7,3,10
170010005,17,7,24
170010006,6,17,23
170010007,31,35,66
170010009,0,1,1
170010010,2,4,6
170010011,4,28,32
170010101,0,1,1
170010102,2,0,2
170010103,1,0,1
170010104,3,3,6
170010105,4,7,11
170010106,6,14,20
170039578,1,0,1
170039579,1,0,1
170059512,1,1,2
170059513,14,1,15
170059515,1,1,2
170070037,3,0,3
170070101,7,3,10
170070102,8,0,8
170070103,0,1,1
170070104,2,1,3
170070105,14,39,53
170070106,9,15,24
170099704,0,1,1
170099705,1,0,1
170119647,2,0,2
170119649,1,1,2
170119650,1,0,1
170119651,11,13,24
170119652,1,4,5
170119653,1,0,1
170119654,7,6,13
170119655,1,2,3
170119656,1,2,3
170139512,4,0,4
170139513,1,1,2
170159601,2,0,2
170159603,3,1,4
170159604,1,0,1
170159605,2,0,2
170179601,1,0,1
170179603,0,1,1
170179605,1,1,2
170190001,16,30,46
170190002,0,1,1
170190003,3,4,7
170190004,1,0,1
170190005,2,2,4
170190006,1,8,9
170190007,2,1,3
170190008,12,7,19
170190009,4,4,8
170190010,3,4,7
170190011,3,2,5
170190012,55,109,164
170190013,36,45,81
170190014,6,6,12
170190051,4,2,6
170190052,0,1,1
170190053,57,109,166
170190054,8,3,11
170190055,7,3,10
170190056,5,3,8
170190057,12,15,27
170190058,6,9,15
170190059,58,10,68
170190060,2,2,4
170190101,1,0,1
170190102,7,0,7
170190103,0,1,1
170190105,4,7,11
170190106,11,19,30
170190107,1,0,1
170190108,4,2,6
170190109,5,0,5
170219581,1,0,1
170219582,1,0,1
170219583,2,2,4
170219584,7,3,10
170219586,1,0,1
170219587,1,1,2
170219588,3,1,4
170219590,4,0,4
170219596,1,0,1
170230601,1,1,2
170230602,5,1,6
170230603,2,0,2
170259721,8,4,12
170259722,1,0,1
170279001,5,1,6
170279002,0,1,1
170279003,12,3,15
170279004,4,2,6
170279005,4,0,4
170279006,2,0,2
170290002,6,8,14
170290004,15,22,37
170290005,4,6,10
170290006,2,2,4
170290007,8,3,11
170290008,3,3,6
170290009,8,14,22
170290010,1,2,3
170290011,0,3,3
170290012,0,1,1
170310101,1,4,5
170310102,1,1,2
170310103,3,3,6
170310104,1,5,6
170310105,5,6,11
170310106,5,8,13
170310107,5,2,7
170310108,1,2,3
170310109,1,0,1
170310201,5,4,9
170310202,8,13,21
170310203,13,30,43
170310204,4,6,10
170310205,5,0,5
170310206,19,18,37
170310207,17,7,24
170310208,14,15,29
170310209,5,4,9
170310301,19,17,36
170310302,10,10,20
170310303,1,2,3
170310304,8,6,14
170310305,9,16,25
170310306,7,7,14
170310307,11,22,33
170310308,4,15,19
170310309,1,3,4
170310310,11,10,21
170310311,11,11,22
170310312,5,4,9
170310313,9,17,26
170310314,85,57,142
170310315,14,9,23
170310316,5,9,14
170310317,9,7,16
170310318,1,5,6
170310319,4,4,8
170310320,0,1,1
170310321,16,22,38
170310401,7,3,10
170310402,53,46,99
170310403,21,21,42
170310404,12,9,21
170310405,5,1,6
170310406,2,3,5
170310407,9,7,16
170310408,4,4,8
170310409,0,4,4
170310410,13,11,24
170310501,5,6,11
170310502,8,20,28
170310503,0,8,8
170310505,3,12,15
170310506,2,4,6
170310507,3,8,11
170310508,3,2,5
170310509,3,4,7
170310510,4,7,11
170310511,1,1,2
170310512,1,3,4
170310513,4,11,15
170310514,5,6,11
170310515,1,3,4
170310601,4,9,13
170310602,0,5,5
170310603,6,3,9
170310604,5,9,14
170310605,2,4,6
170310606,1,4,5
170310607,3,4,7
170310608,7,19,26
170310609,16,41,57
170310610,2,9,11
170310611,2,5,7
170310612,1,6,7
170310613,3,2,5
170310614,1,3,4
170310615,0,4,4
170310616,4,1,5
170310617,4,4,8
170310618,2,1,3
170310619,22,41,63
170310620,8,10,18
170310621,5,20,25
170310622,3,9,12
170310623,2,8,10
170310624,1,1,2
170310625,5,2,7
170310626,5,26,31
170310627,8,11,19
170310628,5,16,21
170310629,11,18,29
170310630,163,181,344
170310631,10,24,34
170310632,18,40,58
170310633,171,121,292
170310634,4,20,24
170310701,42,66,108
170310702,11,36,47
170310703,17,19,36
170310704,9,13,22
170310705,11,11,22
170310706,13,44,57
170310707,8,21,29
170310708,6,5,11
170310709,10,14,24
170310710,4,14,18
170310711,14,15,29
170310712,60,194,254
170310713,10,36,46
170310714,17,34,51
170310715,15,46,61
170310716,5,19,24
170310717,10,11,21
170310718,11,20,31
170310719,5,21,26
170310720,3,7,10
170310801,26,59,85
170310802,21,55,76
170310803,10,39,49
170310804,7,7,14
170310805,9,5,14
170310807,15,8,23
170310809,6,3,9
170310810,22,70,92
170310811,14,30,44
170310812,20,72,92
170310813,39,95,134
170310814,428,1107,1535
170310815,37,95,132
170310817,1,1,2
170310818,81,231,312
170310819,0,2,2
170310902,4,5,9
170310903,3,2,5
170311001,8,4,12
170311002,3,2,5
170311003,9,3,12
170311004,87,91,178
170311005,6,0,6
170311006,4,3,7
170311007,1,2,3
170311101,4,4,8
170311102,5,2,7
170311103,0,1,1
170311104,3,2,5
170311105,6,4,10
170311201,8,8,16
170311202,27,19,46
170311203,25,21,46
170311204,5,1,6
170311301,18,12,30
170311302,4,1,5
170311303,8,4,12
170311305,4,5,9
170311401,2,2,4
170311402,3,3,6
170311403,3,0,3
170311404,4,3,7
170311405,4,3,7
170311406,1,5,6
170311407,5,5,10
170311408,4,4,8
170311501,1,2,3
170311502,5,4,9
170311503,8,4,12
170311504,13,2,15
170311505,2,1,3
170311506,7,11,18
170311507,5,5,10
170311508,1,0,1
170311509,0,3,3
170311510,3,0,3
170311511,5,2,7
170311512,2,5,7
170311601,2,3,5
170311602,2,5,7
170311603,4,1,5
170311604,1,5,6
170311605,1,2,3
170311606,5,3,8
170311607,1,3,4
170311608,0,2,2
170311609,3,1,4
170311610,4,1,5
170311611,4,0,4
170311612,1,0,1
170311613,1,1,2
170311701,7,11,18
170311703,1,3,4
170311704,4,0,4
170311705,0,1,1
170311707,2,0,2
170311708,4,1,5
170311709,2,1,3
170311710,6,4,10
170311801,5,2,7
170311802,0,1,1
170311803,1,0,1
170311902,3,0,3
170311903,3,0,3
170311904,7,2,9
170311907,1,2,3
170311908,0,1,1
170311910,1,0,1
170311911,1,1,2
170311912,4,0,4
170311914,1,0,1
170312001,1,0,1
170312002,1,0,1
170312003,1,0,1
170312004,2,2,4
170312005,4,1,5
170312101,2,9,11
170312103,0,2,2
170312105,2,4,6
170312106,5,2,7
170312107,0,1,1
170312109,2,3,5
170312201,2,3,5
170312202,2,3,5
170312203,2,2,4
170312204,3,6,9
170312205,4,3,7
170312206,6,5,11
170312207,3,0,3
170312209,1,1,2
170312211,6,4,10
170312212,1,2,3
170312213,6,5,11
170312214,1,2,3
170312215,1,2,3
170312216,6,6,12
170312217,4,10,14
170312218,7,8,15
170312220,5,8,13
170312221,3,5,8
170312222,4,18,22
170312223,2,1,3
170312225,1,1,2
170312226,1,0,1
170312228,1,0,1
170312301,1,0,1
170312306,2,0,2
170312307,1,0,1
170312308,0,1,1
170312309,0,2,2
170312310,0,1,1
170312312,1,0,1
170312313,1,0,1
170312316,0,2,2
170312318,1,0,1
170312401,1,1,2
170312402,6,6,12
170312403,1,12,13
170312404,4,10,14
170312405,5,20,25
170312406,1,2,3
170312407,9,2,11
170312409,9,3,12
170312411,5,2,7
170312412,43,21,64
170312413,4,21,25
170312414,7,22,29
170312415,9,19,28
170312416,0,2,2
170312421,9,25,34
170312422,22,17,39
170312423,13,14,27
170312424,28,13,41
170312425,6,3,9
170312426,4,6,10
170312427,0,1,1
170312428,1,2,3
170312429,1,4,5
170312430,3,8,11
170312431,4,6,10
170312432,12,7,19
170312503,1,0,1
170312504,1,0,1
170312505,9,15,24
170312506,1,2,3
170312511,3,0,3
170312514,1,1,2
170312520,4,0,4
170312521,1,0,1
170312522,2,1,3
170312524,1,2,3
170312601,1,0,1
170312608,0,1,1
170312610,0,1,1
170312704,1,0,1
170312706,1,0,1
170312710,1,1,2
170312712,1,0,1
170312714,5,3,8
170312715,0,1,1
170312716,1,0,1
170312717,2,1,3
170312801,42,54,96
170312802,8,31,39
170312803,3,10,13
170312804,1,2,3
170312805,5,4,9
170312807,1,1,2
170312808,4,14,18
170312809,0,1,1
170312810,1,1,2
170312812,0,1,1
170312813,2,3,5
170312814,4,1,5
170312816,31,10,41
170312817,8,37,45
170312818,29,61,90
170312819,37,57,94
170312820,2,12,14
170312821,0,9,9
170312822,2,7,9
170312823,1,8,9
170312824,14,17,31
170312825,116,215,331
170312826,1,14,15
170312827,2,1,3
170312828,5,13,18
170312829,518,973,1491
170312830,14,37,51
170312831,24,33,57
170312832,5,10,15
170312835,1,2,3
170312836,2,6,8
170312837,12,24,36
170312838,5,5,10
170312839,8,11,19
170312840,0,10,10
170312841,1,0,1
170312843,1,1,2
170312904,1,0,1
170312911,1,0,1
170312914,9,6,15
170312915,65,46,111
170312916,1,0,1
170312917,0,2,2
170312922,1,1,2
170312924,14,0,14
170313001,0,1,1
170313002,7,4,11
170313005,2,0,2
170313006,6,0,6
170313008,1,0,1
170313011,1,0,1
170313012,1,0,1
170313013,5,3,8
170313015,1,0,1
170313016,3,0,3
170313017,4,2,6
170313018,0,2,2
170313101,1,1,2
170313102,0,2,2
170313103,1,1,2
170313106,10,1,11
170313107,3,2,5
170313108,1,3,4
170313109,4,2,6
170313110,0,1,1
170313112,1,0,1
170313113,1,1,2
170313114,2,9,11
170313201,83,235,318
170313202,16,16,32
170313203,7,13,20
170313204,10,54,64
170313205,38,58,96
170313206,44,82,126
170313301,121,191,312
170313302,23,36,59
170313304,78,19,97
170313305,9,9,18
170313401,3,3,6
170313402,7,2,9
170313403,0,1,1
170313404,5,8,13
170313501,25,15,40
170313502,2,1,3
170313503,11,7,18
170313506,1,1,2
170313507,2,1,3
170313508,2,1,3
170313510,9,5,14
170313512,1,0,1
170313513,1,1,2
170313514,0,1,1
170313603,0,1,1
170313604,3,0,3
170313605,2,3,5
170313701,0,1,1
170313704,1,0,1
170313801,2,1,3
170313802,3,0,3
170313807,0,1,1
170313808,0,3,3
170313809,4,2,6
170313812,1,1,2
170313818,0,1,1
170313819,16,10,26
170313901,3,0,3
170313902,6,2,8
170313903,1,3,4
170313904,4,9,13
170313905,11,22,33
170313906,11,17,28
170313907,19,33,52
170314003,1,0,1
170314004,0,1,1
170314007,1,0,1
170314008,1,0,1
170314101,5,3,8
170314102,2,6,8
170314103,3,5,8
170314104,0,1,1
170314105,13,12,25
170314106,9,20,29
170314107,6,6,12
170314108,17,13,30
170314109,15,14,29
170314110,9,24,33
170314111,7,31,38
170314112,10,29,39
170314113,3,9,12
170314114,214,730,944
170314201,1,0,1
170314202,2,3,5
170314203,3,3,6
170314204,4,11,15
170314205,0,2,2
170314206,1,1,2
170314207,1,1,2
170314208,1,0,1
170314209,2,1,3
170314210,5,2,7
170314211,2,2,4
170314212,0,1,1
170314301,10,4,14
170314302,17,14,31
170314303,1,0,1
170314306,3,2,5
170314307,0,1,1
170314308,6,2,8
170314309,0,1,1
170314311,33,13,46
170314312,2,2,4
170314313,4,1,5
170314314,2,3,5
170314401,4,1,5
170314402,9,2,11
170314403,8,2,10
170314404,0,1,1
170314502,2,2,4
170314503,2,1,3
170314601,1,0,1
170314602,3,0,3
170314605,10,3,13
170314607,1,0,1
170314609,0,1,1
170314610,7,0,7
170314701,3,0,3
170314801,1,6,7
170314802,1,1,2
170314803,1,0,1
170314804,11,17,28
170314805,1,1,2
170314902,2,1,3
170314903,2,0,2
170314904,4,0,4
170314905,2,0,2
170314907,1,0,1
170314908,1,0,1
170314909,3,3,6
170314910,3,1,4
170314911,1,1,2
170314912,1,1,2
170314913,0,1,1
170314914,2,1,3
170315001,0,1,1
170315003,2,0,2
170315104,0,1,1
170315202,1,0,1
170315203,1,2,3
170315204,6,1,7
170315205,1,0,1
170315206,1,0,1
170315306,0,1,1
170315401,1,1,2
170315501,1,1,2
170315602,0,1,1
170315603,2,1,3
170315605,1,0,1
170315606,0,1,1
170315608,12,7,19
170315609,3,2,5
170315610,8,6,14
170315611,3,2,5
170315703,1,0,1
170315704,1,0,1
170315705,1,1,2
170315801,1,0,1
170315804,0,1,1
170315805,4,0,4
170315806,3,3,6
170315901,1,0,1
170315902,2,0,2
170315903,1,0,1
170315905,1,0,1
170315906,1,0,1
170316001,0,1,1
170316002,1,0,1
170316003,0,1,1
170316004,4,2,6
170316005,0,1,1
170316006,1,0,1
170316007,1,1,2
170316008,4,3,7
170316009,3,2,5
170316010,1,1,2
170316011,2,2,4
170316012,1,0,1
170316013,1,1,2
170316014,0,3,3
170316015,5,3,8
170316016,1,0,1
170316101,1,0,1
170316103,1,0,1
170316104,3,0,3
170316107,1,0,1
170316112,1,0,1
170316113,1,1,2
170316114,2,0,2
170316115,1,0,1
170316202,3,1,4
170316203,1,0,1
170316204,5,3,8
170316303,0,1,1
170316305,0,1,1
170316306,1,0,1
170316308,2,0,2
170316309,1,1,2
170316403,1,0,1
170316405,2,1,3
170316406,1,0,1
170316502,5,0,5
170316503,14,4,18
170316504,0,2,2
170316505,0,1,1
170316602,0,1,1
170316603,0,1,1
170316605,1,1,2
170316608,1,1,2
170316609,4,7,11
170316610,0,1,1
170316611,1,3,4
170316703,0,1,1
170316707,0,1,1
170316719,1,0,1
170316802,1,0,1
170316807,2,0,2
170316809,10,4,14
170316810,0,1,1
170316811,1,0,1
170316812,2,0,2
170316903,1,0,1
170316910,0,1,1
170316911,1,0,1
170316912,1,0,1
170316913,1,1,2
170316914,2,1,3
170316915,1,0,1
170317001,2,1,3
170317003,3,3,6
170317004,4,0,4
170317005,4,0,4
170317108,1,1,2
170317109,1,0,1
170317111,1,0,1
170317112,2,1,3
170317114,1,0,1
170317201,12,12,24
170317202,10,5,15
170317203,22,12,34
170317204,1,0,1
170317205,1,2,3
170317206,3,5,8
170317207,9,6,15
170317301,1,0,1
170317302,3,2,5
170317303,0,1,1
170317304,2,2,4
170317306,1,0,1
170317401,3,1,4
170317402,2,0,2
170317403,0,1,1
170317404,1,2,3
170317501,5,0,5
170317502,5,0,5
170317503,1,1,2
170317504,4,2,6
170317505,3,5,8
170317506,1,1,2
170317608,8,9,17
170317609,1,1,2
170317702,38,89,127
170317703,2,1,3
170317704,1,3,4
170317705,1,0,1
170317706,4,4,8
170317708,0,3,3
170317709,6,7,13
170318001,11,34,45
170318002,16,59,75
170318003,15,31,46
170318004,15,19,34
170318005,23,51,74
170318006,4,26,30
170318007,29,60,89
170318008,17,22,39
170318009,15,51,66
170318010,37,53,90
170318011,15,31,46
170318012,15,40,55
170318013,13,39,52
170318014,11,23,34
170318015,29,44,73
170318016,186,323,509
170318017,19,38,57
170318018,26,49,75
170318019,40,63,103
170318020,30,34,64
170318021,4,10,14
170318022,20,26,46
170318023,35,62,97
170318024,13,12,25
170318025,13,3,16
170318026,13,14,27
170318027,16,8,24
170318028,8,7,15
170318029,15,16,31
170318030,50,33,83
170318031,16,4,20
170318032,8,6,14
170318033,4,14,18
170318034,7,16,23
170318035,38,73,111
170318036,49,54,103
170318037,7,5,12
170318038,2,2,4
170318039,4,5,9
170318040,2,1,3
170318041,38,54,92
170318042,65,134,199
170318043,24,17,41
170318044,12,7,19
170318045,29,15,44
170318046,55,56,111
170318047,78,79,157
170318048,17,16,33
170318049,9,10,19
170318050,8,3,11
170318051,43,63,106
170318052,7,15,22
170318053,11,8,19
170318054,18,20,38
170318055,20,32,52
170318056,11,6,17
170318057,12,20,32
170318058,28,30,58
170318059,77,104,181
170318060,111,132,243
170318061,30,29,59
170318062,15,12,27
170318063,4,3,7
170318064,5,0,5
170318065,2,3,5
170318066,2,1,3
170318067,13,15,28
170318068,44,86,130
170318069,31,40,71
170318070,3,6,9
170318071,23,31,54
170318072,11,15,26
170318073,13,20,33
170318074,15,9,24
170318075,4,5,9
170318076,7,8,15
170318077,6,9,15
170318078,17,8,25
170318079,47,46,93
170318080,58,46,104
170318081,6,5,11
170318082,2,2,4
170318083,25,15,40
170318084,15,30,45
170318085,5,7,12
170318086,10,14,24
170318087,6,10,16
170318088,43,135,178
170318089,11,29,40
170318090,14,26,40
170318091,9,11,20
170318092,4,6,10
170318093,43,32,75
170318094,17,45,62
170318095,16,20,36
170318096,2,8,10
170318097,4,5,9
170318098,6,14,20
170318099,7,20,27
170318100,12,18,30
170318101,11,16,27
170318102,133,83,216
170318103,17,6,23
170318104,13,6,19
170318105,4,5,9
170318106,1,2,3
170318107,3,1,4
170318108,2,1,3
170318109,5,9,14
170318110,10,12,22
170318111,3,0,3
170318112,1,1,2
170318113,31,40,71
170318114,4,2,6
170318115,0,3,3
170318116,2,1,3
170318117,1,3,4
170318118,1,1,2
170318119,49,96,145
170318120,49,54,103
170318121,16,11,27
170318122,36,42,78
170318123,64,89,153
170318124,43,44,87
170318125,50,31,81
170318126,10,14,24
170318127,30,16,46
170318128,37,26,63
170318129,38,27,65
170318130,11,14,25
170318131,16,10,26
170318132,13,18,31
170318133,1,0,1
170318134,0,1,1
170318135,2,2,4
170318137,1,1,2
170318139,3,2,5
170318140,2,0,2
170318141,2,1,3
170318144,1,0,1
170318145,3,0,3
170318146,1,1,2
170318147,3,1,4
170318148,7,8,15
170318149,3,2,5
170318150,2,1,3
170318151,5,0,5
170318152,3,0,3
170318153,3,3,6
170318154,59,74,133
170318155,3,0,3
170318156,6,5,11
170318157,31,52,83
170318158,2,3,5
170318159,19,24,43
170318160,10,16,26
170318161,20,9,29
170318162,3,3,6
170318163,1,5,6
170318164,62,20,82
170318167,1,0,1
170318168,0,3,3
170318170,0,1,1
170318171,1,1,2
170318172,1,0,1
170318173,2,12,14
170318174,1,1,2
170318175,3,0,3
170318176,2,0,2
170318177,2,0,2
170318179,112,435,547
170318180,1,3,4
170318181,1,5,6
170318182,4,6,10
170318184,5,6,11
170318185,19,24,43
170318186,4,8,12
170318187,3,4,7
170318188,5,1,6
170318189,11,12,23
170318190,9,15,24
170318191,3,4,7
170318192,1,4,5
170318193,2,0,2
170318194,4,6,10
170318195,8,5,13
170318196,4,12,16
170318197,13,26,39
170318198,23,32,55
170318199,8,6,14
170318200,16,42,58
170318201,66,106,172
170318202,41,52,93
170318203,1,1,2
170318204,4,1,5
170318205,5,1,6
170318206,11,9,20
170318207,3,2,5
170318208,0,1,1
170318209,4,1,5
170318210,1,1,2
170318211,6,11,17
170318212,11,22,33
170318213,0,1,1
170318214,3,1,4
170318216,3,0,3
170318217,10,12,22
170318218,20,37,57
170318219,5,5,10
170318220,13,0,13
170318221,102,119,221
170318222,1,2,3
170318223,2,7,9
170318224,3,3,6
170318225,15,26,41
170318226,14,17,31
170318227,16,9,25
170318228,6,5,11
170318229,0,1,1
170318230,12,10,22
170318231,7,3,10
170318232,1,2,3
170318233,3,7,10
170318234,3,1,4
170318236,31,24,55
170318237,21,17,38
170318238,30,37,67
170318239,67,114,181
170318240,27,25,52
170318241,202,184,386
170318243,2,0,2
170318244,1,0,1
170318245,42,32,74
170318246,3,5,8
170318247,3,0,3
170318248,2,0,2
170318249,3,0,3
170318250,0,2,2
170318252,1,0,1
170318253,10,8,18
170318254,2,3,5
170318255,40,42,82
170318256,1,0,1
170318257,0,1,1
170318258,6,2,8
170318260,1,0,1
170318261,1,1,2
170318262,5,1,6
170318263,1,3,4
170318264,2,2,4
170318265,1,0,1
170318268,1,0,1
170318272,9,0,9
170318273,2,0,2
170318274,14,44,58
170318275,6,1,7
170318278,6,5,11
170318279,8,3,11
170318280,1,1,2
170318281,2,1,3
170318282,0,2,2
170318284,2,5,7
170318285,3,3,6
170318286,6,11,17
170318287,1,1,2
170318288,39,43,82
170318289,9,12,21
170318290,1,0,1
170318292,2,0,2
170318293,5,11,16
170318296,0,1,1
170318297,1,0,1
170318298,38,57,95
170318299,25,32,57
170318300,60,102,162
170318301,0,2,2
170318302,0,1,1
170318303,2,0,2
170318304,2,2,4
170318411,1,0,1
170318413,1,0,1
170318458,0,2,2
170318643,0,2,2
170318835,6,7,13
170339801,1,1,2
170339802,1,0,1
170339803,11,9,20
170339805,1,0,1
170339806,2,1,3
170359725,1,0,1
170359726,1,0,1
170370001,3,1,4
170370002,1,1,2
170370004,5,6,11
170370005,10,10,20
170370006,10,13,23
170370007,3,9,12
170370008,6,9,15
170370009,3,5,8
170370010,0,3,3
170370013,2,2,4
170370014,3,3,6
170370017,1,0,1
170370018,1,0,1
170370019,2,0,2
170370020,2,2,4
170370021,5,2,7
170378445,1,0,1
170399714,2,1,3
170399716,1,1,2
170399717,9,3,12
170419521,0,1,1
170419522,2,0,2
170419523,0,1,1
170419524,4,1,5
170419769,1,0,1
170438045,1,0,1
170438200,1,1,2
170438201,0,3,3
170438202,8,9,17
170438240,4,8,12
170438400,1,0,1
170438401,17,10,27
170438402,11,7,18
170438403,15,10,25
170438404,0,2,2
170438405,2,2,4
170438406,17,22,39
170438407,14,6,20
170438408,4,2,6
170438409,15,10,25
170438410,2,4,6
170438411,66,37,103
170438412,7,9,16
170438413,37,35,72
170438414,19,43,62
170438415,2,1,3
170438416,15,19,34
170438417,24,25,49
170438418,23,32,55
170438419,4,4,8
170438420,6,8,14
170438421,11,18,29
170438422,22,29,51
170438423,3,15,18
170438424,1,9,10
170438425,69,95,164
170438426,5,33,38
170438427,19,32,51
170438428,9,19,28
170438429,37,46,83
170438430,12,13,25
170438431,2,3,5
170438432,0,2,2
170438433,5,3,8
170438434,2,0,2
170438435,3,8,11
170438436,2,4,6
170438437,5,5,10
170438438,7,1,8
170438439,9,13,22
170438440,26,39,65
170438441,6,14,20
170438442,17,15,32
170438443,85,96,181
170438444,118,232,350
170438445,65,129,194
170438446,99,210,309
170438447,58,124,182
170438448,15,38,53
170438449,15,21,36
170438450,9,11,20
170438451,12,43,55
170438452,14,73,87
170438453,67,56,123
170438454,55,124,179
170438455,71,82,153
170438456,10,4,14
170438457,19,19,38
170438458,81,90,171
170438459,113,175,288
170438460,13,20,33
170438461,32,55,87
170438462,64,77,141
170438463,67,96,163
170438464,49,90,139
170438465,103,149,252
170438544,0,4,4
170438801,4,6,10
170438803,23,23,46
170450703,1,2,3
170450704,6,5,11
170479570,1,0,1
170499501,5,1,6
170499502,4,7,11
170499503,1,0,1
170499504,1,0,1
170499505,2,0,2
170499506,3,12,15
170499507,20,17,37
170499508,6,7,13
170519505,0,1,1
170519507,2,1,3
170519508,5,1,6
170539618,2,1,3
170539619,1,0,1
170539620,8,2,10
170550403,1,0,1
170550404,2,0,2
170550405,7,3,10
170550406,3,0,3
170550408,1,0,1
170550409,3,0,3
170550410,2,1,3
170550411,1,0,1
170550412,1,0,1
170579528,3,0,3
170579529,1,0,1
170579532,2,0,2
170579533,2,5,7
170579534,8,1,9
170579535,1,2,3
170579536,4,1,5
170579537,0,1,1
170579538,1,1,2
170579539,1,0,1
170599727,2,1,3
170619736,2,0,2
170619737,2,0,2
170619738,1,0,1
170619740,6,1,7
170630001,5,0,5
170630002,3,9,12
170630003,1,2,3
170630004,19,9,28
170630005,1,2,3
170630006,1,0,1
170630007,3,0,3
170630008,0,1,1
170638833,3,1,4
170650412,1,0,1
170659731,2,3,5
170679538,5,0,5
170679540,2,0,2
170679541,2,3,5
170679543,1,0,1
170699562,0,1,1
170699708,1,0,1
170699709,2,0,2
170719733,0,1,1
170719734,1,0,1
170719735,1,1,2
170730240,0,1,1
170730302,6,1,7
170730303,9,5,14
170730304,0,1,1
170730305,1,0,1
170730306,1,1,2
170730309,3,1,4
170730310,2,1,3
170730311,1,0,1
170730312,2,0,2
170750126,1,0,1
170759501,1,0,1
170759502,2,3,5
170759504,5,1,6
170759505,6,6,12
170759506,3,0,3
170759507,1,1,2
170770101,1,0,1
170770102,2,1,3
170770103,1,0,1
170770104,5,4,9
170770106,5,3,8
170770107,5,2,7
170770108,32,19,51
170770109,6,0,6
170770110,30,37,67
170770112,5,4,9
170770113,1,2,3
170770114,1,2,3
170770115,6,6,12
170770116,13,20,33
170779502,0,1,1
170799774,1,0,1
170799775,1,0,1
170810501,0,2,2
170810502,1,2,3
170810503,1,0,1
170810504,1,0,1
170810505,19,26,45
170810506,15,32,47
170810507,0,4,4
170810508,1,1,2
170810509,0,1,1
170810510,0,1,1
170830101,1,1,2
170830102,0,1,1
170830104,13,8,21
170850201,2,1,3
170850202,0,2,2
170850203,8,5,13
170850204,2,1,3
170850205,1,0,1
170879776,1,2,3
170879777,1,1,2
170898413,0,1,1
170898465,2,3,5
170898501,7,17,24
170898504,4,1,5
170898505,3,3,6
170898506,2,21,23
170898507,20,16,36
170898508,3,16,19
170898509,1,2,3
170898511,3,5,8
170898512,1,0,1
170898513,3,1,4
170898514,0,2,2
170898516,0,1,1
170898517,1,5,6
170898518,4,3,7
170898519,39,62,101
170898520,38,38,76
170898521,26,45,71
170898522,14,6,20
170898523,5,7,12
170898524,16,42,58
170898525,1,1,2
170898526,42,85,127
170898527,7,2,9
170898528,24,32,56
170898529,21,46,67
170898530,3,1,4
170898532,3,1,4
170898533,1,1,2
170898534,1,0,1
170898539,1,9,10
170898540,24,22,46
170898541,3,0,3
170898542,3,3,6
170898544,18,29,47
170898545,24,27,51
170898711,1,0,1
170910102,3,3,6
170910104,1,5,6
170910105,16,20,36
170910106,14,20,34
170910107,0,1,1
170910108,2,0,2
170910109,1,0,1
170910112,0,1,1
170910113,2,6,8
170910114,0,1,1
170910115,1,0,1
170910117,6,9,15
170910118,1,5,6
170910120,10,3,13
170910121,18,21,39
170910122,0,1,1
170910123,3,5,8
170910124,2,3,5
170910125,2,0,2
170910126,5,0,5
170938545,2,0,2
170938803,2,4,6
170938804,1,0,1
170938901,23,10,33
170938902,1,1,2
170938903,5,3,8
170938904,12,7,19
170938905,4,1,5
170938906,6,2,8
170938907,3,2,5
170950002,4,3,7
170950003,10,16,26
170950004,10,10,20
170950005,1,0,1
170950006,15,21,36
170950007,0,2,2
170950008,1,3,4
170950012,5,4,9
170950013,2,2,4
170950014,3,2,5
170950015,1,0,1
170950016,1,1,2
170978030,5,3,8
170978042,2,5,7
170978601,5,0,5
170978602,3,10,13
170978603,0,1,1
170978604,3,0,3
170978605,1,0,1
170978606,1,0,1
170978607,2,11,13
170978608,9,8,17
170978609,5,5,10
170978610,20,11,31
170978611,20,9,29
170978612,4,2,6
170978613,0,1,1
170978614,4,1,5
170978615,53,88,141
170978616,34,49,83
170978617,2,13,15
170978618,1,3,4
170978619,0,1,1
170978620,1,5,6
170978621,1,1,2
170978622,2,2,4
170978624,1,2,3
170978625,1,0,1
170978626,9,17,26
170978628,1,0,1
170978630,10,24,34
170978631,1,6,7
170978632,53,101,154
170978633,6,14,20
170978634,8,27,35
170978635,41,74,115
170978636,22,41,63
170978637,22,43,65
170978638,27,40,67
170978639,55,65,120
170978640,3,6,9
170978641,35,21,56
170978642,7,1,8
170978643,56,102,158
170978644,53,71,124
170978645,145,186,331
170978646,30,79,109
170978647,10,26,36
170978648,27,60,87
170978649,54,74,128
170978650,3,11,14
170978652,7,3,10
170978653,9,14,23
170978654,36,57,93
170978655,16,40,56
170978656,12,31,43
170978657,24,42,66
170978658,17,45,62
170978713,2,0,2
170978714,0,2,2
170999617,2,1,3
170999618,3,0,3
170999619,8,8,16
170999620,1,0,1
170999621,0,1,1
170999622,4,4,8
170999623,13,12,25
170999625,0,1,1
170999626,7,2,9
170999627,5,4,9
170999629,1,1,2
170999630,7,6,13
170999631,2,1,3
170999632,8,6,14
170999633,1,2,3
170999634,5,0,5
170999635,1,0,1
170999636,2,3,5
170999637,2,1,3
170999638,1,2,3
170999639,7,8,15
170999640,1,0,1
170999642,6,8,14
170999643,1,0,1
171019806,1,1,2
171019807,0,1,1
171019810,3,1,4
171019811,3,1,4
171030003,21,15,36
171030004,5,4,9
171030005,8,12,20
171030006,0,3,3
171030008,1,0,1
171030009,0,2,2
171059601,3,0,3
171059604,1,2,3
171059605,7,4,11
171059606,2,1,3
171059607,5,6,11
171059608,4,2,6
171059609,1,0,1
171079531,1,0,1
171079532,2,0,2
171079534,13,0,13
171079536,1,1,2
171090101,1,0,1
171090103,3,2,5
171090104,4,0,4
171090106,1,0,1
171090107,18,13,31
171090109,1,1,2
171090110,0,2,2
171090111,1,1,2
171099537,1,0,1
171118501,1,2,3
171118643,0,1,1
171118701,4,1,5
171118702,4,1,5
171118703,4,1,5
171118704,6,7,13
171118705,6,4,10
171118706,10,13,23
171118707,2,3,5
171118708,45,69,114
171118709,28,20,48
171118710,4,3,7
171118711,42,25,67
171118712,25,21,46
171118713,43,23,66
171118714,13,11,24
171130001,10,9,19
171130003,2,1,3
171130004,14,28,42
171130005,33,51,84
171130011,15,29,44
171130012,4,12,16
171130013,0,5,5
171130014,0,3,3
171130016,4,3,7
171130017,2,0,2
171130018,27,40,67
171130019,2,12,14
171130021,6,6,12
171130051,20,24,44
171130052,1,0,1
171130054,0,6,6
171130055,2,2,4
171130056,1,0,1
171150001,1,3,4
171150003,2,0,2
171150004,1,0,1
171150005,3,3,6
171150007,2,0,2
171150011,0,1,1
171150012,12,20,32
171150013,4,6,10
171150014,1,0,1
171150015,2,3,5
171150016,1,2,3
171150017,0,1,1
171150018,5,1,6
171150019,3,0,3
171150020,51,63,114
171150022,2,1,3
171150023,1,2,3
171150024,11,12,23
171150025,6,5,11
171150026,2,7,9
171150029,25,29,54
171159581,2,0,2
171179560,0,1,1
171179561,2,0,2
171179563,3,1,4
171179564,5,6,11
171179569,2,0,2
171179570,1,0,1
171179572,3,2,5
171194001,1,1,2
171194005,15,13,28
171194008,3,2,5
171194009,4,4,8
171194011,1,4,5
171194013,0,2,2
171194017,2,4,6
171194018,0,2,2
171194019,5,2,7
171194020,9,10,19
171194021,16,21,37
171194022,1,1,2
171194023,1,1,2
171194024,4,7,11
171194025,2,0,2
171194026,1,0,1
171194027,15,24,39
171194028,5,4,9
171194029,2,3,5
171194030,9,7,16
171194031,32,35,67
171194032,3,0,3
171194033,1,2,3
171194034,1,2,3
171194035,37,37,74
171194036,9,6,15
171194037,6,4,10
171194038,1,2,3
171219517,1,0,1
171219520,7,1,8
171219521,3,2,5
171219522,1,2,3
171219523,2,0,2
171219524,4,12,16
171219526,2,5,7
171219527,6,15,21
171239611,3,1,4
171239612,1,0,1
171239614,1,1,2
171239615,1,0,1
171259563,0,1,1
171259564,1,1,2
171259565,4,1,5
171259566,1,1,2
171259567,0,1,1
171259568,1,0,1
171279701,1,2,3
171279702,2,3,5
171279704,1,0,1
171290102,7,4,11
171310241,0,1,1
171310401,0,1,1
171310403,5,1,6
171310404,1,0,1
171336001,8,5,13
171336002,8,1,9
171336003,0,1,1
171359575,0,1,1
171359576,0,1,1
171359577,11,1,12
171359578,1,1,2
171359579,8,2,10
171379517,1,2,3
171379518,5,2,7
171379519,17,19,36
171379520,0,4,4
171379521,1,2,3
171379522,1,1,2
171379707,1,0,1
171399769,1,0,1
171399771,1,0,1
171399772,6,0,6
171419607,3,0,3
171419608,1,1,2
171419609,5,0,5
171419610,5,0,5
171419611,11,2,13
171419612,4,1,5
171419613,2,1,3
171419614,3,0,3
171419615,4,2,6
171419617,2,0,2
171430005,2,0,2
171430006,0,1,1
171430009,19,27,46
171430012,36,17,53
171430016,75,131,206
171430018,1,5,6
171430019,3,4,7
171430020,1,22,23
171430021,1,0,1
171430022,6,6,12
171430023,8,8,16
171430024,6,2,8
171430025,1,0,1
171430026,2,4,6
171430027,6,6,12
171430028,4,4,8
171430029,29,49,78
171430030,13,11,24
171430031,39,47,86
171430032,18,29,47
171430033,10,32,42
171430034,62,98,160
171430036,6,3,9
171430037,1,2,3
171430038,1,0,1
171430039,10,55,65
171430040,1,7,8
171430041,32,39,71
171430042,1,11,12
171430043,4,0,4
171430044,7,5,12
171430045,3,0,3
171430046,4,0,4
171430048,1,2,3
171430049,2,4,6
171450302,9,1,10
171450303,1,0,1
171450304,1,0,1
171450305,4,1,5
171450306,1,2,3
171470106,0,2,2
171479545,0,1,1
171479546,6,5,11
171499525,2,0,2
171499527,8,4,12
171519713,1,0,1
171559545,1,0,1
171579505,1,1,2
171579506,9,3,12
171579508,5,1,6
171579510,1,0,1
171579511,3,0,3
171579512,5,1,6
171579513,2,2,4
171599779,2,5,7
171599780,1,0,1
171599781,14,11,25
171599782,2,2,4
171599783,1,1,2
171610201,3,8,11
171610203,12,12,24
171610204,2,1,3
171610206,0,3,3
171610207,1,0,1
171610208,0,5,5
171610209,1,3,4
171610210,3,3,6
171610211,8,8,16
171610212,5,14,19
171610213,1,2,3
171610215,1,2,3
171610217,0,1,1
171610218,8,9,17
171610219,20,19,39
171610220,4,9,13
171610221,15,40,55
171610222,1,8,9
171610223,7,2,9
171610228,1,2,3
171610230,4,8,12
171610231,2,10,12
171610232,11,25,36
171610240,3,5,8
171610241,1,6,7
171610242,1,0,1
171610243,0,1,1
171610302,1,1,2
171635009,2,1,3
171635012,2,1,3
171635013,2,1,3
171635014,1,0,1
171635015,4,2,6
171635016,33,42,75
171635017,66,44,110
171635018,0,1,1
171635019,2,1,3
171635021,1,0,1
171635023,1,1,2
171635024,1,0,1
171635026,1,0,1
171635028,4,4,8
171635031,6,1,7
171635032,19,32,51
171635033,39,52,91
171635034,30,21,51
171635038,9,10,19
171635039,19,13,32
171635040,5,2,7
171635043,52,40,92
171635045,2,5,7
171636001,0,1,1
171659551,3,1,4
171659555,3,1,4
171659556,3,0,3
171659557,0,1,1
171659558,2,3,5
171659559,10,6,16
171659560,2,1,3
171659561,1,0,1
171659562,2,2,4
171670001,1,1,2
171670002,1,3,4
171670003,34,91,125
171670004,6,9,15
171670005,0,4,4
171670006,1,0,1
171670009,39,71,110
171670010,39,44,83
171670011,2,16,18
171670012,5,15,20
171670013,6,13,19
171670014,4,3,7
171670016,72,88,160
171670018,21,33,54
171670019,1,2,3
171670020,24,57,81
171670021,15,40,55
171670022,1,4,5
171670025,1,0,1
171670026,5,1,6
171670027,1,3,4
171670028,4,2,6
171670029,17,10,27
171670030,10,14,24
171670031,13,42,55
171670032,20,27,47
171670033,1,1,2
171670034,1,1,2
171670035,4,1,5
171670036,50,139,189
171670037,8,6,14
171670038,3,2,5
171670039,11,15,26
171670040,2,1,3
171699702,4,0,4
171719707,1,0,1
171739591,3,0,3
171739593,8,2,10
171739595,1,0,1
171739726,0,1,1
171759515,3,0,3
171770002,1,0,1
171770003,1,0,1
171770005,3,4,7
171770006,1,1,2
171770008,7,10,17
171770009,2,2,4
171770010,15,14,29
171770011,2,11,13
171790201,2,4,6
171790203,2,2,4
171790204,2,0,2
171790205,0,1,1
171790207,1,0,1
171790208,0,1,1
171790210,10,11,21
171790211,6,5,11
171790212,14,9,23
171790215,7,11,18
171790216,27,28,55
171790217,12,12,24
171790218,1,1,2
171790219,2,0,2
171790220,3,6,9
171790221,1,2,3
171790222,8,2,10
171790223,2,4,6
171790224,2,1,3
171790305,0,1,1
171819501,3,2,5
171819503,0,1,1
171819504,13,2,15
171819505,1,2,3
171830001,0,3,3
171830003,0,1,1
171830004,1,0,1
171830005,1,0,1
171830006,3,7,10
171830007,11,7,18
171830008,15,24,39
171830009,3,0,3
171830010,2,0,2
171830011,8,7,15
171830012,6,2,8
171830013,14,20,34
171830101,1,1,2
171830102,3,1,4
171830103,0,1,1
171830105,1,0,1
171830106,1,0,1
171830110,1,0,1
171859572,0,1,1
171859573,4,4,8
171859574,2,1,3
171878702,1,1,2
171878704,10,3,13
171878705,1,1,2
171899502,0,1,1
171899503,6,3,9
171899504,1,1,2
171919551,1,0,1
171919552,10,2,12
171939570,0,1,1
171939581,5,0,5
171939583,1,0,1
171950002,1,0,1
171950003,3,0,3
171950004,1,1,2
171950005,1,1,2
171950006,1,0,1
171950008,1,1,2
171950009,9,8,17
171950010,0,1,1
171950011,15,23,38
171950012,1,0,1
171950013,2,3,5
171950014,3,1,4
171950015,3,0,3
171950017,0,2,2
171978241,3,1,4
171978297,0,1,1
171978462,0,1,1
171978463,5,1,6
171978465,4,3,7
171978801,52,58,110
171978802,0,2,2
171978803,117,124,241
171978804,21,17,38
171978805,8,4,12
171978806,5,3,8
171978807,1,0,1
171978808,1,2,3
171978809,10,8,18
171978810,32,31,63
171978811,21,24,45
171978812,1,0,1
171978815,2,7,9
171978816,2,6,8
171978817,0,1,1
171978820,0,2,2
171978822,6,32,38
171978827,0,3,3
171978828,26,43,69
171978830,5,0,5
171978832,43,74,117
171978833,6,3,9
171978834,6,1,7
171978835,74,104,178
171978836,4,4,8
171978838,10,8,18
171978839,2,2,4
171978840,2,0,2
171990202,6,7,13
171990203,16,19,35
171990204,3,10,13
171990205,6,3,9
171990206,0,1,1
171990207,3,0,3
171990208,0,3,3
171990209,3,5,8
171990210,16,17,33
171990211,2,2,4
171990212,6,17,23
171990213,10,11,21
171990214,1,0,1
172010001,5,0,5
172010002,0,6,6
172010004,55,32,87
172010005,159,243,402
172010006,4,3,7
172010007,5,10,15
172010008,1,0,1
172010011,4,7,11
172010013,24,23,47
172010015,2,0,2
172010016,1,0,1
172010022,0,1,1
172010026,12,0,12
172010029,0,2,2
172010030,4,6,10
172010033,30,68,98
172010035,6,4,10
172010036,9,8,17
172010037,14,13,27
172010038,18,36,54
172010039,13,22,35
172010040,9,5,14
172010041,1,1,2
172010042,4,2,6
172010043,4,4,8
172010105,2,0,2
172030217,2,0,2
172030302,3,1,4
172030303,1,0,1
172030304,6,3,9
172030305,5,15,20
172030306,6,4,10
172030307,5,2,7
180010301,0,3,3
180010302,2,1,3
180010303,6,3,9
180010304,1,0,1
180010305,2,0,2
180010306,1,0,1
180010307,1,0,1
180030001,0,2,2
180030003,3,5,8
180030004,11,17,28
180030008,0,1,1
180030009,1,2,3
180030011,4,5,9
180030012,1,6,7
180030013,2,18,20
180030014,1,0,1
180030018,1,1,2
180030020,0,1,1
180030021,14,0,14
180030022,9,3,12
180030023,1,0,1
180030026,0,1,1
180030027,3,0,3
180030030,0,1,1
180030032,4,6,10
180030034,1,23,24
180030035,21,57,78
180030037,1,0,1
180030039,2,2,4
180030040,2,0,2
180030041,11,8,19
180030101,4,0,4
180030102,11,13,24
180030103,55,80,135
180030104,0,1,1
180030105,1,1,2
180030106,3,3,6
180030107,35,54,89
180030108,45,45,90
180030109,3,0,3
180030110,4,1,5
180030112,1,1,2
180030115,3,18,21
180030116,106,339,445
180030117,4,5,9
180030118,0,1,1
180030119,1,0,1
180050101,3,10,13
180050102,15,14,29
180050103,9,9,18
180050104,24,6,30
180050105,0,5,5
180050106,1,2,3
180050107,14,18,32
180050109,16,21,37
180050110,5,18,23
180050111,3,2,5
180050112,0,2,2
180050113,1,7,8
180050114,2,4,6
180050115,0,1,1
180059679,1,0,1
180079902,2,1,3
180099751,6,1,7
180099752,1,1,2
180099754,3,0,3
180111103,0,1,1
180111110,0,1,1
180113101,1,1,2
180118101,3,2,5
180118102,4,0,4
180118103,1,0,1
180118104,3,2,5
180118105,9,12,21
180118106,118,257,375
180118107,3,3,6
180139746,1,1,2
180139747,0,2,2
180139748,2,2,4
180139749,5,3,8
180159594,0,1,1
180159595,0,1,1
180159596,4,0,4
180159598,1,0,1
180159599,5,0,5
180179509,4,5,9
180179510,1,2,3
180179512,9,9,18
180179513,1,0,1
180179515,2,2,4
180179516,3,4,7
180179517,4,2,6
180179518,0,4,4
180190501,2,11,13
180190502,22,45,67
180190503,1,0,1
180190504,9,2,11
180190505,8,3,11
180190506,18,10,28
180190507,8,8,16
180190508,3,8,11
180190509,10,6,16
180190510,0,1,1
180210401,5,1,6
180210402,7,0,7
180210404,6,0,6
180210405,0,1,1
180210406,2,0,2
180239502,1,0,1
180239503,2,0,2
180239505,1,0,1
180239506,1,2,3
180239507,1,3,4
180239508,10,4,14
180239597,2,1,3
180259520,0,1,1
180279502,1,0,1
180279543,3,1,4
180279544,3,1,4
180279546,2,1,3
180279548,1,1,2
180279549,7,13,20
180290801,5,9,14
180290802,6,0,6
180290803,14,10,24
180290804,6,4,10
180290805,0,4,4
180290806,3,0,3
180290807,0,1,1
180319690,1,0,1
180319691,1,2,3
180319692,3,1,4
180319693,5,3,8
180319694,5,3,8
180330202,5,1,6
180330203,2,0,2
180330204,18,6,24
180330205,4,0,4
180330206,2,0,2
180330207,4,4,8
180330208,1,0,1
180350002,0,1,1
180350003,0,1,1
180350004,1,1,2
180350005,0,1,1
180350006,1,1,2
180350007,1,3,4
180350008,33,20,53
180350009,61,78,139
180350010,4,6,10
180350011,1,4,5
180350016,3,7,10
180350019,7,6,13
180350020,1,0,1
180350021,0,1,1
180350022,1,1,2
180350023,1,2,3
180350024,29,33,62
180350025,10,8,18
180350026,12,6,18
180350027,4,0,4
180379532,8,6,14
180379533,9,15,24
180379534,16,22,38
180379535,0,2,2
180379537,8,1,9
180379538,4,3,7
180390001,2,3,5
180390002,2,5,7
180390003,19,18,37
180390004,16,22,38
180390005,8,3,11
180390006,5,7,12
180390007,4,13,17
180390008,10,9,19
180390009,2,2,4
180390010,2,0,2
180390011,7,1,8
180390012,1,2,3
180390013,6,1,7
180390014,2,2,4
180390015,20,30,50
180390016,6,5,11
180390017,6,6,12
180390018,7,16,23
180390019,2,5,7
180390020,1,1,2
180390021,4,0,4
180390022,2,3,5
180390024,3,10,13
180390025,6,4,10
180390028,2,3,5
180419540,0,3,3
180419541,0,2,2
180419542,2,2,4
180419543,7,5,12
180419544,1,0,1
180419545,5,2,7
180430703,1,2,3
180430704,1,1,2
180430705,2,4,6
180430706,6,8,14
180430707,10,23,33
180430708,7,7,14
180430709,10,10,20
180430710,14,40,54
180430711,15,11,26
180430712,3,5,8
180459578,1,0,1
180459579,3,0,3
180459580,0,1,1
180470801,0,1,1
180479601,7,7,14
180479608,1,0,1
180479685,1,3,4
180479696,2,1,3
180479697,1,0,1
180479698,1,0,1
180479699,0,1,1
180499531,8,7,15
180499533,1,0,1
180499534,1,1,2
180510502,5,3,8
180510503,2,1,3
180510504,4,1,5
180510505,8,7,15
180530001,6,4,10
180530004,2,1,3
180530005,26,35,61
180530006,2,6,8
180530008,3,0,3
180530009,3,3,6
180530101,3,6,9
180530103,1,0,1
180530105,6,1,7
180530106,1,1,2
180530107,3,1,4
180530108,4,0,4
180559548,0,1,1
180559549,5,0,5
180559550,1,0,1
180559552,1,0,1
180559553,3,1,4
180559554,4,0,4
180571101,5,2,7
180571102,6,16,22
180571103,11,19,30
180571104,19,32,51
180571105,54,91,145
180571106,1,1,2
180571107,2,2,4
180571108,136,225,361
180571109,129,281,410
180571110,144,330,474
180571111,49,160,209
180574102,0,2,2
180574109,1,1,2
180578106,1,3,4
180591108,8,13,21
180593616,0,1,1
180593902,0,1,1
180594101,0,1,1
180594102,10,7,17
180594103,4,2,6
180594104,9,3,12
180594106,12,12,24
180594107,4,2,6
180594108,6,1,7
180594109,3,3,6
180594110,7,5,12
180597101,0,1,1
180597102,0,2,2
180610601,3,0,3
180610602,3,0,3
180610603,7,0,7
180610604,10,6,16
180610605,2,2,4
180610606,1,2,3
180632101,27,41,68
180632102,12,13,25
180632103,2,1,3
180632104,1,2,3
180632105,18,20,38
180632106,78,63,141
180632107,1,3,4
180632108,7,7,14
180632109,0,1,1
180632110,1,0,1
180632111,1,0,1
180659742,1,0,1
180659756,3,0,3
180659757,1,1,2
180659758,3,3,6
180659759,3,4,7
180659760,6,3,9
180659761,8,7,15
180659764,9,4,13
180659767,0,1,1
180659768,1,1,2
180670006,1,0,1
180670007,8,7,15
180670008,16,11,27
180670010,1,0,1
180670011,8,12,20
180670013,0,2,2
180670014,18,15,33
180670015,1,0,1
180670101,1,2,3
180670102,6,3,9
180670103,1,8,9
180670104,2,2,4
180670105,4,3,7
180670106,11,18,29
180690402,2,0,2
180699913,2,2,4
180699914,1,1,2
180699915,3,2,5
180699916,8,0,8
180699917,1,1,2
180699918,1,0,1
180699919,3,0,3
180699921,1,1,2
180719675,3,2,5
180719676,0,1,1
180719677,2,5,7
180719678,14,9,23
180719679,8,2,10
180719680,1,2,3
180719681,4,3,7
180719683,1,0,1
180739904,0,1,1
180739909,5,0,5
180739910,4,1,5
180739911,6,1,7
180739912,6,2,8
180739913,2,1,3
180759627,1,0,1
180759631,7,3,10
180759633,2,0,2
180779660,2,3,5
180779661,0,4,4
180779662,1,3,4
180779663,4,2,6
180779664,4,6,10
180779665,8,15,23
180779666,15,8,23
180799603,1,0,1
180799604,9,2,11
180799605,1,1,2
180813812,1,0,1
180816101,9,10,19
180816102,8,11,19
180816103,8,0,8
180816104,10,11,21
180816106,38,25,63
180816107,35,51,86
180816108,16,19,35
180816109,7,2,9
180816110,6,2,8
180816111,3,2,5
180816112,3,5,8
180816113,4,0,4
180816114,5,3,8
180839551,2,0,2
180839552,3,14,17
180839553,7,0,7
180839554,3,1,4
180839555,8,14,22
180839556,9,11,20
180839557,3,12,15
180839558,3,0,3
180839559,2,4,6
180859609,3,1,4
180859610,5,2,7
180859611,3,0,3
180859613,1,4,5
180859615,2,0,2
180859617,2,0,2
180859618,1,1,2
180859619,1,3,4
180859620,19,11,30
180859621,7,6,13
180859622,4,1,5
180859623,2,5,7
180859624,3,1,4
180859625,1,0,1
180859626,0,2,2
180879701,1,0,1
180879702,5,0,5
180879703,7,1,8
180879704,1,1,2
180879705,1,1,2
180879706,0,2,2
180890101,7,3,10
180890102,1,0,1
180890103,1,0,1
180890104,5,2,7
180890105,5,8,13
180890107,0,1,1
180890108,1,1,2
180890112,8,2,10
180890116,1,0,1
180890117,5,0,5
180890118,1,0,1
180890119,1,0,1
180890123,3,0,3
180890124,1,2,3
180890125,2,2,4
180890127,0,1,1
180890203,2,2,4
180890206,2,20,22
180890207,6,5,11
180890208,2,0,2
180890209,1,3,4
180890211,1,1,2
180890213,6,0,6
180890215,1,8,9
180890216,1,0,1
180890217,2,0,2
180890218,1,0,1
180890304,6,3,9
180890305,4,1,5
180890308,2,8,10
180890309,5,0,5
180890401,1,0,1
180890402,2,1,3
180890403,22,55,77
180890404,103,170,273
180890405,10,11,21
180890406,4,4,8
180890407,1,3,4
180890408,8,7,15
180890409,2,1,3
180890410,1,1,2
180890411,1,1,2
180890412,3,1,4
180890418,3,0,3
180890419,1,0,1
180890420,11,14,25
180890422,4,4,8
180890423,4,10,14
180890424,16,15,31
180890425,38,86,124
180890426,29,33,62
180890427,24,38,62
180890428,21,47,68
180890429,2,1,3
180890430,15,14,29
180890431,13,16,29
180890432,16,22,38
180890433,15,8,23
180890434,2,2,4
180890510,1,4,5
180910402,0,6,6
180910403,3,7,10
180910404,3,1,4
180910405,17,15,32
180910406,0,1,1
180910407,1,2,3
180910410,1,1,2
180910411,4,11,15
180910412,1,4,5
180910414,5,6,11
180910415,0,3,3
180910416,5,2,7
180910417,1,1,2
180910418,3,0,3
180910419,3,0,3
180910420,0,1,1
180910421,4,3,7
180910422,2,8,10
180910423,10,17,27
180910424,10,1,11
180910425,8,14,22
180910426,1,0,1
180910427,1,3,4
180910428,0,1,1
180939505,2,0,2
180939506,1,2,3
180939507,1,0,1
180939508,18,11,29
180939509,3,2,5
180939510,6,8,14
180939511,6,4,10
180939512,2,1,3
180950008,2,9,11
180950009,2,1,3
180950011,1,2,3
180950012,1,1,2
180950013,1,3,4
180950014,0,3,3
180950015,23,18,41
180950016,4,5,9
180950017,2,2,4
180950018,1,0,1
180950020,2,1,3
180950101,0,2,2
180950102,3,0,3
180950103,4,0,4
180950104,2,0,2
180950105,3,0,3
180950106,5,1,6
180950107,2,1,3
180950108,3,0,3
180950110,1,4,5
180950111,3,1,4
180950112,1,3,4
180950113,1,0,1
180950114,0,1,1
180950115,6,14,20
180950117,0,1,1
180950118,4,7,11
180950119,2,0,2
180950120,19,21,40
180971111,0,3,3
180972101,1,2,3
180972106,1,5,6
180973101,136,246,382
180973102,41,35,76
180973103,56,57,113
180973201,167,258,425
180973202,25,54,79
180973203,26,60,86
180973204,3,3,6
180973205,7,11,18
180973206,7,2,9
180973207,9,23,32
180973208,13,61,74
180973209,15,27,42
180973210,19,37,56
180973211,7,20,27
180973212,31,44,75
180973213,9,8,17
180973214,13,19,32
180973216,2,4,6
180973217,9,12,21
180973218,20,31,51
180973219,10,24,34
180973220,3,12,15
180973221,0,8,8
180973222,6,10,16
180973223,9,11,20
180973224,0,1,1
180973226,2,1,3
180973227,3,3,6
180973301,72,141,213
180973302,46,75,121
180973303,7,6,13
180973304,11,40,51
180973305,5,11,16
180973306,0,1,1
180973307,1,0,1
180973308,0,1,1
180973309,1,0,1
180973401,13,17,30
180973402,5,0,5
180973403,0,1,1
180973404,0,1,1
180973405,9,13,22
180973406,1,3,4
180973407,0,2,2
180973409,2,6,8
180973410,3,0,3
180973416,1,1,2
180973419,10,2,12
180973420,0,3,3
180973421,0,2,2
180973422,2,1,3
180973423,1,0,1
180973425,1,0,1
180973426,2,0,2
180973502,3,8,11
180973503,4,8,12
180973504,1,0,1
180973505,0,1,1
180973507,1,0,1
180973509,0,2,2
180973510,11,9,20
180973512,0,2,2
180973515,2,0,2
180973516,16,13,29
180973517,4,1,5
180973519,1,0,1
180973524,1,0,1
180973525,2,3,5
180973527,5,1,6
180973531,1,2,3
180973532,7,6,13
180973533,64,208,272
180973535,4,7,11
180973536,0,1,1
180973539,273,570,843
180973541,30,76,106
180973542,20,60,80
180973544,4,4,8
180973545,3,0,3
180973550,1,1,2
180973554,0,1,1
180973557,0,1,1
180973559,5,2,7
180973562,4,9,13
180973563,3,12,15
180973564,0,2,2
180973570,1,0,1
180973575,19,17,36
180973576,0,1,1
180973578,0,1,1
180973579,1,2,3
180973581,9,29,38
180973601,2,0,2
180973602,1,0,1
180973603,2,14,16
180973604,1,1,2
180973605,29,3,32
180973606,7,0,7
180973607,1,0,1
180973608,10,16,26
180973609,12,41,53
180973610,2,2,4
180973611,3,2,5
180973612,1,2,3
180973613,0,1,1
180973614,3,5,8
180973616,3,4,7
180973702,1,2,3
180973703,2,2,4
180973801,13,16,29
180973802,1,1,2
180973803,0,1,1
180973804,5,4,9
180973805,1,1,2
180973807,9,1,10
180973809,18,8,26
180973810,8,3,11
180973811,12,12,24
180973812,33,30,63
180973901,4,3,7
180973902,2,2,4
180973903,5,3,8
180973904,49,101,150
180974108,1,0,1
180976102,11,16,27
180978106,1,11,12
180990201,13,0,13
180990202,1,1,2
180990203,6,2,8
180990204,1,1,2
180990205,0,2,2
180990206,13,6,19
180990207,4,4,8
180990208,2,0,2
181019502,2,0,2
181019503,1,0,1
181039520,1,0,1
181039521,4,3,7
181039522,7,5,12
181039523,1,6,7
181039527,0,2,2
181039528,2,0,2
181039529,1,1,2
181050001,1,5,6
181050002,8,3,11
181050003,9,16,25
181050004,22,43,65
181050005,5,0,5
181050006,1,0,1
181050007,2,6,8
181050008,3,17,20
181050009,12,32,44
181050010,29,46,75
181050011,16,30,46
181050012,3,2,5
181050013,10,10,20
181050014,8,13,21
181050015,9,18,27
181050016,0,1,1
181079567,0,1,1
181079569,7,4,11
181079570,14,10,24
181079571,3,1,4
181079572,2,3,5
181079574,2,0,2
181090014,0,1,1
181092107,1,1,2
181095101,3,3,6
181095102,12,12,24
181095103,3,2,5
181095104,2,5,7
181095105,2,0,2
181095106,3,4,7
181095107,10,9,19
181095108,10,8,18
181095109,1,1,2
181095110,3,1,4
181119905,1,0,1
181119906,1,1,2
181119907,1,0,1
181139717,6,3,9
181139718,1,0,1
181139719,10,5,15
181139720,0,1,1
181139721,1,0,1
181139722,0,1,1
181139723,0,1,1
181139724,1,1,2
181139725,2,0,2
181139726,0,1,1
181159658,1,0,1
181179513,2,0,2
181179514,2,0,2
181179515,3,0,3
181179516,3,0,3
181179517,5,1,6
181199547,0,1,1
181199555,2,0,2
181199556,0,1,1
181199558,2,0,2
181199559,0,2,2
181210302,0,1,1
181210303,5,1,6
181210304,1,0,1
181239522,1,1,2
181239523,0,1,1
181239524,3,0,3
181239525,8,1,9
181239526,1,0,1
181259540,2,0,2
181270414,1,1,2
181270501,14,22,36
181270502,17,26,43
181270503,2,6,8
181270504,5,8,13
181270505,17,7,24
181270506,19,42,61
181270507,40,52,92
181270508,8,11,19
181270509,7,14,21
181270510,20,33,53
181270511,1,2,3
181290401,1,0,1
181290402,1,0,1
181290404,2,1,3
181290405,3,0,3
181290407,5,0,5
181319589,1,0,1
181319590,5,0,5
181319591,1,1,2
181339560,1,0,1
181339562,5,2,7
181339563,6,0,6
181339564,1,0,1
181339565,4,3,7
181339566,0,2,2
181359515,1,0,1
181359516,4,1,5
181359517,5,4,9
181359518,1,0,1
181359519,1,0,1
181359520,1,0,1
181359521,1,0,1
181379684,5,5,10
181379685,7,7,14
181379687,0,1,1
181379688,2,0,2
181379689,1,0,1
181399743,3,0,3
181399744,6,4,10
181399745,1,0,1
181410002,2,1,3
181410003,5,1,6
181410005,2,0,2
181410007,37,76,113
181410008,7,3,10
181410009,35,36,71
181410010,14,21,35
181410011,2,4,6
181410012,6,8,14
181410013,3,2,5
181410014,1,0,1
181410015,3,0,3
181410016,6,3,9
181410017,8,23,31
181410020,0,1,1
181410022,1,0,1
181410027,2,0,2
181410031,1,0,1
181410032,8,15,23
181410033,2,0,2
181410034,2,0,2
181410035,1,0,1
181410102,9,8,17
181410103,2,0,2
181410104,1,0,1
181410105,0,3,3
181410106,2,0,2
181410107,1,2,3
181410108,2,0,2
181410109,4,0,4
181410110,17,12,29
181410111,0,1,1
181410112,4,10,14
181410113,54,97,151
181410114,55,83,138
181410115,22,47,69
181410116,13,5,18
181410117,12,12,24
181410118,9,8,17
181410119,6,4,10
181410120,2,1,3
181410121,0,1,1
181410122,2,0,2
181410123,3,2,5
181410124,1,0,1
181439667,1,0,1
181439669,3,1,4
181439670,9,5,14
181439671,1,0,1
181457101,1,2,3
181457102,2,1,3
181457103,5,5,10
181457104,9,1,10
181457105,1,0,1
181457106,3,3,6
181457107,1,0,1
181479522,1,0,1
181479527,3,0,3
181479530,2,0,2
181479531,1,0,1
181490427,1,0,1
181499537,0,1,1
181499538,1,0,1
181499540,3,1,4
181499541,1,1,2
181499542,2,0,2
181519708,4,2,6
181519710,1,2,3
181519711,3,1,4
181519712,1,0,1
181519713,1,0,1
181519714,6,4,10
181519716,5,0,5
181530110,0,1,1
181530501,1,0,1
181530503,8,2,10
181530504,1,0,1
181559659,2,0,2
181570003,7,20,27
181570004,7,14,21
181570006,1,1,2
181570007,16,14,30
181570009,0,1,1
181570010,2,3,5
181570011,0,4,4
181570012,1,0,1
181570013,1,7,8
181570015,2,4,6
181570016,5,1,6
181570017,5,23,28
181570018,19,45,64
181570019,11,9,20
181570051,17,29,46
181570052,16,24,40
181570053,2,3,5
181570054,1,0,1
181570055,5,0,5
181570101,2,9,11
181570102,14,33,47
181570103,0,1,1
181570105,1,0,1
181570106,6,12,18
181570107,8,6,14
181570108,4,8,12
181570109,11,24,35
181570110,0,1,1
181590202,2,0,2
181590203,0,3,3
181590204,8,3,11
181619607,2,0,2
181619608,1,0,1
181630001,3,2,5
181630002,1,2,3
181630003,2,0,2
181630004,2,5,7
181630005,3,5,8
181630006,0,1,1
181630009,1,2,3
181630011,0,1,1
181630012,1,0,1
181630014,4,3,7
181630017,15,31,46
181630018,0,6,6
181630020,32,55,87
181630024,1,0,1
181630028,4,1,5
181630029,0,1,1
181630030,0,3,3
181630033,7,5,12
181630034,2,2,4
181630035,3,4,7
181630036,0,1,1
181630037,65,86,151
181630038,29,48,77
181630039,6,3,9
181630101,11,26,37
181630102,24,49,73
181630104,14,9,23
181630105,6,7,13
181630106,0,4,4
181630107,15,24,39
181630404,1,0,1
181650203,0,1,1
181650204,0,1,1
181650205,5,2,7
181670001,15,15,30
181670003,38,4,42
181670006,0,2,2
181670008,0,1,1
181670009,11,24,35
181670010,0,1,1
181670013,2,3,5
181670014,1,2,3
181670015,2,0,2
181670016,13,9,22
181670017,1,0,1
181670019,4,11,15
181670101,7,6,13
181670102,1,1,2
181670103,1,1,2
181670104,1,1,2
181670106,5,10,15
181670107,17,39,56
181670108,38,58,96
181670109,1,0,1
181670110,4,9,13
181699922,5,3,8
181699924,2,1,3
181699925,1,0,1
181699926,7,2,9
181699927,1,1,2
181699928,0,4,4
181699929,1,1,2
181719510,2,1,3
181719511,2,0,2
181730302,4,0,4
181730303,6,11,17
181730305,6,8,14
181730306,5,2,7
181730307,84,88,172
181730308,14,37,51
181759672,1,1,2
181759673,1,2,3
181759674,1,1,2
181759675,6,4,10
181759676,2,1,3
181759677,3,1,4
181770002,9,6,15
181770004,21,44,65
181770005,4,2,6
181770006,1,3,4
181770007,1,2,3
181770008,1,1,2
181770010,2,11,13
181770011,16,28,44
181770101,1,1,2
181770102,0,3,3
181770103,0,1,1
181770104,1,1,2
181770105,1,2,3
181770106,1,0,1
181770107,2,10,12
181770108,2,0,2
181790401,0,1,1
181790402,2,1,3
181790403,2,1,3
181790404,6,4,10
181790405,5,5,10
181790406,10,9,19
181799917,2,0,2
181819583,1,0,1
181819585,3,2,5
181819586,6,3,9
181819595,1,1,2
181830501,2,1,3
181830502,3,1,4
181830503,1,0,1
181830504,11,5,16
181830505,2,0,2
181830506,3,0,3
181830507,2,5,7
190019603,4,2,6
190039502,3,0,3
190059601,2,1,3
190059603,5,1,6
190059604,0,1,1
190059605,4,0,4
190059703,1,0,1
190079502,0,1,1
190079503,5,0,5
190079504,7,2,9
190079505,1,0,1
190099701,1,0,1
190099702,1,1,2
190099703,1,0,1
190119801,1,0,1
190119803,3,1,4
190119806,1,0,1
190119807,4,0,4
190130001,3,5,8
190130004,0,1,1
190130007,2,0,2
190130009,1,0,1
190130012,34,0,34
190130013,35,56,91
190130014,5,10,15
190130015,14,24,38
190130017,17,21,38
190130019,0,1,1
190130020,3,0,3
190130022,4,3,7
190130023,4,7,11
190130024,4,5,9
190130025,11,6,17
190130026,33,39,72
190130027,1,2,3
190130029,1,1,2
190130030,12,15,27
190150115,1,0,1
190150201,2,0,2
190150202,3,1,4
190150203,13,5,18
190150205,1,1,2
190150206,1,3,4
190150207,3,1,4
190170041,6,0,6
190170042,8,6,14
190170044,0,1,1
190170045,1,0,1
190170046,5,1,6
190170047,3,1,4
190199501,2,0,2
190199502,1,0,1
190199503,1,0,1
190199504,3,2,5
190199505,5,4,9
190199506,1,0,1
190219603,1,0,1
190219604,7,3,10
190219605,6,3,9
190219606,0,1,1
190239702,0,1,1
190239703,1,0,1
190239704,1,1,2
190259501,2,0,2
190259502,2,0,2
190259504,6,5,11
190279601,1,0,1
190279603,7,10,17
190279604,10,6,16
190279606,2,0,2
190299901,1,0,1
190299902,1,0,1
190299903,1,1,2
190299904,7,3,10
190299905,1,2,3
190319501,1,0,1
190319502,1,3,4
190319503,5,0,5
190319504,0,1,1
190319505,1,0,1
190339501,4,3,7
190339502,11,15,26
190339503,65,49,114
190339504,4,3,7
190339505,13,19,32
190339506,2,1,3
190339507,6,1,7
190339508,5,9,14
190339509,0,3,3
190339510,2,1,3
190359801,8,8,16
190359802,2,0,2
190359804,0,1,1
190379701,1,0,1
190379703,3,0,3
190379704,4,0,4
190399901,7,0,7
190419802,8,12,20
190419803,4,11,15
190439701,1,1,2
190439703,3,1,4
190439704,5,3,8
190439706,1,0,1
190450001,1,6,7
190450003,0,2,2
190450004,2,6,8
190450005,20,14,34
190450006,1,8,9
190450007,2,4,6
190450008,0,1,1
190450009,6,2,8
190450010,1,0,1
190450012,1,0,1
190479602,1,0,1
190479702,1,0,1
190479704,7,1,8
190479705,2,0,2
190490110,7,10,17
190490111,0,15,15
190490112,3,4,7
190490113,0,4,4
190490115,1,0,1
190490203,2,7,9
190490501,1,3,4
190490502,2,0,2
190490503,4,0,4
190490507,4,1,5
190490508,71,141,212
190490601,0,2,2
190519801,3,1,4
190519802,2,5,7
190539602,3,0,3
190539603,1,0,1
190559503,11,2,13
190559504,2,1,3
190570002,1,9,10
190570003,1,3,4
190570004,0,1,1
190570005,0,3,3
190570006,4,4,8
190570007,3,4,7
190570008,22,31,53
190570009,5,10,15
190570010,2,1,3
190570011,1,1,2
190570012,1,0,1
190599505,12,4,16
190599508,0,1,1
190599510,3,1,4
190599511,8,10,18
190610001,1,11,12
190610004,0,2,2
190610005,0,1,1
190610006,0,3,3
190610007,44,55,99
190610008,11,23,34
190610009,0,2,2
190610011,10,21,31
190610012,25,28,53
190610101,5,8,13
190610102,6,5,11
190610103,2,0,2
190610105,2,0,2
190610106,2,2,4
190619701,1,0,1
190639701,0,1,1
190639702,1,1,2
190639703,2,0,2
190639704,6,0,6
190659801,6,0,6
190659805,6,2,8
190659806,0,1,1
190659807,0,1,1
190679801,3,2,5
190679803,1,0,1
190679804,1,2,3
190679805,3,1,4
190699601,2,0,2
190699602,3,0,3
190719702,1,0,1
190719703,4,0,4
190739802,2,1,3
190739803,8,1,9
190739805,0,1,1
190759901,0,2,2
190759903,4,0,4
190779501,3,0,3
190779503,2,0,2
190779601,1,0,1
190799602,1,0,1
190799603,2,1,3
190799604,7,3,10
190799605,2,1,3
190819701,1,0,1
190819703,3,0,3
190839801,2,0,2
190839802,4,3,7
190839803,4,0,4
190839805,1,0,1
190859901,0,1,1
190859902,1,0,1
190859903,1,0,1
190859904,6,0,6
190879701,2,0,2
190879703,14,5,19
190879704,4,4,8
190879705,2,0,2
190899601,5,1,6
190899602,4,0,4
190919704,3,2,5
190939901,1,0,1
190939902,0,1,1
190939903,5,0,5
190959901,2,1,3
190959902,4,1,5
190959903,1,1,2
190959904,2,1,3
190979502,3,3,6
190979503,1,0,1
190979504,0,1,1
190979505,9,1,10
190979506,0,1,1
190990401,1,0,1
190990402,1,2,3
190990403,0,2,2
190990405,13,4,17
190990406,2,2,4
190990407,3,0,3
190990408,0,1,1
191019901,1,0,1
191019902,3,0,3
191019903,6,4,10
191019904,7,5,12
191030001,28,67,95
191030002,8,14,22
191030003,57,114,171
191030004,36,89,125
191030005,40,109,149
191030006,15,21,36
191030011,13,40,53
191030012,7,14,21
191030013,5,9,14
191030014,22,25,47
191030015,7,20,27
191030016,6,13,19
191030017,2,9,11
191030018,9,22,31
191030021,0,6,6
191030023,184,668,852
191030101,18,19,37
191030102,6,10,16
191030103,61,153,214
191030104,3,5,8
191030105,6,18,24
191059701,1,0,1
191059703,3,0,3
191059704,6,1,7
191059706,3,1,4
191079801,1,0,1
191079803,1,0,1
191079804,0,1,1
191099502,0,1,1
191099504,7,3,10
191119901,6,2,8
191119902,2,1,3
191119903,1,0,1
191119905,1,0,1
191119906,1,1,2
191119907,9,13,22
191119908,4,1,5
191119909,0,1,1
191119911,11,8,19
191130001,14,12,26
191130002,32,41,73
191130003,1,2,3
191130004,5,0,5
191130005,1,1,2
191130006,1,1,2
191130007,0,4,4
191130008,4,1,5
191130009,20,21,41
191130010,9,1,10
191130011,2,2,4
191130013,0,3,3
191130014,1,2,3
191130015,6,11,17
191130016,9,15,24
191130017,7,9,16
191130018,1,24,25
191130019,46,59,105
191130022,0,1,1
191130023,0,1,1
191130024,0,1,1
191130025,1,0,1
191130027,21,57,78
191130028,7,6,13
191130030,5,0,5
191130102,3,1,4
191130103,1,0,1
191130104,1,0,1
191130105,3,4,7
191130106,1,2,3
191130107,2,4,6
191130108,7,1,8
191159502,1,0,1
191159503,2,0,2
191179503,0,1,1
191179504,6,1,7
191199502,2,0,2
191199503,1,0,1
191210601,4,1,5
191210602,9,0,9
191230302,1,0,1
191239501,1,0,1
191239502,1,0,1
191239504,13,6,19
191239505,1,1,2
191239506,1,2,3
191239507,0,1,1
191250301,8,5,13
191250302,15,8,23
191250303,1,0,1
191250304,9,6,15
191250305,1,0,1
191250307,2,0,2
191279501,1,0,1
191279502,1,0,1
191279503,1,0,1
191279504,1,0,1
191279505,7,7,14
191279506,2,1,3
191279507,1,3,4
191279508,17,14,31
191279509,4,8,12
191279510,2,1,3
191279703,0,1,1
191290401,0,1,1
191290402,2,1,3
191290403,8,3,11
191319602,3,0,3
191319603,3,1,4
191339601,5,1,6
191339602,0,3,3
191339603,4,0,4
191339604,1,0,1
191359701,3,0,3
191359702,1,0,1
191359703,2,0,2
191379801,1,0,1
191379802,7,0,7
191379803,4,1,5
191390501,0,1,1
191390502,2,1,3
191390503,2,0,2
191390504,0,2,2
191390505,2,0,2
191390506,11,6,17
191390507,1,2,3
191390508,12,2,14
191390509,1,0,1
191399505,0,1,1
191419902,3,0,3
191419903,5,3,8
191419904,1,0,1
191439601,3,1,4
191459902,1,0,1
191459903,9,0,9
191459904,4,1,5
191459905,3,6,9
191459906,1,0,1
191479506,1,0,1
191479601,3,0,3
191479603,3,2,5
191499701,7,4,11
191499702,0,1,1
191499703,3,0,3
191499705,3,0,3
191499706,2,8,10
191519801,1,0,1
191519802,3,0,3
191530001,2,0,2
191530003,4,2,6
191530004,0,2,2
191530005,0,1,1
191530006,1,0,1
191530007,56,32,88
191530008,5,5,10
191530009,10,7,17
191530010,0,5,5
191530011,0,1,1
191530012,4,4,8
191530017,0,1,1
191530019,1,0,1
191530027,10,2,12
191530028,2,1,3
191530029,7,11,18
191530030,13,19,32
191530031,7,11,18
191530032,17,32,49
191530039,2,0,2
191530040,14,16,30
191530041,4,7,11
191530045,1,2,3
191530046,5,4,9
191530047,6,0,6
191530048,20,16,36
191530049,62,101,163
191530051,123,139,262
191530101,11,3,14
191530102,48,22,70
191530104,25,35,60
191530105,5,1,6
191530106,5,1,6
191530107,18,5,23
191530108,9,3,12
191530110,42,87,129
191530111,25,51,76
191530112,48,79,127
191530113,11,20,31
191530114,29,24,53
191530115,0,2,2
191530508,1,0,1
191550214,1,1,2
191550216,1,4,5
191550217,1,1,2
191550301,3,7,10
191550302,1,1,2
191550304,1,0,1
191550305,0,1,1
191550306,5,2,7
191550307,1,0,1
191550309,0,3,3
191550310,1,1,2
191550311,25,26,51
191550312,5,5,10
191550313,0,1,1
191550315,2,2,4
191550316,4,9,13
191550317,4,5,9
191550318,2,2,4
191579702,1,2,3
191579703,5,7,12
191579704,12,7,19
191579705,1,0,1
191599501,1,1,2
191599502,5,4,9
191599602,0,1,1
191619801,0,1,1
191619802,2,0,2
191619803,2,1,3
191619804,6,0,6
191630101,12,30,42
191630102,6,4,10
191630104,7,3,10
191630109,4,1,5
191630110,4,3,7
191630111,0,1,1
191630112,0,1,1
191630113,0,1,1
191630114,1,0,1
191630115,1,6,7
191630116,6,35,41
191630117,3,1,4
191630118,4,0,4
191630119,14,23,37
191630120,6,0,6
191630125,2,0,2
191630126,2,1,3
191630127,13,15,28
191630128,9,7,16
191630129,27,52,79
191630130,6,13,19
191630131,1,7,8
191630132,4,0,4
191630133,12,6,18
191630134,1,2,3
191630135,2,1,3
191630136,1,11,12
191630137,54,75,129
191659603,9,0,9
191659604,0,1,1
191679702,2,0,2
191679703,2,1,3
191679704,4,0,4
191679705,0,2,2
191679706,11,6,17
191679707,8,0,8
191690001,21,30,51
191690002,1,1,2
191690003,3,0,3
191690004,2,2,4
191690006,3,6,9
191690007,0,4,4
191690008,8,0,8
191690009,28,64,92
191690010,0,3,3
191690013,4,6,10
191690101,5,2,7
191690102,1,0,1
191690103,7,1,8
191690105,1,1,2
191690106,3,0,3
191690201,0,1,1
191719901,1,0,1
191719902,1,1,2
191719903,1,0,1
191719904,2,1,3
191719905,2,0,2
191739801,1,0,1
191759904,11,4,15
191779501,3,0,3
191779502,1,0,1
191799603,8,7,15
191799604,24,25,49
191799605,0,3,3
191799606,1,1,2
191799607,2,1,3
191799611,1,2,3
191810201,1,0,1
191810202,6,4,10
191810203,1,4,5
191810204,3,2,5
191810205,1,0,1
191810206,1,2,3
191810207,5,0,5
191810208,1,0,1
191810210,4,0,4
191810211,3,0,3
191810212,2,0,2
191839601,2,2,4
191839602,1,0,1
191839603,3,0,3
191839604,12,3,15
191839605,1,2,3
191859701,5,0,5
191859702,1,2,3
191859703,1,0,1
191870001,4,7,11
191870002,5,3,8
191870004,2,5,7
191870007,7,3,10
191870009,14,26,40
191870102,3,6,9
191870103,1,0,1
191899801,2,1,3
191899802,1,0,1
191899803,2,0,2
191919501,1,1,2
191919502,7,3,10
191919503,12,12,24
191919504,3,0,3
191930001,0,1,1
191930002,4,2,6
191930003,18,11,29
191930004,9,16,25
191930005,0,2,2
191930007,0,2,2
191930008,1,0,1
191930009,0,7,7
191930010,37,20,57
191930011,0,1,1
191930012,1,0,1
191930013,8,1,9
191930016,14,33,47
191930020,1,0,1
191930021,14,8,22
191930033,4,2,6
191930035,1,0,1
191939706,1,1,2
191979801,3,2,5
191979803,4,2,6
191979805,1,0,1
200019528,4,4,8
200019529,3,0,3
200039536,7,1,8
200059816,0,1,1
200059817,6,6,12
200059818,5,0,5
200059819,1,3,4
200079681,4,0,4
200079682,4,0,4
200099711,1,0,1
200099713,1,2,3
200099715,2,6,8
200099716,16,9,25
200099717,1,0,1
200099718,1,0,1
200119556,0,1,1
200119557,0,1,1
200119558,12,11,23
200119559,0,1,1
200119560,2,0,2
200139806,2,0,2
200139807,7,3,10
200139808,3,0,3
200150201,0,1,1
200150202,27,29,56
200150203,4,4,8
200150204,14,4,18
200150205,1,0,1
200150206,3,5,8
200150207,3,0,3
200150209,5,5,10
200199946,0,1,1
200219582,0,1,1
200219583,5,1,6
200219585,1,4,5
200219586,3,1,4
200239502,4,0,4
200259617,3,0,3
200259671,1,0,1
200279581,1,0,1
200279582,9,1,10
200299771,2,1,3
200299773,7,3,10
200299774,1,1,2
200319537,1,0,1
200319963,5,0,5
200339676,1,0,1
200359931,1,0,1
200359933,2,2,4
200359934,6,3,9
200359935,7,6,13
200359936,2,0,2
200359937,7,0,7
200359938,1,0,1
200359939,0,1,1
200379566,2,0,2
200379568,5,0,5
200379569,2,1,3
200379570,2,1,3
200379571,2,0,2
200379572,1,0,1
200379573,2,3,5
200379574,0,5,5
200379575,1,1,2
200379576,21,20,41
200379581,1,0,1
200399512,4,2,6
200419841,2,1,3
200419844,11,2,13
200419846,2,0,2
200430202,3,0,3
200430203,1,0,1
200450002,3,1,4
200450003,0,2,2
200450004,5,4,9
200450005,25,53,78
200450006,37,35,72
200450007,28,41,69
200450008,11,5,16
200450009,2,1,3
200450010,4,3,7
200450012,10,7,17
200450014,3,3,6
200450015,0,2,2
200479696,1,0,1
200479697,1,1,2
200499951,1,0,1
200519727,13,22,35
200519728,13,30,43
200519729,4,13,17
200519730,1,0,1
200539867,3,2,5
200559602,1,0,1
200559603,16,15,31
200559604,6,4,10
200559605,2,7,9
200559606,1,0,1
200579618,23,16,39
200579619,4,6,10
200579620,1,1,2
200579621,1,1,2
200599541,1,2,3
200599543,11,3,14
200599544,2,3,5
200599545,0,2,2
200610001,0,1,1
200610003,3,1,4
200610004,4,0,4
200610005,6,2,8
200610006,3,0,3
200610008,3,2,5
200610010,6,7,13
200639551,7,0,7
200659522,1,1,2
200679637,6,1,7
200699627,1,0,1
200719581,2,1,3
200739956,2,0,2
200739957,4,1,5
200759586,1,2,3
200779916,2,1,3
200779917,1,1,2
200779918,2,0,2
200790301,4,5,9
200790302,5,6,11
200790303,5,5,10
200790304,29,17,46
200790305,2,1,3
200790306,7,7,14
200819631,2,0,2
200839611,1,0,1
200859826,3,3,6
200859827,9,1,10
200859828,3,1,4
200870201,6,3,9
200870202,4,0,4
200870203,3,1,4
200910500,25,53,78
200910501,3,17,20
200910502,6,11,17
200910503,18,39,57
200910504,3,7,10
200910505,2,3,5
200910506,3,13,16
200910507,11,35,46
200910508,10,44,54
200910509,26,63,89
200910510,10,21,31
200910511,10,6,16
200910512,3,1,4
200910513,3,5,8
200910514,6,19,25
200910515,11,13,24
200910516,32,60,92
200910517,13,44,57
200910518,52,149,201
200910519,26,51,77
200910520,58,67,125
200910521,1,2,3
200910522,1,4,5
200910523,24,60,84
200910524,81,111,192
200910525,12,19,31
200910526,51,72,123
200910527,4,6,10
200910528,24,33,57
200910529,19,11,30
200910530,51,80,131
200910531,33,65,98
200910532,99,195,294
200910533,61,173,234
200910534,132,305,437
200910535,24,21,45
200910536,19,47,66
200910537,11,6,17
200910538,13,19,32
200911002,2,1,3
200911003,0,1,1
200939591,2,1,3
200959912,3,0,3
200979691,1,1,2
200999501,3,2,5
200999502,4,9,13
200999503,7,4,11
200999504,5,7,12
200999505,1,1,2
200999506,1,0,1
200999507,2,0,2
200999582,1,0,1
201019566,1,0,1
201030701,1,4,5
201030703,0,9,9
201030704,7,3,10
201030705,7,6,13
201030707,1,5,6
201030708,6,6,12
201030709,1,0,1
201030710,2,3,5
201030711,19,18,37
201030712,6,3,9
201030713,3,2,5
201030714,0,2,2
201059861,1,0,1
201079551,2,0,2
201079552,1,0,1
201099546,4,0,4
201110001,1,0,1
201110002,11,9,20
201110003,13,10,23
201110004,6,0,6
201110005,0,1,1
201110006,0,1,1
201110007,1,1,2
201110008,0,1,1
201139881,0,1,1
201139882,4,1,5
201139883,0,1,1
201139884,17,4,21
201139885,1,1,2
201139886,1,1,2
201139887,7,0,7
201159895,1,0,1
201159896,4,2,6
201159897,1,1,2
201159898,1,0,1
201179792,4,2,6
201179793,2,0,2
201179794,1,0,1
201199666,1,0,1
201199667,3,0,3
201211001,3,2,5
201211002,1,1,2
201211003,2,2,4
201211004,2,3,5
201211006,8,4,12
201211007,4,5,9
201239766,6,4,10
201259501,1,0,1
201259503,3,4,7
201259505,5,4,9
201259506,0,1,1
201259507,2,1,3
201259508,5,1,6
201259510,2,0,2
201259511,3,8,11
201259512,4,2,6
201259513,2,1,3
201279836,2,0,2
201279837,6,2,8
201299646,3,5,8
201319801,5,0,5
201319802,4,0,4
201319803,1,0,1
201339502,1,0,1
201339517,1,0,1
201339518,10,5,15
201339519,1,1,2
201359561,1,0,1
201359562,2,0,2
201379517,5,1,6
201390101,4,1,5
201390104,2,0,2
201390105,2,0,2
201419741,1,0,1
201439771,1,0,1
201439856,1,1,2
201439857,5,0,5
201459702,6,8,14
201459703,1,0,1
201479752,1,0,1
201479753,3,0,3
201490001,3,3,6
201490002,6,3,9
201490003,4,0,4
201490004,5,0,5
201519686,0,1,1
201519687,2,0,2
201519688,5,4,9
201539506,3,0,3
201550001,27,42,69
201550002,2,1,3
201550003,7,10,17
201550005,13,9,22
201550006,1,2,3
201550007,2,1,3
201550011,6,15,21
201550012,0,4,4
201550013,0,2,2
201550014,1,1,2
201550015,1,1,2
201550016,0,1,1
201550017,1,0,1
201579783,6,1,7
201599872,2,0,2
201599873,3,0,3
201610001,16,18,34
201610002,2,3,5
201610003,24,45,69
201610004,2,0,2
201610005,1,1,2
201610006,28,16,44
201610007,5,2,7
201610008,2,2,4
201610009,3,6,9
201639746,1,0,1
201639747,4,0,4
201659722,4,0,4
201679738,6,1,7
201679739,1,2,3
201690001,37,59,96
201690004,2,0,2
201690007,4,3,7
201690008,3,3,6
201690009,7,4,11
201690010,15,28,43
201690011,2,6,8
201690012,1,0,1
201719571,5,0,5
201730002,2,0,2
201730003,2,0,2
201730004,8,86,94
201730006,62,49,111
201730007,1,0,1
201730009,1,2,3
201730010,11,11,22
201730011,53,72,125
201730014,4,4,8
201730018,1,0,1
201730019,8,0,8
201730020,4,9,13
201730021,16,19,35
201730022,2,5,7
201730023,2,9,11
201730027,1,0,1
201730028,0,1,1
201730035,2,0,2
201730036,2,0,2
201730038,1,3,4
201730039,1,0,1
201730043,22,7,29
201730053,4,0,4
201730054,0,1,1
201730055,2,0,2
201730057,1,0,1
201730059,0,1,1
201730060,1,0,1
201730062,1,0,1
201730063,35,33,68
201730066,3,2,5
201730067,1,0,1
201730068,1,1,2
201730069,1,0,1
201730070,3,0,3
201730071,7,5,12
201730072,39,24,63
201730073,41,80,121
201730074,1,5,6
201730075,0,1,1
201730076,19,16,35
201730077,14,15,29
201730078,1,0,1
201730080,7,1,8
201730081,8,4,12
201730083,5,2,7
201730084,11,4,15
201730087,7,1,8
201730088,1,0,1
201730089,1,0,1
201730090,1,0,1
201730092,4,7,11
201730093,19,7,26
201730094,1,6,7
201730095,65,40,105
201730096,4,1,5
201730097,2,0,2
201730098,13,1,14
201730099,6,1,7
201730100,30,41,71
201730101,148,262,410
201730102,5,4,9
201730103,12,26,38
201730105,5,0,5
201730106,2,1,3
201730107,1,0,1
201759656,1,0,1
201759657,9,11,20
201759658,1,4,5
201759659,1,0,1
201759660,5,7,12
201770005,8,5,13
201770006,0,2,2
201770007,1,0,1
201770008,2,0,2
201770009,0,1,1
201770015,0,1,1
201770016,10,24,34
201770018,3,5,8
201770019,7,17,24
201770021,46,97,143
201770022,1,11,12
201770024,16,44,60
201770025,8,4,12
201770026,5,35,40
201770027,8,20,28
201770028,1,5,6
201770030,3,3,6
201770031,2,0,2
201770034,2,5,7
201770035,4,2,6
201770036,55,72,127
201770037,2,4,6
201770039,3,7,10
201770040,6,8,14
201770041,7,13,20
201799527,2,0,2
201819537,3,1,4
201839758,4,2,6
201859706,2,0,2
201859707,1,0,1
201879641,3,0,3
201899652,2,0,2
201919922,0,1,1
201919923,1,0,1
201919924,4,1,5
201919925,5,1,6
201939531,6,3,9
201959558,4,0,4
201979831,2,0,2
201999541,1,0,1
202019786,2,1,3
202039571,1,0,1
202039576,1,0,1
202059973,4,2,6
202059974,5,0,5
202079967,1,0,1
202090400,0,1,1
202090405,0,1,1
202090407,3,0,3
202090409,1,0,1
202090412,2,0,2
202090415,1,0,1
202090417,1,0,1
202090418,2,1,3
202090419,0,1,1
202090420,1,0,1
202090421,2,2,4
202090422,1,0,1
202090423,0,2,2
202090424,1,0,1
202090425,1,0,1
202090427,6,0,6
202090430,4,1,5
202090433,1,15,16
202090435,0,1,1
202090436,0,2,2
202090438,2,1,3
202090439,8,5,13
202090440,1,1,2
202090441,17,36,53
202090442,2,2,4
202090443,2,1,3
202090446,1,1,2
202090447,12,7,19
202090448,5,8,13
202090449,3,0,3
202090450,0,2,2
202090451,4,10,14
202090452,147,429,576
202090712,1,0,1
210019601,0,2,2
210019702,1,0,1
210019703,1,0,1
210019704,11,2,13
210019705,1,1,2
210039801,1,0,1
210039802,0,2,2
210039803,4,0,4
210039805,0,1,1
210059501,1,3,4
210059502,10,3,13
210059503,0,1,1
210079501,1,0,1
210079502,1,0,1
210099501,3,5,8
210099502,4,0,4
210099503,1,0,1
210099504,8,2,10
210099505,9,12,21
210099506,20,18,38
210099507,6,3,9
210099508,1,0,1
210099509,1,1,2
210099510,1,0,1
210119702,2,2,4
210139602,8,6,14
210139605,1,0,1
210139606,0,2,2
210139607,19,9,28
210139807,0,1,1
210150636,0,1,1
210150701,15,11,26
210150702,4,2,6
210150703,51,30,81
210150704,18,9,27
210150705,8,7,15
210150706,16,22,38
210170038,0,1,1
210170301,11,2,13
210170302,5,1,6
210170303,1,5,6
210170304,1,0,1
210170305,1,0,1
210170306,0,3,3
210190302,26,40,66
210190303,6,44,50
210190304,0,1,1
210190305,6,5,11
210190306,4,13,17
210190307,3,12,15
210190308,0,2,2
210190309,7,8,15
210190310,9,9,18
210190311,3,8,11
210190312,3,1,4
210190313,0,1,1
210190401,0,3,3
210219901,6,9,15
210219902,10,10,20
210219903,14,41,55
210219904,3,4,7
210219905,7,5,12
210219906,0,1,1
210219907,1,0,1
210239501,0,1,1
210239502,0,1,1
210239503,1,1,2
210239604,1,0,1
210259802,4,3,7
210259803,10,7,17
210279601,2,0,2
210279602,6,1,7
210279605,1,0,1
210290201,8,1,9
210290202,4,1,5
210290203,0,2,2
210290204,1,0,1
210290205,3,1,4
210290206,1,2,3
210290207,2,1,3
210290211,4,3,7
210290212,1,1,2
210319903,2,0,2
210319904,0,1,1
210339801,1,0,1
210339802,4,1,5
210339803,3,2,5
210350101,2,3,5
210350102,1,1,2
210350103,0,1,1
210350104,1,8,9
210350105,17,17,34
210350106,7,8,15
210350107,2,2,4
210350108,1,2,3
210370501,1,0,1
210370502,0,1,1
210370503,1,2,3
210370504,4,2,6
210370511,1,1,2
210370512,1,0,1
210370513,7,15,22
210370519,9,6,15
210370520,2,1,3
210370521,10,1,11
210370523,16,33,49
210370524,0,1,1
210370525,5,1,6
210370528,8,6,14
210370529,13,0,13
210370530,4,7,11
210370531,4,4,8
210399602,1,1,2
210399603,1,0,1
210419502,3,3,6
210419503,1,0,1
210439602,4,1,5
210439603,1,0,1
210439604,0,1,1
210439605,2,0,2
210439606,3,1,4
210459503,4,1,5
210459505,2,0,2
210471014,2,2,4
210472001,19,35,54
210472002,3,1,4
210472003,1,6,7
210472005,6,3,9
210472006,6,12,18
210472007,2,1,3
210472009,3,6,9
210472011,1,1,2
210472012,1,1,2
210472014,2,3,5
210490040,0,1,1
210490201,16,9,25
210490202,5,6,11
210490203,0,1,1
210490205,2,8,10
210490206,7,6,13
210519502,2,0,2
210519503,11,8,19
210519901,1,0,1
210539702,6,1,7
210559902,4,1,5
210579501,4,0,4
210579502,1,0,1
210590002,3,0,3
210590003,4,6,10
210590004,21,22,43
210590005,10,16,26
210590006,3,3,6
210590007,11,15,26
210590008,3,1,4
210590009,7,23,30
210590010,2,0,2
210590011,0,1,1
210590013,1,6,7
210590014,2,18,20
210590015,2,4,6
210590016,8,16,24
210590017,9,14,23
210590018,1,1,2
210619802,3,1,4
210639802,1,2,3
210659802,3,3,6
210659803,1,0,1
210670001,8,28,36
210670002,0,5,5
210670003,2,0,2
210670005,6,7,13
210670006,27,46,73
210670007,7,14,21
210670008,130,349,479
210670009,1,4,5
210670010,0,1,1
210670012,3,3,6
210670015,3,3,6
210670016,1,7,8
210670017,4,15,19
210670018,4,2,6
210670019,17,46,63
210670020,1,1,2
210670022,3,2,5
210670023,49,144,193
210670024,41,83,124
210670025,13,23,36
210670026,22,63,85
210670027,11,20,31
210670028,22,48,70
210670029,6,8,14
210670030,16,15,31
210670031,1,2,3
210670032,5,4,9
210670033,1,3,4
210670034,8,29,37
210670035,12,18,30
210670036,11,28,39
210670037,24,45,69
210670038,12,18,30
210670039,91,185,276
210670040,43,93,136
210670041,38,55,93
210670042,91,188,279
210670406,0,2,2
210699801,6,0,6
210699802,2,1,3
210699803,1,1,2
210699804,3,1,4
210719801,0,1,1
210719802,16,20,36
210719803,6,0,6
210719804,7,0,7
210719805,1,1,2
210719806,8,5,13
210719807,2,3,5
210719808,3,1,4
210719809,4,1,5
210730401,0,1,1
210730701,2,1,3
210730702,0,1,1
210730703,8,6,14
210730704,15,24,39
210730705,1,2,3
210730706,1,4,5
210730707,6,4,10
210730708,4,1,5
210730710,2,2,4
210759801,10,2,12
210759802,2,0,2
210779601,2,0,2
210799701,2,2,4
210799702,3,1,4
210799703,0,1,1
210799704,0,1,1
210819801,7,2,9
210819802,2,0,2
210819803,5,1,6
210830201,9,8,17
210830202,2,1,3
210830203,8,7,15
210830206,0,1,1
210830208,0,2,2
210830209,1,2,3
210859501,1,0,1
210859502,1,1,2
210859503,12,6,18
210859504,7,2,9
210859505,0,3,3
210859506,3,0,3
210859802,0,1,1
210879902,5,1,6
210879903,1,0,1
210879904,1,0,1
210890309,1,0,1
210890310,1,1,2
210890311,0,1,1
210890401,25,47,72
210890402,6,3,9
210890403,1,7,8
210890404,4,1,5
210890405,1,2,3
210890406,6,1,7
210919902,0,1,1
210919903,0,1,1
210930002,5,2,7
210930004,9,0,9
210930005,0,1,1
210930007,2,1,3
210930008,1,1,2
210930009,8,11,19
210930010,19,16,35
210930011,7,10,17
210930012,19,44,63
210930013,2,9,11
210930014,29,33,62
210930016,3,2,5
210930017,0,4,4
210939603,1,0,1
210939703,1,0,1
210959701,1,1,2
210959702,2,0,2
210959707,3,1,4
210959708,0,1,1
210959709,13,14,27
210959710,4,0,4
210979501,0,1,1
210979503,2,3,5
210979505,15,3,18
210999702,5,0,5
210999704,3,0,3
210999705,0,2,2
211010201,12,15,27
211010203,0,1,1
211010204,11,10,21
211010206,1,10,11
211010207,8,13,21
211010208,1,0,1
211030901,2,0,2
211030902,3,0,3
211030903,1,3,4
211059701,2,0,2
211059801,1,0,1
211079701,1,5,6
211079702,5,3,8
211079703,48,47,95
211079704,16,7,23
211079705,6,5,11
211079706,3,3,6
211079707,10,9,19
211079708,0,1,1
211079710,1,0,1
211079711,2,1,3
211079713,1,0,1
211099601,1,1,2
211099603,1,0,1
211110002,5,0,5
211110011,2,0,2
211110012,0,2,2
211110014,8,1,9
211110017,1,0,1
211110018,2,0,2
211110028,1,0,1
211110030,1,0,1
211110035,4,0,4
211110036,1,0,1
211110043,1,0,1
211110044,1,0,1
211110045,16,41,57
211110046,1,2,3
211110049,23,93,116
211110050,2,7,9
211110051,4,3,7
211110052,6,8,14
211110053,44,84,128
211110059,93,403,496
211110062,9,13,22
211110063,1,5,6
211110064,11,22,33
211110066,1,2,3
211110068,3,3,6
211110069,1,6,7
211110070,3,2,5
211110071,4,3,7
211110074,3,8,11
211110075,70,198,268
211110076,26,47,73
211110077,11,37,48
211110078,4,13,17
211110079,8,6,14
211110081,4,10,14
211110082,23,36,59
211110083,9,42,51
211110084,7,8,15
211110085,6,19,25
211110087,22,55,77
211110088,15,24,39
211110089,9,18,27
211110090,5,1,6
211110091,1,1,2
211110093,18,38,56
211110094,11,23,34
211110096,18,28,46
211110097,5,9,14
211110098,5,15,20
211110099,5,17,22
211110100,48,85,133
211110101,23,30,53
211110103,225,376,601
211110104,44,92,136
211110105,25,49,74
211110106,111,214,325
211110107,57,76,133
211110108,7,7,14
211110109,12,4,16
211110110,14,9,23
211110111,39,28,67
211110112,1,1,2
211110113,6,25,31
211110114,1,0,1
211110115,28,31,59
211110116,24,41,65
211110117,6,4,10
211110118,7,1,8
211110119,6,2,8
211110120,1,1,2
211110121,5,5,10
211110122,14,16,30
211110123,1,1,2
211110124,3,3,6
211110125,14,3,17
211110126,1,3,4
211110127,0,1,1
211110131,10,15,25
211110204,1,0,1
211110208,0,1,1
211110306,1,3,4
211110307,0,1,1
211110405,2,1,3
211130501,0,1,1
211130601,12,8,20
211130602,5,12,17
211130603,1,3,4
211130604,10,6,16
211130605,3,2,5
211130606,17,45,62
211159502,0,1,1
211159601,0,1,1
211159603,2,2,4
211159604,9,11,20
211159606,8,4,12
211170603,0,1,1
211170610,7,2,9
211170611,2,0,2
211170613,2,0,2
211170616,1,2,3
211170636,13,4,17
211170637,0,1,1
211170638,4,3,7
211170640,17,34,51
211170641,6,5,11
211170642,2,0,2
211170643,2,0,2
211170645,9,11,20
211170646,13,28,41
211170647,13,11,24
211170648,4,10,14
211170649,4,4,8
211170651,0,1,1
211170652,5,3,8
211170653,15,7,22
211170654,62,111,173
211170655,21,20,41
211170656,1,1,2
211170658,1,1,2
211170659,0,1,1
211170668,3,3,6
211170669,0,1,1
211170670,7,7,14
211170703,1,0,1
211199602,0,1,1
211199603,5,2,7
211199604,0,1,1
211199605,1,0,1
211219802,0,1,1
211219901,0,1,1
211219902,1,0,1
211219903,2,0,2
211219904,3,6,9
211219905,9,4,13
211219906,0,2,2
211239601,2,2,4
211239603,0,1,1
211251014,9,17,26
211259702,4,2,6
211259703,0,4,4
211259704,2,10,12
211259705,9,10,19
211259706,13,11,24
211259707,5,3,8
211259708,4,4,8
211259710,1,3,4
211259711,2,4,6
211279901,13,6,19
211279902,0,1,1
211299501,3,0,3
211299502,1,0,1
211319801,8,1,9
211319803,1,0,1
211339501,1,2,3
211339502,3,0,3
211339504,15,12,27
211339506,0,2,2
211359901,1,0,1
211359902,4,4,8
211359903,0,1,1
211379801,14,4,18
211379804,1,0,1
211390401,3,4,7
211390402,3,1,4
211419602,1,3,4
211419603,3,3,6
211419604,3,0,3
211419605,6,3,9
211419606,0,1,1
211439601,3,0,3
211439602,2,1,3
211450303,8,15,23
211450304,1,0,1
211450305,0,12,12
211450307,15,40,55
211450308,13,23,36
211450309,13,29,42
211450311,2,6,8
211450312,1,3,4
211450313,11,25,36
211450314,19,18,37
211450315,0,3,3
211450316,3,3,6
211479603,6,3,9
211479604,1,1,2
211499701,1,0,1
211499702,1,0,1
211510101,3,11,14
211510102,1,1,2
211510103,9,16,25
211510104,3,2,5
211510106,6,3,9
211510107,8,5,13
211510108,0,3,3
211510109,18,9,27
211510110,0,5,5
211510111,3,1,4
211510112,5,3,8
211510113,12,4,16
211510114,3,1,4
211519704,0,1,1
211539702,3,0,3
211559702,14,4,18
211559707,0,3,3
211579501,2,2,4
211579502,0,1,1
211579503,3,3,6
211579504,6,4,10
211579505,1,1,2
211579506,3,4,7
211599501,5,0,5
211599503,0,1,1
211619601,1,0,1
211619602,0,2,2
211619603,10,8,18
211619604,10,15,25
211619605,1,2,3
211639704,8,5,13
211659602,1,0,1
211679601,1,2,3
211679602,2,0,2
211679603,4,0,4
211679604,2,0,2
211679605,4,0,4
211699603,3,0,3
211719902,2,0,2
211719904,6,1,7
211739702,0,1,1
211739801,2,2,4
211739802,6,1,7
211739803,12,4,16
211759501,0,2,2
211759504,5,1,6
211779602,2,0,2
211779604,8,0,8
211779605,2,4,6
211779606,5,10,15
211779609,1,0,1
211799901,2,0,2
211799902,2,4,6
211799903,10,7,17
211799904,10,4,14
211799905,3,2,5
211819601,1,0,1
211819602,4,1,5
211839801,2,0,2
211839802,2,0,2
211839803,4,6,10
211839805,2,0,2
211850103,4,22,26
211850301,1,2,3
211850302,0,1,1
211850303,8,5,13
211850304,9,7,16
211850305,5,8,13
211850306,17,29,46
211850307,12,49,61
211850308,14,39,53
211850405,1,1,2
211879702,5,0,5
211899807,1,0,1
211919901,3,2,5
211919903,1,0,1
211939702,4,0,4
211939704,4,1,5
211939705,36,33,69
211939706,9,15,24
211939709,1,0,1
211959901,1,2,3
211959902,17,29,46
211959903,21,24,45
211959904,10,24,34
211959905,6,5,11
211959906,0,1,1
211959907,0,1,1
211959910,1,0,1
211959911,0,1,1
211959912,2,1,3
211959914,16,17,33
211959915,0,2,2
211959919,1,0,1
211979701,2,2,4
211979702,0,1,1
211999902,0,1,1
211999903,2,3,5
211999904,10,20,30
211999905,43,57,100
211999906,7,2,9
211999907,6,4,10
211999908,0,1,1
211999909,1,1,2
211999911,0,3,3
212019701,0,1,1
212039501,1,0,1
212039502,9,5,14
212059501,6,7,13
212059502,22,28,50
212059503,5,3,8
212059504,1,1,2
212079601,6,3,9
212079602,2,0,2
212079603,2,3,5
212079604,1,1,2
212090401,2,5,7
212090402,17,11,28
212090403,4,13,17
212090404,2,1,3
212090405,3,2,5
212090406,11,5,16
212110401,2,1,3
212110402,5,7,12
212110403,15,5,20
212110404,2,5,7
212110405,10,17,27
212110903,0,1,1
212139702,2,0,2
212139704,9,1,10
212150116,1,0,1
212150801,6,0,6
212150802,0,1,1
212179802,1,0,1
212179803,13,14,27
212179804,4,4,8
212179805,3,0,3
212199502,2,0,2
212199504,1,0,1
212219702,3,3,6
212219703,2,3,5
212231001,0,1,1
212231002,2,0,2
212259502,5,0,5
212259503,1,2,3
212270101,13,9,22
212270102,20,47,67
212270103,0,2,2
212270105,2,1,3
212270106,23,31,54
212270107,6,9,15
212270108,10,16,26
212270109,5,5,10
212270114,29,42,71
212270115,9,26,35
212270116,2,2,4
212270118,1,0,1
212270119,1,4,5
212279802,1,0,1
212299704,0,1,1
212299802,6,4,10
212319801,2,0,2
212319802,2,0,2
212319803,11,1,12
212339601,0,1,1
212339602,2,0,2
212339604,1,0,1
212359801,3,2,5
212359802,12,11,23
212359803,11,10,21
212359804,3,5,8
212359805,5,1,6
212359806,8,0,8
212359904,1,5,6
212379902,1,1,2
212379903,1,1,2
212390406,1,0,1
212390501,17,20,37
212390502,3,10,13
212390503,0,1,1
212390504,3,2,5
220019601,3,2,5
220019602,1,0,1
220019604,1,0,1
220019605,2,0,2
220019606,4,0,4
220019607,2,0,2
220019608,17,12,29
220019609,3,1,4
220019610,1,1,2
220019612,1,1,2
220039501,1,0,1
220039502,5,2,7
220039503,2,1,3
220039504,3,1,4
220039505,4,1,5
220050301,2,0,2
220050302,30,23,53
220050303,8,6,14
220050304,11,11,22
220050305,1,3,4
220050306,10,2,12
220050310,3,1,4
220070501,1,0,1
220070502,4,0,4
220070503,1,0,1
220070504,2,0,2
220070505,1,0,1
220070506,0,1,1
220090304,16,4,20
220090305,3,3,6
220090306,2,0,2
220090307,0,1,1
220090308,2,0,2
220090309,0,1,1
220119602,3,1,4
220119603,0,2,2
220119604,16,3,19
220119605,4,7,11
220119606,1,0,1
220119607,0,1,1
220139701,3,0,3
220139703,1,0,1
220150105,3,4,7
220150106,2,6,8
220150107,0,3,3
220150108,8,3,11
220150109,4,3,7
220150110,5,7,12
220150111,54,58,112
220150229,1,6,7
220170104,1,0,1
220170201,2,7,9
220170202,0,4,4
220170206,1,0,1
220170210,18,47,65
220170211,0,2,2
220170212,6,10,16
220170213,5,19,24
220170214,2,1,3
220170215,5,13,18
220170216,22,52,74
220170217,257,339,596
220170218,27,75,102
220170219,1,1,2
220170220,2,0,2
220170222,1,4,5
220170223,1,4,5
220170226,10,58,68
220170227,5,6,11
220170228,8,22,30
220170229,10,20,30
220170230,11,26,37
220170231,9,29,38
220170232,0,1,1
220170233,1,0,1
220170235,1,0,1
220170236,2,1,3
220170237,0,1,1
220170238,17,24,41
220170239,106,180,286
220170240,47,142,189
220170241,30,16,46
220170242,6,2,8
220170243,11,9,20
220170244,5,20,25
220170245,5,8,13
220170247,2,0,2
220170249,1,1,2
220170250,2,0,2
220170251,0,1,1
220190001,4,11,15
220190002,1,0,1
220190005,27,52,79
220190007,5,13,18
220190008,1,2,3
220190009,35,39,74
220190010,4,9,13
220190011,4,3,7
220190012,0,2,2
220190013,3,6,9
220190014,2,0,2
220190016,0,1,1
220190018,6,17,23
220190019,61,55,116
220190020,0,1,1
220190022,17,3,20
220190023,0,2,2
220190024,7,1,8
220190026,2,0,2
220190027,2,0,2
220190028,0,1,1
220190030,11,4,15
220190031,7,5,12
220190032,0,1,1
220190033,2,1,3
220190034,1,2,3
220190035,1,0,1
220190036,0,1,1
220219701,1,0,1
220219901,3,3,6
220219903,1,0,1
220239701,0,2,2
220259801,1,0,1
220259802,2,0,2
220279501,6,2,8
220279502,2,0,2
220279503,1,0,1
220279504,1,0,1
220299901,1,0,1
220299902,6,3,9
220299904,3,3,6
220319501,4,2,6
220319502,0,1,1
220319503,0,1,1
220319504,4,3,7
220330003,1,0,1
220330006,1,1,2
220330009,1,0,1
220330010,4,0,4
220330011,6,0,6
220330012,5,12,17
220330013,0,1,1
220330014,2,1,3
220330016,3,1,4
220330017,48,34,82
220330018,0,5,5
220330019,11,18,29
220330020,45,32,77
220330022,1,0,1
220330023,4,1,5
220330024,1,1,2
220330025,2,6,8
220330026,60,87,147
220330027,0,1,1
220330028,7,4,11
220330030,2,0,2
220330031,0,1,1
220330032,2,0,2
220330033,1,2,3
220330034,48,47,95
220330035,7,1,8
220330036,3,0,3
220330037,56,35,91
220330038,101,327,428
220330039,24,30,54
220330040,116,246,362
220330042,6,1,7
220330043,4,3,7
220330044,3,6,9
220330045,44,56,100
220330046,23,22,45
220330047,0,2,2
220330048,4,18,22
220330049,21,24,45
220330050,6,7,13
220359901,5,1,6
220370046,0,2,2
220379514,4,6,10
220379515,2,0,2
220379516,3,1,4
220399501,1,1,2
220399503,1,0,1
220399504,10,7,17
220399505,6,7,13
220399506,5,2,7
220399507,1,4,5
220399508,2,1,3
220419501,0,1,1
220419502,1,0,1
220419503,5,3,8
220430104,0,1,1
220430204,6,0,6
220450014,1,0,1
220450301,6,2,8
220450302,4,2,6
220450303,3,2,5
220450305,0,2,2
220450306,25,21,46
220450307,5,3,8
220450309,0,4,4
220450310,3,6,9
220450311,14,12,26
220450312,1,0,1
220450313,6,5,11
220459509,1,0,1
220479525,3,7,10
220479526,1,0,1
220479527,1,2,3
220479529,2,0,2
220479530,1,0,1
220479531,14,5,19
220499702,1,0,1
220499704,1,0,1
220499705,1,1,2
220510201,14,24,38
220510202,40,107,147
220510203,26,69,95
220510204,5,12,17
220510205,76,112,188
220510206,1,0,1
220510208,1,0,1
220510210,1,1,2
220510211,0,1,1
220510212,1,0,1
220510213,1,1,2
220510214,1,4,5
220510215,0,3,3
220510216,3,9,12
220510217,4,10,14
220510218,104,174,278
220510219,1,3,4
220510220,11,14,25
220510221,19,27,46
220510222,4,6,10
220510223,9,20,29
220510224,13,34,47
220510225,8,15,23
220510226,16,32,48
220510227,9,21,30
220510228,8,7,15
220510229,1,2,3
220510230,7,16,23
220510231,1,6,7
220510232,2,4,6
220510233,0,1,1
220510234,1,3,4
220510235,1,1,2
220510236,1,1,2
220510238,3,1,4
220510239,18,40,58
220510240,11,15,26
220510241,5,4,9
220510242,37,57,94
220510243,4,7,11
220510244,5,9,14
220510245,3,9,12
220510246,0,1,1
220510247,1,6,7
220510248,17,42,59
220510249,88,213,301
220510250,3,1,4
220510251,24,37,61
220510252,6,10,16
220510253,2,5,7
220510256,9,2,11
220510257,1,1,2
220510258,0,1,1
220510259,3,4,7
220510260,0,1,1
220510261,1,0,1
220510263,2,0,2
220510265,21,70,91
220510266,2,2,4
220510267,5,6,11
220510268,1,0,1
220510270,2,1,3
220510272,2,1,3
220510274,2,2,4
220510275,1,2,3
220510277,0,1,1
220510278,56,34,90
220510279,0,1,1
220539801,1,0,1
220539803,3,1,4
220539804,4,1,5
220539805,15,4,19
220539806,1,0,1
220539807,2,0,2
220550001,3,7,10
220550002,1,0,1
220550003,35,104,139
220550004,1,0,1
220550005,13,40,53
220550006,70,22,92
220550007,1,0,1
220550010,5,2,7
220550011,5,2,7
220550012,2,0,2
220550013,3,3,6
220550014,141,185,326
220550015,23,47,70
220550016,3,13,16
220550017,6,8,14
220550018,11,2,13
220550019,24,27,51
220550020,6,2,8
220550021,9,9,18
220570006,0,1,1
220570201,6,4,10
220570202,22,33,55
220570203,2,11,13
220570204,1,8,9
220570205,2,0,2
220570207,8,18,26
220570209,1,0,1
220570210,0,3,3
220570211,2,2,4
220570212,2,1,3
220570213,1,0,1
220570214,4,0,4
220570215,5,0,5
220570216,9,5,14
220570217,1,0,1
220570218,3,3,6
220570219,0,1,1
220599701,1,0,1
220599702,1,0,1
220599703,7,1,8
220619601,2,4,6
220619602,0,1,1
220619603,1,1,2
220619604,12,8,20
220619605,4,8,12
220619607,5,4,9
220619608,12,17,29
220619609,3,5,8
220619610,0,1,1
220630403,5,2,7
220630404,1,3,4
220630405,6,1,7
220630406,2,1,3
220630407,3,3,6
220630408,12,12,24
220630409,1,1,2
220659601,1,0,1
220659604,4,1,5
220659605,2,0,2
220679502,4,1,5
220679505,3,3,6
220679506,4,2,6
220679507,2,0,2
220679508,5,1,6
220699901,0,1,1
220699903,2,0,2
220699904,4,0,4
220699905,7,10,17
220699906,9,3,12
220699907,2,0,2
220699908,2,0,2
220699909,7,3,10
220710001,1,9,10
220710004,3,0,3
220710006,68,88,156
220710011,0,1,1
220710012,0,5,5
220710013,5,2,7
220710015,1,0,1
220710017,24,21,45
220710018,2,6,8
220710019,0,1,1
220710023,1,0,1
220710024,1,2,3
220710025,5,3,8
220710026,3,4,7
220710027,1,0,1
220710033,9,5,14
220710034,2,1,3
220710036,1,1,2
220710037,5,10,15
220710038,4,9,13
220710039,3,2,5
220710040,1,0,1
220710041,9,10,19
220710042,8,12,20
220710046,8,5,13
220710047,0,1,1
220710049,0,3,3
220710050,7,8,15
220710054,2,7,9
220710055,1,5,6
220710056,12,16,28
220710057,1,12,13
220710058,13,47,60
220710059,236,472,708
220710060,14,111,125
220710063,2,1,3
220710064,1,3,4
220710065,0,1,1
220710067,4,4,8
220710071,2,0,2
220710072,4,2,6
220710076,16,31,47
220710077,15,47,62
220710078,6,6,12
220710079,3,12,15
220710081,0,2,2
220710082,14,12,26
220710083,5,11,16
220710084,1,2,3
220710085,2,1,3
220710087,0,3,3
220710088,2,4,6
220710089,7,10,17
220710090,7,40,47
220710091,2,10,12
220710096,4,4,8
220710097,3,3,6
220710099,44,104,148
220710100,3,13,16
220710101,7,13,20
220710102,2,24,26
220710103,0,2,2
220710104,16,34,50
220710105,6,4,10
220710106,4,10,14
220710107,9,19,28
220710108,10,20,30
220710109,10,21,31
220710111,20,26,46
220710112,2,6,8
220710114,9,30,39
220710115,9,32,41
220710116,9,28,37
220710117,20,63,83
220710119,2,9,11
220710120,13,36,49
220710121,13,25,38
220710122,10,20,30
220710123,2,3,5
220710124,3,8,11
220710125,12,14,26
220710126,5,23,28
220710127,12,14,26
220710128,11,19,30
220710129,2,7,9
220710132,1,9,10
220710133,27,54,81
220710503,1,0,1
220730001,15,17,32
220730002,10,20,30
220730003,0,8,8
220730004,9,9,18
220730008,19,41,60
220730009,1,0,1
220730014,3,7,10
220730016,37,6,43
220730017,18,21,39
220730051,0,1,1
220730052,5,9,14
220730053,7,16,23
220730054,1,0,1
220730055,25,17,42
220730056,3,4,7
220730058,1,0,1
220730059,0,1,1
220730101,4,2,6
220730102,25,20,45
220730103,13,39,52
220730104,9,4,13
220730105,3,3,6
220730106,3,4,7
220730107,0,1,1
220739503,0,1,1
220750501,0,1,1
220750502,7,8,15
220750503,3,0,3
220750504,0,1,1
220779519,2,0,2
220779521,1,0,1
220779522,0,2,2
220779523,9,2,11
220779524,0,1,1
220790101,3,0,3
220790102,2,2,4
220790103,2,1,3
220790104,3,4,7
220790105,0,1,1
220790106,0,1,1
220790107,8,18,26
220790108,0,3,3
220790109,6,8,14
220790111,34,41,75
220790113,0,3,3
220790115,12,11,23
220790116,1,1,2
220790117,3,1,4
220790119,0,1,1
220790121,6,9,15
220790122,6,14,20
220790123,26,56,82
220790124,22,48,70
220790125,5,10,15
220790126,22,44,66
220790130,2,0,2
220790131,2,0,2
220790132,4,1,5
220790133,6,2,8
220790134,4,1,5
220790135,0,1,1
220819603,2,1,3
220839701,6,0,6
220839702,1,0,1
220839703,3,0,3
220839704,3,0,3
220839705,5,5,10
220839706,2,0,2
220859801,1,0,1
220859803,1,0,1
220859804,0,1,1
220859805,4,2,6
220859807,3,0,3
220870301,1,0,1
220870302,2,1,3
220870303,0,1,1
220870306,0,1,1
220870307,1,0,1
220870308,5,1,6
220890621,2,1,3
220890622,2,1,3
220890623,11,12,23
220890624,0,1,1
220890627,2,0,2
220890629,1,0,1
220890631,5,9,14
220919511,3,1,4
220919538,2,0,2
220930401,4,1,5
220930402,9,2,11
220930403,1,0,1
220930405,1,1,2
220930406,3,1,4
220930407,0,1,1
220950701,2,1,3
220950702,1,2,3
220950703,2,4,6
220950704,2,10,12
220950705,2,0,2
220950707,1,0,1
220950709,13,7,20
220950710,2,0,2
220950711,0,2,2
220979503,1,0,1
220979602,3,4,7
220979603,2,1,3
220979605,2,2,4
220979606,1,2,3
220979607,1,0,1
220979608,8,3,11
220979609,7,3,10
220979610,3,1,4
220979611,3,2,5
220979613,2,0,2
220979614,22,34,56
220979615,8,2,10
220979616,8,8,16
220979617,3,1,4
220979618,3,5,8
220979619,3,2,5
220990201,0,2,2
220990202,2,2,4
220990203,0,1,1
220990204,1,0,1
220990205,4,5,9
220990206,5,4,9
220990208,2,0,2
220990209,0,5,5
220999618,0,1,1
221010210,1,1,2
221010401,0,1,1
221010402,15,4,19
221010403,2,5,7
221010405,4,1,5
221010406,1,0,1
221010408,2,0,2
221010409,1,0,1
221010410,2,0,2
221010414,4,2,6
221010415,11,4,15
221030401,10,20,30
221030402,7,14,21
221030403,47,123,170
221030404,38,53,91
221030405,8,18,26
221030406,26,66,92
221030407,57,84,141
221030408,5,22,27
221030409,3,14,17
221030410,22,41,63
221030411,10,10,20
221030412,42,77,119
221030413,17,32,49
221039537,0,1,1
221059532,1,0,1
221059533,1,1,2
221059534,6,4,10
221059535,1,0,1
221059537,1,1,2
221059538,3,2,5
221059539,5,0,5
221059540,2,4,6
221059541,8,8,16
221059542,6,16,22
221059543,14,4,18
221059544,3,1,4
221059545,27,20,47
221059546,0,5,5
221059547,1,1,2
221059548,1,2,3
221079801,1,0,1
221079803,0,1,1
221090002,2,4,6
221090003,2,4,6
221090004,1,2,3
221090005,1,1,2
221090006,1,0,1
221090007,2,0,2
221090008,1,1,2
221090009,34,60,94
221090010,5,0,5
221090013,15,10,25
221090015,3,11,14
221090017,19,40,59
221090202,1,0,1
221119601,2,0,2
221119602,1,0,1
221119603,0,1,1
221119604,2,0,2
221119605,3,0,3
221139501,2,1,3
221139502,1,1,2
221139504,7,2,9
221139505,2,2,4
221139506,2,0,2
221139507,2,5,7
221139508,2,0,2
221139509,10,6,16
221139510,2,0,2
221159501,2,6,8
221159503,2,0,2
221159505,10,16,26
221159506,4,5,9
221159507,10,4,14
221159508,1,2,3
221179501,2,0,2
221179502,4,1,5
221179503,1,0,1
221179504,0,1,1
221179505,3,5,8
221179507,9,8,17
221179508,5,2,7
221179509,0,1,1
221179510,2,2,4
221190312,1,0,1
221190313,7,4,11
221190315,2,1,3
221190316,4,1,5
221190317,2,2,4
221190318,4,1,5
221190319,4,1,5
221190320,9,3,12
221190321,0,1,1
221210201,2,0,2
221210202,1,1,2
221210203,0,2,2
221210204,4,0,4
221239801,3,1,4
221239802,2,0,2
221259517,1,1,2
221259518,5,8,13
221279601,1,0,1
221279602,1,1,2
221279603,3,6,9
230010101,2,9,11
230010102,12,17,29
230010103,6,7,13
230010104,1,5,6
230010105,0,2,2
230010106,2,2,4
230010107,7,18,25
230010108,7,10,17
230010201,2,22,24
230010202,47,46,93
230010203,12,19,31
230010204,2,0,2
230010205,0,1,1
230010206,2,2,4
230010207,4,6,10
230010208,4,1,5
230010209,2,7,9
230010301,4,0,4
230010302,0,2,2
230010400,2,3,5
230010410,8,3,11
230010415,1,2,3
230010420,4,4,8
230010430,3,1,4
230010440,4,0,4
230010450,4,1,5
230010460,3,1,4
230010465,3,0,3
230039501,1,2,3
230039502,1,0,1
230039503,5,1,6
230039504,0,1,1
230039506,10,15,25
230039507,3,1,4
230039509,0,2,2
230039511,3,0,3
230039512,9,12,21
230039513,8,6,14
230039514,1,3,4
230039517,7,3,10
230039518,14,12,26
230039519,11,21,32
230039520,1,3,4
230039521,1,1,2
230039523,0,1,1
230039524,2,0,2
230039525,9,6,15
230039526,1,0,1
230039529,2,0,2
230050001,3,5,8
230050002,1,6,7
230050003,9,22,31
230050005,6,6,12
230050006,29,8,37
230050010,10,24,34
230050011,10,30,40
230050012,3,3,6
230050013,104,242,346
230050015,12,15,27
230050017,17,35,52
230050018,11,12,23
230050019,11,4,15
230050020,21,76,97
230050021,18,19,37
230050022,5,10,15
230050023,9,9,18
230050024,1,5,6
230050025,54,120,174
230050026,3,3,6
230050027,6,3,9
230050028,5,5,10
230050029,4,3,7
230050030,7,49,56
230050031,6,4,10
230050032,11,6,17
230050033,2,7,9
230050034,6,7,13
230050035,9,12,21
230050037,43,100,143
230050038,17,26,43
230050039,37,57,94
230050040,9,10,19
230050041,3,3,6
230050042,15,42,57
230050044,35,45,80
230050045,20,29,49
230050046,10,9,19
230050047,3,3,6
230050048,13,6,19
230050100,8,9,17
230050111,25,28,53
230050112,45,46,91
230050113,12,5,17
230050115,14,3,17
230050120,2,3,5
230050130,2,3,5
230050140,5,3,8
230050150,3,2,5
230050160,14,8,22
230050165,1,0,1
230050170,2,4,6
230070440,1,0,1
230079901,3,5,8
230079906,5,4,9
230079910,8,3,11
230079911,3,1,4
230079912,25,23,48
230079913,9,3,12
230079914,4,1,5
230090090,1,0,1
230099652,1,1,2
230099653,6,1,7
230099655,25,28,53
230099656,3,7,10
230099657,0,2,2
230099658,8,0,8
230099659,12,13,25
230099660,5,6,11
230099661,6,3,9
230099662,0,1,1
230099663,24,15,39
230099664,6,8,14
230099665,1,4,5
230099666,7,5,12
230110101,5,6,11
230110102,4,1,5
230110103,8,7,15
230110104,9,17,26
230110105,54,55,109
230110106,2,2,4
230110107,7,11,18
230110108,10,13,23
230110109,2,0,2
230110110,6,3,9
230110120,1,1,2
230110130,1,0,1
230110140,11,9,20
230110145,5,3,8
230110150,2,6,8
230110155,3,6,9
230110160,5,9,14
230110170,4,4,8
230110180,1,5,6
230110190,0,1,1
230110200,8,4,12
230110205,4,1,5
230110210,1,1,2
230110230,8,15,23
230110241,24,25,49
230110242,26,39,65
230110250,12,16,28
230119868,14,5,19
230139701,1,3,4
230139702,14,27,41
230139703,7,3,10
230139704,2,4,6
230139705,31,51,82
230139706,1,5,6
230139707,4,9,13
230139708,1,4,5
230139709,4,2,6
230139710,0,3,3
230159751,4,6,10
230159752,9,3,12
230159753,24,12,36
230159754,5,7,12
230159755,8,7,15
230159756,2,9,11
230159757,0,5,5
230159758,4,7,11
230159759,7,3,10
230159760,1,4,5
230159761,0,1,1
230179956,10,3,13
230179957,1,0,1
230179958,2,0,2
230179959,2,0,2
230179960,0,3,3
230179962,2,5,7
230179963,1,0,1
230179964,2,2,4
230179965,20,14,34
230179966,0,2,2
230179967,6,1,7
230179968,0,2,2
230179969,2,1,3
230190002,34,121,155
230190003,19,62,81
230190004,12,26,38
230190005,4,5,9
230190006,2,1,3
230190007,17,19,36
230190009,31,15,46
230190010,2,3,5
230190011,26,25,51
230190020,17,19,36
230190030,1,4,5
230190041,2,1,3
230190042,2,4,6
230190043,10,8,18
230190050,7,8,15
230190061,5,2,7
230190062,9,14,23
230190063,3,3,6
230190071,3,0,3
230190072,1,1,2
230190080,1,1,2
230190090,7,15,22
230190100,3,6,9
230190110,2,0,2
230190120,1,1,2
230190125,1,3,4
230190130,6,1,7
230190135,1,0,1
230190140,1,1,2
230190150,1,0,1
230190160,1,0,1
230190170,2,0,2
230190180,1,0,1
230190200,1,3,4
230190255,1,0,1
230190265,1,0,1
230190270,12,6,18
230190280,1,0,1
230190285,0,1,1
230190290,2,2,4
230190300,9,7,16
230190310,1,0,1
230219603,6,2,8
230219605,0,1,1
230219606,4,0,4
230219607,15,10,25
230219608,1,0,1
230239801,2,0,2
230239802,2,4,6
230239803,9,9,18
230239804,8,6,14
230239805,16,11,27
230239806,1,3,4
230239807,4,4,8
230259853,1,1,2
230259858,0,1,1
230259859,2,1,3
230259860,7,4,11
230259862,1,0,1
230259863,1,0,1
230259865,1,0,1
230259866,3,14,17
230259867,18,8,26
230259869,2,0,2
230259870,2,1,3
230270410,3,3,6
230270420,0,8,8
230270430,19,31,50
230270440,2,13,15
230270450,1,2,3
230270460,3,2,5
230270470,1,2,3
230299551,1,0,1
230299553,1,1,2
230299555,7,10,17
230299556,0,1,1
230299557,1,5,6
230299558,4,2,6
230299559,2,1,3
230299561,3,3,6
230299562,3,8,11
230299563,5,2,7
230299564,1,2,3
230299565,1,4,5
230310051,2,2,4
230310052,13,9,22
230310053,8,4,12
230310054,2,5,7
230310061,8,6,14
230310200,3,0,3
230310210,1,0,1
230310220,0,1,1
230310225,1,0,1
230310230,2,1,3
230310235,1,0,1
230310240,4,3,7
230310245,0,2,2
230310251,15,28,43
230310252,8,8,16
230310253,2,0,2
230310254,10,15,25
230310260,4,1,5
230310270,17,18,35
230310280,39,18,57
230310290,1,2,3
230310302,24,13,37
230310303,0,1,1
230310320,1,1,2
230310330,3,2,5
230310340,8,10,18
230310350,6,4,10
230310360,27,60,87
230310370,4,4,8
230310380,9,23,32
240010001,0,3,3
240010002,1,5,6
240010003,1,4,5
240010004,1,4,5
240010005,2,14,16
240010006,5,28,33
240010007,2,0,2
240010008,2,0,2
240010010,0,2,2
240010011,0,4,4
240010012,31,56,87
240010014,17,13,30
240010016,2,1,3
240010017,2,3,5
240010018,2,2,4
240010020,2,2,4
240010021,1,0,1
240010022,3,0,3
240036012,1,2,3
240036069,1,1,2
240037011,17,15,32
240037012,1,13,14
240037013,7,16,23
240037014,9,10,19
240037021,7,16,23
240037022,33,41,74
240037023,24,11,35
240037024,29,52,81
240037025,15,13,28
240037026,19,43,62
240037027,62,140,202
240037028,1,1,2
240037061,6,15,21
240037063,14,24,38
240037064,7,6,13
240037065,10,11,21
240037066,12,29,41
240037067,6,4,10
240037070,4,5,9
240037080,3,3,6
240037301,2,1,3
240037302,1,3,4
240037304,18,20,38
240037305,23,57,80
240037306,46,73,119
240037307,10,25,35
240037308,11,21,32
240037309,13,30,43
240037310,6,11,17
240037311,32,37,69
240037312,27,40,67
240037313,19,22,41
240037401,17,24,41
240037402,9,15,24
240037403,10,10,20
240037405,24,21,45
240037406,12,15,27
240037407,14,10,24
240037408,1,4,5
240037409,4,2,6
240037410,1,1,2
240037501,3,0,3
240037503,0,1,1
240037504,2,2,4
240037505,3,3,6
240037506,1,1,2
240037508,13,5,18
240037509,6,11,17
240037510,2,1,3
240037511,3,4,7
240052501,0,7,7
240052502,0,1,1
240052707,1,0,1
240052712,1,2,3
240052720,0,1,1
240054001,27,25,52
240054002,3,1,4
240054004,24,29,53
240054005,9,9,18
240054006,0,1,1
240054007,8,5,13
240054008,2,13,15
240054009,5,2,7
240054010,4,6,10
240054011,4,7,11
240054012,1,1,2
240054013,4,1,5
240054014,3,1,4
240054015,62,42,104
240054016,1,0,1
240054022,7,9,16
240054023,12,13,25
240054024,3,33,36
240054025,39,51,90
240054026,19,17,36
240054031,0,2,2
240054032,4,1,5
240054033,3,4,7
240054034,27,35,62
240054035,25,51,76
240054036,51,120,171
240054037,66,173,239
240054038,81,208,289
240054041,23,32,55
240054042,11,26,37
240054044,33,49,82
240054045,6,7,13
240054046,2,7,9
240054048,2,8,10
240054049,20,51,71
240054050,8,8,16
240054060,3,4,7
240054070,13,14,27
240054081,19,33,52
240054082,14,27,41
240054083,91,186,277
240054084,6,13,19
240054085,56,102,158
240054086,12,28,40
240054087,76,155,231
240054088,11,26,37
240054089,14,24,38
240054101,16,55,71
240054102,18,27,45
240054111,4,6,10
240054112,25,35,60
240054113,35,52,87
240054114,39,17,56
240054201,1,0,1
240054202,0,3,3
240054204,3,3,6
240054205,1,5,6
240054206,0,3,3
240054207,2,2,4
240054209,3,0,3
240054210,8,0,8
240054211,3,0,3
240054212,0,1,1
240054301,3,3,6
240054302,1,1,2
240054303,1,0,1
240054304,4,9,13
240054306,3,5,8
240054307,4,0,4
240054308,0,2,2
240054309,1,1,2
240054401,5,4,9
240054402,3,2,5
240054403,3,3,6
240054404,1,0,1
240054405,7,3,10
240054406,11,10,21
240054407,111,97,208
240054408,4,0,4
240054409,1,1,2
240054411,5,3,8
240054501,2,1,3
240054502,2,0,2
240054503,1,1,2
240054504,3,1,4
240054505,2,2,4
240054506,3,0,3
240054508,0,1,1
240054509,1,1,2
240054511,0,1,1
240054512,3,2,5
240054513,2,2,4
240054514,3,0,3
240054515,0,2,2
240054516,0,2,2
240054517,1,2,3
240054518,2,2,4
240054519,5,2,7
240054521,1,0,1
240054524,6,3,9
240054901,34,71,105
240054902,23,22,45
240054903,25,53,78
240054904,29,72,101
240054905,27,64,91
240054906,170,275,445
240054907,21,61,82
240054908,18,19,37
240054909,20,28,48
240054910,10,31,41
240054911,7,16,23
240054912,10,22,32
240054913,6,11,17
240054914,1,2,3
240054915,2,1,3
240054916,0,1,1
240054917,5,7,12
240054919,3,0,3
240054920,1,0,1
240054921,2,3,5
240054922,5,0,5
240098601,5,8,13
240098602,4,13,17
240098603,2,2,4
240098604,2,2,4
240098605,9,10,19
240098606,5,2,7
240098607,30,36,66
240098608,0,6,6
240098609,10,5,15
240098610,1,8,9
240119551,0,1,1
240119552,2,2,4
240119553,4,2,6
240119555,2,1,3
240119556,4,1,5
240135010,3,2,5
240135020,5,2,7
240135030,3,0,3
240135041,7,5,12
240135042,7,14,21
240135051,13,7,20
240135052,16,15,31
240135061,4,3,7
240135062,1,2,3
240135075,6,4,10
240135076,8,7,15
240135077,7,7,14
240135078,30,43,73
240135081,5,2,7
240135082,4,3,7
240135090,2,4,6
240135110,1,1,2
240135120,1,0,1
240135130,6,4,10
240135141,1,0,1
240135142,4,5,9
240137516,1,0,1
240137520,0,2,2
240150301,3,5,8
240150302,2,1,3
240150304,27,24,51
240150305,10,13,23
240150306,3,5,8
240150307,0,1,1
240150309,6,17,23
240150312,3,15,18
240150313,4,4,8
240150314,2,2,4
240178503,1,0,1
240178505,0,1,1
240178506,2,0,2
240178507,20,16,36
240178508,6,5,11
240178509,29,32,61
240178510,18,16,34
240178511,1,1,2
240178512,0,1,1
240178513,3,4,7
240178514,1,4,5
240199701,0,1,1
240199702,2,0,2
240199703,4,6,10
240199704,8,17,25
240199705,3,0,3
240199706,3,4,7
240199707,10,8,18
240199708,0,1,1
240199709,1,0,1
240215130,2,4,6
240217501,0,1,1
240217502,3,7,10
240217504,3,4,7
240217505,8,9,17
240217506,14,19,33
240217507,40,69,109
240217508,19,47,66
240217510,11,9,20
240217512,20,31,51
240217513,8,17,25
240217514,6,3,9
240217515,2,4,6
240217517,9,5,14
240217518,3,7,10
240217519,18,25,43
240217520,7,7,14
240217521,2,5,7
240217522,10,22,32
240217523,3,6,9
240217524,9,2,11
240217525,4,2,6
240217526,18,9,27
240217527,1,4,5
240217528,2,4,6
240217529,0,3,3
240217530,5,4,9
240217531,0,3,3
240217532,2,2,4
240230001,1,0,1
240230002,2,1,3
240230003,0,1,1
240230005,3,8,11
240230006,8,10,18
240230007,3,2,5
240253011,23,31,54
240253012,9,13,22
240253013,7,5,12
240253014,9,3,12
240253015,1,1,2
240253016,4,0,4
240253017,11,9,20
240253021,5,4,9
240253022,1,2,3
240253025,0,1,1
240253028,8,3,11
240253029,2,0,2
240253031,8,9,17
240253032,12,15,27
240253033,11,8,19
240253034,6,13,19
240253035,26,30,56
240253036,25,30,55
240253037,2,2,4
240253038,14,22,36
240253039,1,2,3
240253041,2,3,5
240253042,22,21,43
240253051,4,2,6
240253053,1,1,2
240253061,6,5,11
240253062,9,14,23
240253063,0,4,4
240253064,11,11,22
240254070,0,1,1
240274015,0,1,1
240274022,1,2,3
240276011,48,70,118
240276012,14,26,40
240276021,34,46,80
240276022,24,38,62
240276023,114,201,315
240276026,9,13,22
240276027,12,25,37
240276028,16,24,40
240276029,18,22,40
240276030,61,97,158
240276040,26,44,70
240276051,73,162,235
240276054,23,65,88
240276055,107,133,240
240276056,64,106,170
240276066,61,48,109
240276067,50,63,113
240276068,42,52,94
240276069,23,27,50
240277401,0,2,2
240298103,6,2,8
240299501,2,3,5
240299502,1,12,13
240299503,15,20,35
240299504,6,8,14
240299505,2,2,4
240317001,41,49,90
240317002,19,21,40
240317003,62,63,125
240317004,3,4,7
240317005,5,7,12
240317006,139,242,381
240317007,88,107,195
240317008,151,243,394
240317009,41,73,114
240317010,124,241,365
240317011,3,9,12
240317012,364,747,1111
240317013,162,255,417
240317014,143,173,316
240317015,122,164,286
240317016,5,4,9
240317017,32,51,83
240317018,7,8,15
240317019,0,4,4
240317020,5,2,7
240317021,14,23,37
240317022,11,13,24
240317023,11,21,32
240317024,13,14,27
240317025,26,40,66
240317026,22,35,57
240317027,15,38,53
240317028,31,43,74
240317029,37,81,118
240317030,0,5,5
240317031,8,12,20
240317032,137,228,365
240317033,4,15,19
240317034,5,2,7
240317035,21,41,62
240317036,9,29,38
240317037,7,6,13
240317038,7,33,40
240317039,51,85,136
240317040,10,19,29
240317041,21,70,91
240317042,9,18,27
240317043,16,36,52
240317044,188,716,904
240317045,43,123,166
240317046,24,73,97
240317047,15,57,72
240317048,62,143,205
240317050,71,188,259
240317051,17,60,77
240317052,12,46,58
240317053,6,16,22
240317054,8,60,68
240317055,69,144,213
240317056,24,120,144
240317057,37,73,110
240317058,21,68,89
240317059,78,201,279
240317060,225,618,843
240318074,0,3,3
240337014,3,6,9
240337017,3,2,5
240338001,19,33,52
240338002,58,77,135
240338004,63,71,134
240338005,116,106,222
240338006,13,18,31
240338007,23,20,43
240338008,1,2,3
240338009,3,1,4
240338010,2,7,9
240338011,19,29,48
240338012,33,75,108
240338013,45,46,91
240338014,23,31,54
240338017,1,0,1
240338018,7,12,19
240338019,23,13,36
240338020,7,0,7
240338021,3,2,5
240338022,3,3,6
240338023,3,0,3
240338024,1,0,1
240338025,1,0,1
240338027,0,1,1
240338028,2,0,2
240338029,2,1,3
240338030,2,1,3
240338033,2,2,4
240338034,1,0,1
240338035,55,60,115
240338036,28,9,37
240338037,2,1,3
240338038,1,1,2
240338040,6,5,11
240338041,7,8,15
240338042,79,33,112
240338043,0,1,1
240338044,10,2,12
240338047,4,1,5
240338048,5,4,9
240338049,1,0,1
240338050,2,2,4
240338051,4,1,5
240338052,1,4,5
240338055,6,1,7
240338057,2,1,3
240338058,0,2,2
240338059,18,19,37
240338060,1,2,3
240338061,2,3,5
240338062,9,2,11
240338063,3,1,4
240338064,14,14,28
240338065,3,3,6
240338066,6,5,11
240338067,43,98,141
240338068,14,10,24
240338069,4,1,5
240338070,2,7,9
240338071,8,14,22
240338072,5,7,12
240338073,9,10,19
240338074,24,27,51
240358101,0,2,2
240358104,11,3,14
240358105,1,0,1
240358106,1,10,11
240358107,2,0,2
240358108,4,1,5
240358109,1,3,4
240358110,5,4,9
240359601,0,1,1
240378513,2,1,3
240379950,2,4,6
240379951,5,1,6
240379952,3,0,3
240379953,3,0,3
240379954,11,16,27
240379955,16,21,37
240379956,11,17,28
240379957,0,1,1
240379958,2,3,5
240379959,1,1,2
240379960,8,1,9
240379961,1,2,3
240379962,1,3,4
240399801,9,3,12
240399802,0,1,1
240399803,2,1,3
240399805,5,3,8
240399806,1,0,1
240419601,1,2,3
240419602,14,43,57
240419603,8,19,27
240419604,27,60,87
240419605,10,7,17
240419606,2,7,9
240419607,7,14,21
240419608,0,4,4
240419609,7,11,18
240430001,3,8,11
240430002,5,5,10
240430004,4,2,6
240430005,0,1,1
240430006,17,16,33
240430007,16,17,33
240430008,7,3,10
240430009,0,3,3
240430010,4,2,6
240430102,3,16,19
240430103,26,42,68
240430104,1,1,2
240430105,0,2,2
240430107,3,0,3
240430108,4,3,7
240430111,7,11,18
240430112,32,61,93
240430113,7,15,22
240430114,2,7,9
240430115,2,2,4
240430116,0,3,3
240450001,0,4,4
240450002,0,7,7
240450004,18,39,57
240450005,4,8,12
240450101,17,28,45
240450102,2,2,4
240450103,24,31,55
240450104,20,21,41
240450105,20,34,54
240450106,10,36,46
240450107,1,5,6
240450108,4,12,16
240470108,1,3,4
240479901,9,8,17
240479902,2,6,8
240479903,11,10,21
240479904,2,5,7
240479905,6,2,8
240479906,6,7,13
240479907,5,17,22
240479908,1,0,1
240479909,3,0,3
240479910,1,0,1
240479911,9,1,10
245100101,14,28,42
245100102,4,16,20
245100103,5,15,20
245100104,12,51,63
245100105,7,15,22
245100201,13,32,45
245100202,6,26,32
245100203,26,87,113
245100301,2,7,9
245100302,14,46,60
245100401,103,196,299
245100402,129,515,644
245100501,5,11,16
245100601,6,4,10
245100602,3,7,10
245100603,3,9,12
245100604,150,728,878
245100605,7,20,27
245100702,7,23,30
245100704,78,158,236
245100801,1,1,2
245100803,2,1,3
245100901,0,1,1
245100902,4,4,8
245100903,1,3,4
245100905,4,1,5
245100908,1,3,4
245101001,6,1,7
245101002,1,2,3
245101101,20,47,67
245101102,24,51,75
245101201,29,72,101
245101202,88,126,214
245101203,3,4,7
245101205,2,2,4
245101206,3,6,9
245101207,17,7,24
245101301,0,1,1
245101302,1,1,2
245101303,2,2,4
245101306,6,10,16
245101307,16,36,52
245101308,12,30,42
245101401,16,38,54
245101402,6,0,6
245101403,2,2,4
245101501,0,2,2
245101505,3,3,6
245101506,1,1,2
245101508,11,3,14
245101509,2,1,3
245101510,2,1,3
245101511,6,2,8
245101513,1,0,1
245101604,1,0,1
245101605,0,1,1
245101701,30,42,72
245101702,1,1,2
245101703,2,0,2
245101801,0,1,1
245101803,3,6,9
245101901,0,1,1
245101902,3,2,5
245101903,1,2,3
245102001,6,5,11
245102008,1,2,3
245102101,7,5,12
245102102,6,7,13
245102201,22,118,140
245102301,4,12,16
245102302,2,14,16
245102303,1,1,2
245102401,9,6,15
245102402,14,36,50
245102403,16,24,40
245102404,11,17,28
245102501,87,85,172
245102502,64,51,115
245102503,4,2,6
245102504,2,0,2
245102505,4,0,4
245102601,4,2,6
245102602,2,0,2
245102603,2,1,3
245102604,0,1,1
245102605,71,157,228
245102606,4,4,8
245102607,0,2,2
245102608,2,2,4
245102609,9,10,19
245102610,2,3,5
245102611,7,17,24
245102701,1,3,4
245102702,2,1,3
245102703,3,3,6
245102704,3,4,7
245102705,2,3,5
245102706,1,5,6
245102707,0,3,3
245102708,86,83,169
245102709,4,5,9
245102711,13,30,43
245102712,37,112,149
245102713,21,52,73
245102714,43,72,115
245102715,35,106,141
245102717,52,90,142
245102718,5,7,12
245102719,2,8,10
245102720,48,71,119
245102801,3,2,5
245102802,1,0,1
245102803,5,2,7
245102804,10,8,18
245104011,2,2,4
245104012,2,5,7
245104036,3,8,11
245104905,0,1,1
250010101,9,10,19
250010102,9,9,18
250010103,9,7,16
250010104,7,6,13
250010105,4,6,10
250010106,10,11,21
250010107,5,7,12
250010108,2,8,10
250010109,13,6,19
250010110,2,5,7
250010111,12,1,13
250010112,4,5,9
250010113,4,4,8
250010114,3,5,8
250010115,2,4,6
250010117,2,4,6
250010118,11,19,30
250010120,17,6,23
250010121,13,11,24
250010122,14,34,48
250010123,5,4,9
250010124,19,57,76
250010125,5,4,9
250010126,2,7,9
250010127,14,20,34
250010128,7,11,18
250010129,3,1,4
250010130,6,15,21
250010131,4,10,14
250010132,4,18,22
250010133,3,2,5
250010134,8,13,21
250010135,14,10,24
250010136,3,7,10
250010137,1,2,3
250010138,5,5,10
250010139,3,7,10
250010140,7,9,16
250010141,3,4,7
250010143,11,23,34
250010144,11,19,30
250010145,3,3,6
250010146,4,5,9
250010147,3,7,10
250010148,11,15,26
250010149,33,58,91
250010150,5,9,14
250010151,9,11,20
250010152,3,10,13
250039001,7,24,31
250039002,90,86,176
250039003,2,4,6
250039004,5,4,9
250039005,11,18,29
250039006,2,1,3
250039007,1,0,1
250039008,14,25,39
250039009,14,19,33
250039010,1,1,2
250039011,0,2,2
250039012,1,1,2
250039111,2,8,10
250039121,10,6,16
250039131,17,28,45
250039141,10,10,20
250039201,31,42,73
250039211,1,4,5
250039212,6,15,21
250039213,1,1,2
250039215,2,2,4
250039221,8,1,9
250039222,0,1,1
250039223,0,1,1
250039231,3,2,5
250039241,1,16,17
250039251,28,24,52
250039261,0,5,5
250039311,0,1,1
250039313,0,1,1
250039314,0,1,1
250039322,1,2,3
250039323,0,2,2
250039332,1,1,2
250039333,0,3,3
250039334,1,1,2
250039342,3,5,8
250039343,2,6,8
250039351,5,13,18
250056001,10,26,36
250056002,13,30,43
250056101,4,6,10
250056102,12,21,33
250056111,7,6,13
250056112,1,3,4
250056121,6,3,9
250056122,7,7,14
250056131,6,7,13
250056133,1,1,2
250056134,2,2,4
250056137,7,9,16
250056138,13,32,45
250056139,2,1,3
250056141,5,4,9
250056151,4,3,7
250056161,3,1,4
250056171,3,8,11
250056301,4,3,7
250056302,7,5,12
250056303,9,9,18
250056304,10,3,13
250056311,4,3,7
250056312,6,3,9
250056313,8,4,12
250056314,0,5,5
250056315,0,5,5
250056316,9,10,19
250056317,5,16,21
250056318,7,3,10
250056321,8,15,23
250056322,6,7,13
250056331,11,4,15
250056332,11,7,18
250056403,1,0,1
250056404,3,4,7
250056405,4,10,14
250056408,0,1,1
250056409,1,0,1
250056410,0,1,1
250056411,2,10,12
250056412,4,14,18
250056413,1,0,1
250056417,4,13,17
250056418,8,24,32
250056419,0,1,1
250056421,1,4,5
250056422,9,5,14
250056423,9,13,22
250056424,12,31,43
250056425,2,4,6
250056441,6,2,8
250056442,8,2,10
250056451,18,8,26
250056461,17,23,40
250056501,2,7,9
250056503,1,0,1
250056505,0,1,1
250056510,5,0,5
250056511,0,1,1
250056513,1,2,3
250056514,1,0,1
250056516,1,0,1
250056518,2,6,8
250056520,1,0,1
250056521,6,6,12
250056522,15,20,35
250056523,5,4,9
250056531,32,64,96
250056532,5,13,18
250056533,20,39,59
250056551,3,0,3
250056552,1,0,1
250056553,2,1,3
250056554,2,3,5
250072001,3,4,7
250072002,16,17,33
250072003,4,6,10
250072004,9,11,20
250092011,5,12,17
250092021,27,12,39
250092022,23,35,58
250092031,16,35,51
250092032,11,31,42
250092033,13,15,28
250092041,8,6,14
250092042,2,2,4
250092043,3,2,5
250092044,3,2,5
250092045,5,4,9
250092046,1,1,2
250092047,69,68,137
250092051,1,1,2
250092052,1,0,1
250092054,9,33,42
250092055,6,8,14
250092056,2,0,2
250092059,1,0,1
250092064,0,1,1
250092066,2,1,3
250092067,2,5,7
250092068,11,0,11
250092069,1,3,4
250092070,3,1,4
250092081,1,1,2
250092082,0,1,1
250092083,1,1,2
250092084,6,3,9
250092091,18,18,36
250092092,13,25,38
250092101,3,4,7
250092102,3,2,5
250092103,34,37,71
250092104,3,19,22
250092105,1,1,2
250092109,1,1,2
250092111,1,19,20
250092112,18,13,31
250092113,6,16,22
250092114,16,13,29
250092121,9,9,18
250092131,19,38,57
250092141,10,13,23
250092151,18,24,42
250092161,5,8,13
250092171,30,24,54
250092172,3,0,3
250092173,16,43,59
250092174,1,2,3
250092175,9,16,25
250092176,6,17,23
250092181,11,25,36
250092201,4,7,11
250092211,0,5,5
250092213,8,14,22
250092214,0,1,1
250092215,2,2,4
250092216,3,2,5
250092217,1,0,1
250092218,6,2,8
250092219,6,18,24
250092221,3,8,11
250092231,3,5,8
250092232,6,4,10
250092233,5,9,14
250092501,3,3,6
250092502,3,0,3
250092505,8,0,8
250092507,27,5,32
250092508,0,8,8
250092512,1,1,2
250092514,1,0,1
250092515,1,6,7
250092516,10,20,30
250092517,5,5,10
250092518,0,2,2
250092521,2,1,3
250092522,1,0,1
250092523,4,0,4
250092524,5,2,7
250092525,11,16,27
250092526,9,12,21
250092531,6,10,16
250092532,59,78,137
250092541,16,32,48
250092542,7,18,25
250092543,22,50,72
250092544,29,71,100
250092601,9,10,19
250092602,7,4,11
250092603,10,18,28
250092604,1,2,3
250092605,0,3,3
250092606,0,1,1
250092607,0,1,1
250092609,0,1,1
250092610,1,0,1
250092611,1,3,4
250092621,3,2,5
250092631,8,12,20
250092641,3,2,5
250092651,9,13,22
250092661,5,4,9
250092662,4,2,6
250092663,7,7,14
250092664,2,2,4
250092671,4,4,8
250092681,2,4,6
250092682,24,25,49
250092683,6,11,17
250092684,8,10,18
250092691,9,13,22
250092701,3,5,8
250110401,4,3,7
250110402,1,3,4
250110403,3,0,3
250110404,0,1,1
250110405,1,2,3
250110406,5,5,10
250110407,8,7,15
250110408,3,1,4
250110409,8,7,15
250110410,1,7,8
250110411,10,13,23
250110412,14,3,17
250110413,6,14,20
250110414,0,1,1
250110415,12,4,16
250117042,1,1,2
250119314,1,0,1
250138001,2,3,5
250138003,0,3,3
250138004,2,1,3
250138005,13,49,62
250138006,21,63,84
250138007,6,6,12
250138008,4,12,16
250138009,30,51,81
250138011,14,33,47
250138012,0,1,1
250138013,1,2,3
250138014,1,2,3
250138015,4,3,7
250138016,13,7,20
250138017,0,1,1
250138018,2,0,2
250138019,136,200,336
250138020,1,0,1
250138021,6,13,19
250138022,0,1,1
250138023,2,0,2
250138024,0,3,3
250138025,3,10,13
250138026,4,5,9
250138101,9,6,15
250138102,1,1,2
250138103,1,0,1
250138104,13,8,21
250138106,14,10,24
250138107,1,1,2
250138108,1,3,4
250138109,0,2,2
250138110,3,2,5
250138111,0,1,1
250138113,5,2,7
250138117,5,3,8
250138118,1,0,1
250138119,9,17,26
250138120,15,37,52
250138121,20,26,46
250138122,14,12,26
250138123,5,9,14
250138124,13,20,33
250138125,9,17,26
250138126,6,10,16
250138127,5,4,9
250138128,2,3,5
250138129,10,12,22
250138130,1,1,2
250138131,7,7,14
250138132,21,16,37
250138133,86,188,274
250138134,32,26,58
250138135,9,6,15
250138136,36,45,81
250138137,2,3,5
250138138,5,1,6
250150406,0,1,1
250150408,1,2,3
250158201,17,6,23
250158202,24,17,41
250158203,11,17,28
250158204,10,4,14
250158205,11,16,27
250158206,1,0,1
250158207,29,25,54
250158208,17,18,35
250158209,7,7,14
250158210,9,4,13
250158211,7,4,11
250158213,19,20,39
250158214,14,5,19
250158215,7,6,13
250158216,36,69,105
250158217,7,29,36
250158219,58,68,126
250158220,0,1,1
250158222,30,26,56
250158223,6,1,7
250158224,9,8,17
250158225,6,5,11
250158226,10,13,23
250158227,5,3,8
250171301,0,1,1
250171703,0,1,1
250173001,1,0,1
250173011,3,0,3
250173021,2,2,4
250173101,5,8,13
250173103,0,1,1
250173106,13,20,33
250173107,0,1,1
250173108,5,3,8
250173110,8,1,9
250173112,2,0,2
250173113,1,0,1
250173114,3,0,3
250173115,0,1,1
250173116,1,1,2
250173122,3,0,3
250173124,14,18,32
250173125,5,5,10
250173131,9,3,12
250173141,4,2,6
250173142,4,3,7
250173143,3,1,4
250173151,7,3,10
250173152,1,1,2
250173154,5,1,6
250173155,5,1,6
250173161,7,3,10
250173162,8,4,12
250173163,4,2,6
250173164,3,1,4
250173165,7,2,9
250173171,25,16,41
250173172,29,46,75
250173173,13,12,25
250173181,10,6,16
250173182,1,0,1
250173183,7,8,15
250173184,14,7,21
250173201,30,45,75
250173211,4,6,10
250173212,9,3,12
250173213,0,2,2
250173214,0,8,8
250173215,7,19,26
250173216,6,4,10
250173221,3,3,6
250173222,2,5,7
250173223,5,2,7
250173224,2,1,3
250173231,13,9,22
250173241,12,7,19
250173251,4,15,19
250173261,16,16,32
250173271,3,3,6
250173281,1,2,3
250173301,8,14,22
250173302,8,8,16
250173311,19,5,24
250173312,5,4,9
250173313,4,5,9
250173321,4,7,11
250173322,12,10,22
250173323,4,12,16
250173324,78,250,328
250173331,3,4,7
250173332,1,6,7
250173333,0,2,2
250173334,2,5,7
250173335,9,14,23
250173336,10,10,20
250173341,5,12,17
250173342,9,4,13
250173343,13,6,19
250173344,11,6,17
250173351,4,5,9
250173352,1,4,5
250173353,2,5,7
250173354,2,3,5
250173361,7,14,21
250173362,21,27,48
250173363,11,13,24
250173364,5,9,14
250173371,16,33,49
250173372,9,22,31
250173373,2,8,10
250173381,12,26,38
250173382,13,24,37
250173383,13,24,37
250173384,32,53,85
250173385,25,38,63
250173391,40,39,79
250173392,1,16,17
250173393,1,3,4
250173394,5,4,9
250173395,13,10,23
250173396,1,2,3
250173397,1,2,3
250173398,18,22,40
250173399,3,2,5
250173400,0,3,3
250173401,2,12,14
250173411,22,14,36
250173412,5,10,15
250173413,23,10,33
250173414,1,3,4
250173415,2,4,6
250173416,2,4,6
250173417,1,1,2
250173418,2,2,4
250173419,7,6,13
250173421,3,11,14
250173422,1,1,2
250173423,1,0,1
250173424,3,2,5
250173425,1,7,8
250173501,5,6,11
250173502,6,8,14
250173503,2,6,8
250173504,10,13,23
250173505,6,7,13
250173506,3,13,16
250173507,4,3,7
250173508,5,11,16
250173509,8,13,21
250173510,12,17,29
250173511,12,24,36
250173512,15,25,40
250173513,4,4,8
250173514,7,3,10
250173515,2,1,3
250173521,25,62,87
250173522,5,3,8
250173523,17,60,77
250173524,5,14,19
250173525,13,10,23
250173526,1,10,11
250173528,2,12,14
250173529,58,113,171
250173530,15,65,80
250173531,35,54,89
250173532,13,30,43
250173533,20,34,54
250173534,14,18,32
250173535,12,17,29
250173536,11,29,40
250173537,41,59,100
250173538,23,62,85
250173539,2,13,15
250173540,9,45,54
250173541,19,74,93
250173542,70,127,197
250173543,4,12,16
250173544,3,12,15
250173545,7,20,27
250173546,28,38,66
250173547,11,19,30
250173548,11,11,22
250173549,8,19,27
250173550,8,15,23
250173561,3,7,10
250173562,13,16,29
250173563,3,7,10
250173564,13,28,41
250173565,5,12,17
250173566,21,21,42
250173567,23,40,63
250173571,12,33,45
250173572,17,45,62
250173573,8,16,24
250173574,9,24,33
250173575,6,10,16
250173576,2,3,5
250173577,9,74,83
250173578,20,51,71
250173581,19,37,56
250173583,30,71,101
250173584,30,56,86
250173585,18,37,55
250173586,28,49,77
250173587,32,56,88
250173591,21,27,48
250173593,16,35,51
250173601,1,1,2
250173602,28,66,94
250173611,38,100,138
250173612,18,29,47
250173613,19,38,57
250173621,14,29,43
250173631,37,38,75
250173632,8,11,19
250173641,5,1,6
250173651,26,55,81
250173652,24,55,79
250173661,10,19,29
250173662,50,109,159
250173671,25,56,81
250173672,60,136,196
250173681,9,13,22
250173682,15,34,49
250173683,2,3,5
250173684,15,34,49
250173685,12,8,20
250173686,1,6,7
250173687,0,1,1
250173688,6,0,6
250173689,12,20,32
250173690,0,2,2
250173691,6,11,17
250173701,14,29,43
250173702,10,28,38
250173703,20,28,48
250173704,4,14,18
250173731,19,35,54
250173732,5,14,19
250173733,9,30,39
250173734,20,34,54
250173735,47,128,175
250173736,23,69,92
250173737,42,92,134
250173738,37,104,141
250173739,61,122,183
250173740,18,69,87
250173741,20,51,71
250173742,26,61,87
250173743,82,175,257
250173744,62,138,200
250173745,10,22,32
250173746,9,26,35
250173747,14,32,46
250173748,21,50,71
250173821,4,12,16
250173822,9,16,25
250173823,39,80,119
250173824,5,6,11
250173825,6,13,19
250173826,10,14,24
250173831,1,0,1
250173833,7,9,16
250173834,38,73,111
250173835,8,20,28
250173836,17,23,40
250173837,2,6,8
250173838,4,8,12
250173839,14,44,58
250173840,9,23,32
250173851,2,10,12
250173852,11,12,23
250173861,15,49,64
250173871,4,2,6
250173872,11,10,21
250173881,7,13,20
250174011,0,2,2
250174012,4,14,18
250177141,0,1,1
250199501,7,9,16
250199502,1,1,2
250199503,0,1,1
250199505,0,3,3
250210005,3,6,9
250210007,2,3,5
250211106,3,4,7
250211201,1,0,1
250211301,2,3,5
250213736,6,5,11
250213739,4,11,15
250214001,58,132,190
250214002,45,148,193
250214003,24,69,93
250214004,34,72,106
250214005,38,97,135
250214006,42,95,137
250214007,49,130,179
250214008,49,135,184
250214009,48,94,142
250214010,15,54,69
250214011,51,137,188
250214012,47,145,192
250214021,7,6,13
250214022,1,1,2
250214023,1,3,4
250214024,14,18,32
250214025,33,35,68
250214031,26,42,68
250214032,23,36,59
250214033,37,75,112
250214034,29,72,101
250214035,19,49,68
250214041,41,71,112
250214042,45,126,171
250214043,31,113,144
250214044,20,52,72
250214051,27,80,107
250214061,24,31,55
250214071,2,7,9
250214081,8,6,14
250214091,4,19,23
250214101,18,11,29
250214103,3,4,7
250214104,8,4,12
250214111,12,9,21
250214112,2,9,11
250214113,13,28,41
250214121,15,39,54
250214122,19,31,50
250214123,10,40,50
250214131,6,7,13
250214132,5,8,13
250214133,0,3,3
250214134,36,72,108
250214135,7,11,18
250214141,27,29,56
250214142,32,51,83
250214143,20,34,54
250214151,18,19,37
250214152,15,37,52
250214153,16,24,40
250214161,38,78,116
250214162,8,13,21
250214163,13,23,36
250214164,11,21,32
250214171,2,1,3
250214172,4,7,11
250214173,5,17,22
250214174,2,2,4
250214175,7,11,18
250214176,10,8,18
250214177,19,23,42
250214178,4,4,8
250214179,2,4,6
250214180,34,39,73
250214181,14,24,38
250214182,11,16,27
250214191,12,6,18
250214195,1,1,2
250214196,13,13,26
250214197,2,5,7
250214198,16,11,27
250214201,1,2,3
250214202,5,5,10
250214203,7,7,14
250214211,0,1,1
250214212,4,1,5
250214221,10,19,29
250214222,21,46,67
250214223,5,31,36
250214224,0,3,3
250214225,0,3,3
250214226,2,2,4
250214227,2,0,2
250214228,1,1,2
250214231,18,25,43
250214401,12,5,17
250214412,12,11,23
250214421,9,8,17
250214422,8,4,12
250214431,12,5,17
250214561,9,17,26
250214562,4,4,8
250214563,2,4,6
250214564,4,6,10
250214571,1,1,2
250215031,1,0,1
250235001,5,9,14
250235011,9,35,44
250235012,21,43,64
250235021,0,1,1
250235022,3,3,6
250235031,19,10,29
250235041,49,35,84
250235051,13,18,31
250235052,16,11,27
250235061,8,16,24
250235062,6,11,17
250235071,34,53,87
250235081,5,9,14
250235082,2,2,4
250235091,8,10,18
250235103,0,1,1
250235105,23,33,56
250235106,7,17,24
250235107,10,5,15
250235108,3,0,3
250235109,2,0,2
250235111,20,37,57
250235112,1,0,1
250235113,2,0,2
250235116,2,3,5
250235117,24,62,86
250235201,4,1,5
250235202,4,1,5
250235211,3,1,4
250235212,0,2,2
250235221,5,0,5
250235231,0,1,1
250235232,7,2,9
250235241,5,6,11
250235251,7,9,16
250235252,1,2,3
250235253,1,0,1
250235261,0,1,1
250235301,1,22,23
250235302,6,5,11
250235303,3,9,12
250235304,2,4,6
250235305,17,15,32
250235306,15,13,28
250235307,4,9,13
250235308,1,4,5
250235309,3,4,7
250235401,13,10,23
250235411,2,5,7
250235421,0,1,1
250235422,1,3,4
250235423,6,4,10
250235431,0,1,1
250235442,1,0,1
250235451,5,4,9
250235452,3,1,4
250235453,2,1,3
250235454,24,11,35
250235601,15,20,35
250235611,5,20,25
250250001,3,8,11
250250002,4,9,13
250250003,6,17,23
250250004,7,29,36
250250005,18,29,47
250250006,106,173,279
250250007,7,11,18
250250008,11,21,32
250250101,30,47,77
250250102,103,185,288
250250103,161,649,810
250250104,19,58,77
250250105,12,36,48
250250106,18,80,98
250250107,28,84,112
250250108,25,75,100
250250201,21,82,103
250250202,26,46,72
250250203,338,1418,1756
250250301,1,5,6
250250302,4,3,7
250250303,25,53,78
250250304,5,4,9
250250305,2,11,13
250250401,3,6,9
250250402,1,2,3
250250403,13,23,36
250250404,2,5,7
250250406,1,7,8
250250408,10,38,48
250250501,0,1,1
250250502,0,3,3
250250503,0,2,2
250250504,2,0,2
250250506,21,4,25
250250509,1,2,3
250250510,0,1,1
250250511,1,1,2
250250512,1,2,3
250250601,5,8,13
250250602,2,2,4
250250603,1,3,4
250250604,6,8,14
250250605,2,6,8
250250606,7,10,17
250250608,9,9,18
250250610,2,2,4
250250612,6,28,34
250250701,47,150,197
250250702,119,431,550
250250703,31,50,81
250250704,1,1,2
250250705,24,67,91
250250706,15,36,51
250250707,17,38,55
250250708,17,39,56
250250709,18,57,75
250250711,242,528,770
250250712,4,33,37
250250801,7,2,9
250250803,0,1,1
250250804,0,1,1
250250805,3,1,4
250250806,3,4,7
250250808,1,2,3
250250809,21,44,65
250250810,368,1775,2143
250250811,27,105,132
250250812,5,2,7
250250813,5,2,7
250250814,2,7,9
250250815,0,2,2
250250817,1,1,2
250250819,1,2,3
250250820,1,2,3
250250821,2,0,2
250250907,1,4,5
250250909,12,10,22
250250910,4,4,8
250250911,4,5,9
250250912,2,3,5
250250914,3,1,4
250250915,2,1,3
250250916,5,2,7
250250918,2,0,2
250250920,0,1,1
250250921,2,3,5
250250922,3,3,6
250250923,1,0,1
250250924,1,0,1
250251003,1,1,2
250251004,0,2,2
250251005,9,6,15
250251006,9,3,12
250251007,2,1,3
250251008,57,31,88
250251009,3,1,4
250251010,1,1,2
250251011,2,1,3
250251101,16,46,62
250251102,0,1,1
250251103,1,0,1
250251104,12,12,24
250251105,9,13,22
250251106,22,43,65
250251201,57,162,219
250251202,10,20,30
250251203,8,12,20
250251204,80,80,160
250251205,6,8,14
250251206,13,33,46
250251207,22,41,63
250251301,25,50,75
250251302,19,13,32
250251303,18,33,51
250251304,11,56,67
250251401,6,5,11
250251402,7,1,8
250251403,5,2,7
250251404,5,1,6
250251602,0,1,1
250251603,3,1,4
250251604,17,4,21
250251605,0,3,3
250251606,7,0,7
250251701,8,2,10
250251702,1,1,2
250251703,1,2,3
250251704,3,4,7
250251705,12,7,19
250251706,2,1,3
250251707,0,1,1
250251708,0,1,1
250251801,3,6,9
250251802,0,2,2
250251803,0,2,2
250251804,0,2,2
250251805,2,2,4
250254001,1,0,1
250254002,5,6,11
250254011,2,2,4
250254012,0,1,1
250277001,5,2,7
250277011,5,0,5
250277031,5,1,6
250277032,9,1,10
250277033,2,3,5
250277042,3,0,3
250277051,3,0,3
250277061,4,3,7
250277071,1,0,1
250277072,3,0,3
250277073,2,0,2
250277074,3,1,4
250277075,18,21,39
250277081,10,3,13
250277091,0,2,2
250277092,11,2,13
250277094,1,0,1
250277095,2,2,4
250277096,5,5,10
250277097,29,26,55
250277101,4,2,6
250277102,6,6,12
250277104,1,2,3
250277106,9,10,19
250277107,1,0,1
250277108,2,2,4
250277110,1,2,3
250277111,4,2,6
250277121,8,9,17
250277131,9,9,18
250277142,17,27,44
250277151,14,9,23
250277161,0,3,3
250277162,3,2,5
250277163,2,1,3
250277171,1,6,7
250277181,13,23,36
250277191,16,9,25
250277201,9,15,24
250277211,8,4,12
250277221,5,0,5
250277231,3,3,6
250277241,5,2,7
250277251,1,0,1
250277261,7,2,9
250277262,2,1,3
250277271,5,14,19
250277281,14,20,34
250277282,5,8,13
250277283,13,6,19
250277284,7,12,19
250277291,7,12,19
250277292,2,3,5
250277301,6,11,17
250277302,5,10,15
250277303,2,2,4
250277304,30,44,74
250277305,7,9,16
250277306,18,36,54
250277307,13,17,30
250277308,14,37,51
250277309,6,13,19
250277310,3,3,6
250277311,18,10,28
250277312,1,1,2
250277313,1,1,2
250277314,10,0,10
250277315,5,6,11
250277316,9,17,26
250277317,69,99,168
250277318,8,14,22
250277319,38,82,120
250277320,37,41,78
250277321,157,400,557
250277322,23,22,45
250277323,12,32,44
250277324,29,6,35
250277325,2,0,2
250277326,0,3,3
250277327,10,15,25
250277328,12,22,34
250277329,1,1,2
250277330,2,4,6
250277331,2,1,3
250277361,2,0,2
250277363,0,3,3
250277364,0,2,2
250277365,18,4,22
250277371,0,2,2
250277372,6,1,7
250277373,2,3,5
250277381,3,10,13
250277382,25,20,45
250277383,2,1,3
250277384,0,1,1
250277391,32,47,79
250277392,12,25,37
250277393,10,13,23
250277394,44,47,91
250277395,40,52,92
250277401,18,46,64
250277402,15,9,24
250277411,51,53,104
250277422,22,31,53
250277423,5,10,15
250277424,30,34,64
250277431,5,11,16
250277441,18,20,38
250277442,7,6,13
250277443,1,4,5
250277444,7,9,16
250277451,7,11,18
250277461,6,2,8
250277471,1,0,1
250277481,0,1,1
250277491,6,4,10
250277492,17,5,22
250277501,10,1,11
250277502,4,1,5
250277503,0,1,1
250277511,10,7,17
250277521,3,1,4
250277531,1,2,3
250277532,2,0,2
250277541,12,12,24
250277542,1,0,1
250277544,0,1,1
250277552,6,6,12
250277561,9,4,13
250277571,1,0,1
250277572,1,2,3
250277573,13,17,30
250277575,2,2,4
250277581,16,13,29
250277591,0,2,2
250277601,2,1,3
250277611,0,3,3
260019801,3,1,4
260019802,1,0,1
260019804,4,0,4
260019806,1,0,1
260039801,6,4,10
260039802,1,0,1
260050101,0,1,1
260050103,3,1,4
260050148,1,0,1
260050301,20,11,31
260050302,5,10,15
260050303,1,2,3
260050304,1,2,3
260050305,3,1,4
260050306,3,0,3
260050307,2,2,4
260050308,7,9,16
260050309,3,2,5
260050310,3,0,3
260050311,2,1,3
260050312,14,9,23
260050313,2,0,2
260050319,2,0,2
260050320,2,2,4
260050321,5,5,10
260070001,1,1,2
260070002,2,2,4
260070003,5,19,24
260070004,0,2,2
260070005,0,1,1
260070006,19,24,43
260070007,0,1,1
260070008,5,4,9
260070009,4,2,6
260079901,1,0,1
260099601,2,3,5
260099602,0,1,1
260099603,3,2,5
260099604,5,4,9
260099605,1,3,4
260099606,5,3,8
260099607,1,1,2
260119702,1,0,1
260119703,2,1,3
260119704,2,1,3
260119705,2,2,4
260139501,7,1,8
260139502,2,1,3
260150027,1,0,1
260150101,1,0,1
260150102,1,0,1
260150103,5,1,6
260150104,2,3,5
260150105,0,1,1
260150106,6,1,7
260150107,1,0,1
260150108,1,0,1
260150113,1,1,2
260150114,20,18,38
260172802,4,3,7
260172803,1,1,2
260172804,0,2,2
260172805,6,27,33
260172806,4,1,5
260172807,1,0,1
260172808,0,1,1
260172809,0,1,1
260172810,1,1,2
260172811,12,10,22
260172812,1,0,1
260172813,0,1,1
260172851,5,4,9
260172852,20,31,51
260172854,5,16,21
260172855,7,4,11
260172856,2,4,6
260172857,3,3,6
260172858,15,12,27
260172859,2,0,2
260172860,1,3,4
260172861,1,2,3
260172863,2,1,3
260172864,1,1,2
260172911,0,2,2
260199801,2,0,2
260199802,7,5,12
260199803,7,3,10
260199804,3,5,8
260199805,0,4,4
260199903,0,1,1
260210003,1,0,1
260210004,2,2,4
260210005,1,1,2
260210006,3,0,3
260210007,1,2,3
260210008,3,10,13
260210009,9,10,19
260210010,13,26,39
260210011,15,20,35
260210013,1,5,6
260210014,5,3,8
260210015,1,6,7
260210016,7,4,11
260210017,2,2,4
260210018,12,40,52
260210020,0,2,2
260210021,0,2,2
260210024,0,1,1
260210025,0,1,1
260210101,0,1,1
260210102,6,1,7
260210103,3,3,6
260210104,2,0,2
260210105,2,1,3
260210106,17,12,29
260210110,3,1,4
260210111,7,2,9
260210112,2,4,6
260210113,7,3,10
260210114,1,0,1
260210116,0,2,2
260210201,1,0,1
260210202,3,0,3
260210203,4,4,8
260210204,4,4,8
260210206,8,12,20
260210207,3,7,10
260210209,1,0,1
260210211,6,3,9
260210213,8,9,17
260210214,10,8,18
260230028,1,0,1
260239502,1,0,1
260239503,0,2,2
260239504,8,1,9
260239505,6,3,9
260239506,6,7,13
260239507,11,15,26
260239508,1,2,3
260239509,1,1,2
260239510,0,4,4
260239511,0,1,1
260250001,2,4,6
260250002,3,2,5
260250003,6,8,14
260250004,0,9,9
260250006,5,2,7
260250008,1,0,1
260250009,18,25,43
260250010,0,3,3
260250011,1,0,1
260250014,2,1,3
260250015,8,19,27
260250016,5,6,11
260250017,4,4,8
260250018,14,24,38
260250019,2,0,2
260250020,2,0,2
260250021,0,1,1
260250023,2,4,6
260250024,0,1,1
260250025,1,0,1
260250026,4,6,10
260250027,2,4,6
260250028,2,0,2
260250031,1,0,1
260250032,1,0,1
260250033,3,1,4
260250034,3,0,3
260250035,2,1,3
260250037,1,1,2
260250038,9,1,10
260250039,17,21,38
260250040,3,7,10
260250065,0,2,2
260250208,1,0,1
260270004,6,6,12
260270005,2,0,2
260270006,0,1,1
260270007,3,0,3
260270008,1,2,3
260270011,1,0,1
260270012,1,0,1
260270013,2,1,3
260270015,1,1,2
260270207,7,6,13
260299708,1,0,1
260299801,1,1,2
260299802,1,1,2
260299803,1,8,9
260299804,17,10,27
260299805,1,0,1
260299806,3,2,5
260299807,3,3,6
260299808,1,1,2
260299809,2,3,5
260299810,0,1,1
260299811,3,2,5
260299812,1,5,6
260299813,1,0,1
260299814,7,4,11
260319601,2,5,7
260319602,1,0,1
260319603,16,16,32
260319604,1,2,3
260319605,0,2,2
260319606,4,3,7
260319607,1,0,1
260319608,1,0,1
260319701,0,2,2
260339502,0,1,1
260339701,1,1,2
260339702,3,1,4
260339703,13,13,26
260339705,5,9,14
260339706,5,4,9
260339707,2,1,3
260339709,1,4,5
260339710,0,1,1
260339711,2,0,2
260359804,1,0,1
260359805,0,1,1
260359806,12,4,16
260359807,1,0,1
260359808,3,0,3
260359811,2,1,3
260359812,1,0,1
260370101,25,20,45
260370102,1,2,3
260370103,3,4,7
260370104,1,0,1
260370105,2,1,3
260370106,2,1,3
260370107,1,1,2
260370108,16,4,20
260370109,0,1,1
260370110,4,3,7
260370111,11,16,27
260370314,0,1,1
260399602,6,4,10
260399603,4,3,7
260399604,6,3,9
260399605,1,0,1
260419703,2,0,2
260419704,8,3,11
260419705,12,12,24
260419706,3,0,3
260419707,4,2,6
260419708,9,4,13
260419709,2,4,6
260419710,0,2,2
260419711,2,3,5
260439502,4,1,5
260439503,6,3,9
260439504,11,11,22
260439505,6,12,18
260439506,6,8,14
260439507,4,16,20
260450107,0,1,1
260450201,10,15,25
260450202,5,7,12
260450203,22,20,42
260450204,12,6,18
260450206,1,3,4
260450207,0,1,1
260450208,1,1,2
260450209,4,6,10
260450210,4,1,5
260450211,3,0,3
260450212,1,1,2
260450213,4,0,4
260450214,2,5,7
260479606,1,0,1
260479701,1,0,1
260479703,4,14,18
260479704,5,9,14
260479705,8,2,10
260479706,13,36,49
260479707,17,28,45
260479708,26,60,86
260490001,1,0,1
260490007,1,0,1
260490008,0,1,1
260490009,3,3,6
260490013,2,0,2
260490014,0,1,1
260490015,76,32,108
260490016,74,25,99
260490020,1,0,1
260490025,0,1,1
260490026,1,0,1
260490028,10,11,21
260490030,16,15,31
260490031,2,0,2
260490033,0,2,2
260490035,0,3,3
260490036,6,4,10
260490037,3,1,4
260490039,2,1,3
260490040,1,1,2
260490101,6,0,6
260490102,1,0,1
260490105,8,5,13
260490106,13,8,21
260490107,4,7,11
260490108,69,82,151
260490109,74,68,142
260490110,11,11,22
260490111,169,186,355
260490112,68,69,137
260490113,1,1,2
260490114,4,5,9
260490115,19,11,30
260490116,9,2,11
260490117,10,3,13
260490118,1,0,1
260490119,1,1,2
260490120,4,0,4
260490121,1,1,2
260490123,0,1,1
260490124,1,1,2
260490125,2,0,2
260490126,4,1,5
260490127,13,5,18
260490128,3,0,3
260490129,8,24,32
260490131,11,15,26
260490132,9,7,16
260490133,10,9,19
260490134,16,14,30
260491245,0,1,1
260519903,0,2,2
260519905,10,2,12
260519906,3,3,6
260519907,1,0,1
260519909,0,1,1
260539501,1,1,2
260539502,3,0,3
260539503,1,0,1
260539504,1,0,1
260539506,5,1,6
260539507,9,9,18
260559706,2,1,3
260559801,0,1,1
260559901,16,16,32
260559902,2,3,5
260559903,1,0,1
260559904,6,4,10
260559905,0,1,1
260559906,2,5,7
260559907,9,10,19
260559908,7,18,25
260559909,18,38,56
260559910,14,20,34
260559911,12,11,23
260559912,8,10,18
260559913,7,5,12
260559914,63,77,140
260559915,32,61,93
260579810,1,2,3
260579902,2,6,8
260579903,2,1,3
260579904,17,22,39
260579905,2,2,4
260579906,2,1,3
260579907,1,1,2
260579908,1,1,2
260579909,8,2,10
260590501,0,2,2
260590503,1,0,1
260590505,2,2,4
260590506,1,0,1
260590507,2,6,8
260590508,4,5,9
260590509,13,5,18
260590510,2,0,2
260590512,0,1,1
260619901,3,0,3
260619902,11,2,13
260619903,1,2,3
260619904,2,1,3
260619905,9,11,20
260619906,4,2,6
260619908,6,2,8
260619909,7,5,12
260619910,2,2,4
260639501,0,4,4
260639502,1,0,1
260639503,0,2,2
260639505,4,1,5
260639506,2,0,2
260639507,4,2,6
260639508,3,1,4
260639510,4,4,8
260639511,8,15,23
260639512,5,1,6
260650001,2,0,2
260650002,0,2,2
260650004,0,1,1
260650005,3,13,16
260650006,0,4,4
260650007,2,5,7
260650008,0,4,4
260650009,16,7,23
260650015,2,2,4
260650016,1,1,2
260650017,4,6,10
260650020,1,1,2
260650021,1,1,2
260650022,0,2,2
260650023,9,9,18
260650025,2,0,2
260650026,10,82,92
260650028,4,8,12
260650029,6,12,18
260650031,17,18,35
260650032,0,3,3
260650033,0,1,1
260650034,0,1,1
260650035,2,0,2
260650037,0,1,1
260650038,33,77,110
260650039,17,41,58
260650040,18,19,37
260650041,3,7,10
260650042,3,3,6
260650043,4,9,13
260650044,87,101,188
260650045,6,7,13
260650046,20,34,54
260650047,7,14,21
260650048,12,18,30
260650049,48,58,106
260650050,52,108,160
260650052,3,5,8
260650053,28,44,72
260650054,8,2,10
260650055,3,9,12
260650056,5,13,18
260650057,6,14,20
260650058,13,8,21
260650059,1,3,4
260650060,3,1,4
260650061,2,0,2
260650062,1,3,4
260650063,11,6,17
260650064,3,1,4
260650065,59,102,161
260650111,7,9,16
260650214,0,1,1
260650314,1,0,1
260670301,1,0,1
260670302,3,0,3
260670303,3,0,3
260670304,1,2,3
260670312,5,1,6
260670313,5,2,7
260670315,3,2,5
260670316,4,1,5
260670317,9,3,12
260670318,0,1,1
260699901,3,0,3
260699902,1,1,2
260699903,1,2,3
260699905,1,0,1
260699906,0,1,1
260699907,1,2,3
260699909,12,4,16
260699910,2,2,4
260699911,2,0,2
260719801,2,1,3
260719802,2,1,3
260719803,2,4,6
260719804,2,0,2
260719805,0,2,2
260739502,2,0,2
260739503,5,13,18
260739504,3,2,5
260739505,7,4,11
260739506,23,9,32
260739507,1,1,2
260739508,0,1,1
260739509,1,2,3
260739510,1,2,3
260739511,5,20,25
260739512,4,3,7
260739811,1,0,1
260750001,2,9,11
260750002,6,0,6
260750004,10,25,35
260750005,4,2,6
260750006,4,7,11
260750007,2,14,16
260750008,11,12,23
260750009,2,2,4
260750012,0,6,6
260750013,2,1,3
260750051,3,1,4
260750052,20,16,36
260750053,11,15,26
260750054,1,1,2
260750055,2,6,8
260750056,12,1,13
260750057,2,2,4
260750059,0,3,3
260750060,2,1,3
260750061,3,0,3
260750062,1,2,3
260750063,8,7,15
260750064,1,4,5
260750066,2,0,2
260750067,2,2,4
260750068,6,10,16
260750603,0,1,1
260770001,0,5,5
260770002,6,38,44
260770005,6,3,9
260770006,0,6,6
260770009,37,45,82
260770010,1,0,1
260770011,1,5,6
260770012,12,33,45
260770013,2,2,4
260770014,15,88,103
260770015,101,102,203
260770016,21,27,48
260770017,13,18,31
260770018,6,25,31
260770019,26,27,53
260770020,60,70,130
260770021,10,11,21
260770022,14,14,28
260770023,4,4,8
260770024,0,1,1
260770025,1,0,1
260770026,7,13,20
260770027,15,18,33
260770028,4,5,9
260770029,48,59,107
260770030,40,83,123
260770031,3,0,3
260770032,1,1,2
260770033,3,2,5
260770034,0,2,2
260770110,1,3,4
260799502,1,0,1
260799503,4,0,4
260799506,2,1,3
260810002,6,1,7
260810003,10,10,20
260810004,2,1,3
260810005,1,1,2
260810006,4,3,7
260810009,1,0,1
260810010,2,4,6
260810011,8,18,26
260810012,3,2,5
260810013,1,0,1
260810014,25,24,49
260810015,1,1,2
260810016,2,1,3
260810017,2,4,6
260810018,8,9,17
260810020,55,72,127
260810021,70,114,184
260810022,31,40,71
260810023,16,37,53
260810024,1,4,5
260810025,8,5,13
260810026,2,0,2
260810027,1,1,2
260810029,1,2,3
260810030,2,4,6
260810033,3,2,5
260810034,8,20,28
260810035,1,1,2
260810036,2,1,3
260810041,9,10,19
260810042,3,0,3
260810043,10,15,25
260810044,13,18,31
260810045,6,10,16
260810046,1,3,4
260810102,1,1,2
260810103,2,1,3
260810104,5,1,6
260810106,7,7,14
260810107,9,7,16
260810108,5,5,10
260810109,23,28,51
260810110,11,9,20
260810111,5,4,9
260810113,25,12,37
260810114,7,5,12
260810115,22,6,28
260810116,5,7,12
260810117,12,5,17
260810118,124,250,374
260810119,45,111,156
260810120,13,13,26
260810122,52,124,176
260810123,16,42,58
260810124,28,65,93
260810125,14,29,43
260810126,39,106,145
260810127,27,14,41
260810128,2,4,6
260810129,0,3,3
260810130,4,1,5
260810131,9,7,16
260810132,13,4,17
260810135,0,1,1
260810137,2,6,8
260810138,2,3,5
260810139,8,4,12
260810140,6,5,11
260810141,1,1,2
260810145,30,38,68
260810146,13,13,26
260810147,4,11,15
260810148,14,20,34
260819813,0,1,1
260839604,2,6,8
260859601,0,1,1
260859606,3,1,4
260873305,0,1,1
260873315,1,1,2
260873320,0,1,1
260873325,2,0,2
260873335,4,3,7
260873340,5,9,14
260873360,2,5,7
260873370,13,16,29
260873375,9,3,12
260873380,2,1,3
260873385,0,1,1
260873390,2,1,3
260873395,2,0,2
260873400,1,1,2
260873405,2,0,2
260873410,1,0,1
260873415,4,7,11
260873420,2,4,6
260899701,1,4,5
260899702,8,12,20
260899703,3,9,12
260899704,6,5,11
260899705,3,8,11
260899706,4,15,19
260899907,0,1,1
260899915,0,2,2
260910501,0,1,1
260910602,9,3,12
260910603,2,6,8
260910604,4,0,4
260910606,6,5,11
260910607,4,3,7
260910608,4,10,14
260910609,5,3,8
260910610,1,0,1
260910611,2,1,3
260910613,1,2,3
260910614,13,22,35
260910615,6,9,15
260910616,0,2,2
260910617,2,2,4
260910618,2,0,2
260910619,2,0,2
260910620,0,1,1
260934440,1,4,5
260934650,1,0,1
260937101,0,5,5
260937103,1,2,3
260937105,5,5,10
260937107,1,0,1
260937110,0,2,2
260937126,0,5,5
260937131,2,4,6
260937133,0,2,2
260937135,2,3,5
260937137,2,2,4
260937201,0,1,1
260937221,1,0,1
260937223,2,1,3
260937240,1,7,8
260937250,27,9,36
260937251,5,4,9
260937301,1,2,3
260937306,1,0,1
260937311,3,1,4
260937321,0,1,1
260937331,1,0,1
260937336,2,1,3
260937402,2,2,4
260937403,1,0,1
260937405,0,2,2
260937406,3,1,4
260937407,1,2,3
260937408,4,9,13
260937409,0,5,5
260937411,12,4,16
260937416,10,6,16
260937422,21,11,32
260937424,4,7,11
260937425,2,1,3
260937427,3,6,9
260937429,5,16,21
260937433,2,3,5
260937434,4,2,6
260937435,0,1,1
260937436,0,3,3
260937437,2,2,4
260937438,3,1,4
260937439,4,0,4
260937442,5,5,10
260937444,0,1,1
260937446,3,3,6
260937447,3,5,8
260937448,2,1,3
260937449,1,1,2
260959601,8,3,11
260959602,2,0,2
260979501,1,2,3
260979503,0,1,1
260979504,3,1,4
260979505,8,1,9
260992067,3,2,5
260992100,3,0,3
260992110,3,2,5
260992120,1,4,5
260992140,2,0,2
260992145,3,4,7
260992150,7,4,11
260992152,5,15,20
260992153,3,2,5
260992155,1,1,2
260992160,1,0,1
260992170,2,0,2
260992180,0,1,1
260992200,8,3,11
260992211,0,1,1
260992212,5,2,7
260992214,1,0,1
260992218,0,5,5
260992221,16,4,20
260992225,2,3,5
260992228,3,2,5
260992234,2,6,8
260992235,1,0,1
260992238,5,3,8
260992239,2,4,6
260992240,5,3,8
260992241,6,3,9
260992242,6,5,11
260992243,3,1,4
260992244,0,1,1
260992245,9,0,9
260992246,12,11,23
260992251,3,5,8
260992252,3,1,4
260992253,3,1,4
260992254,6,12,18
260992255,1,3,4
260992256,0,6,6
260992257,4,5,9
260992258,9,1,10
260992259,4,7,11
260992261,11,8,19
260992264,3,8,11
260992267,13,6,19
260992270,6,6,12
260992273,7,10,17
260992280,3,6,9
260992281,1,2,3
260992300,8,10,18
260992302,1,2,3
260992303,4,8,12
260992304,2,6,8
260992305,3,3,6
260992306,46,27,73
260992307,3,8,11
260992308,3,3,6
260992309,2,5,7
260992310,1,0,1
260992311,4,2,6
260992312,2,3,5
260992313,1,2,3
260992314,3,2,5
260992315,7,5,12
260992316,10,5,15
260992317,9,4,13
260992318,7,0,7
260992319,3,4,7
260992320,1,1,2
260992321,8,2,10
260992322,3,3,6
260992323,7,4,11
260992324,15,9,24
260992325,1,2,3
260992330,1,2,3
260992400,0,1,1
260992403,0,5,5
260992404,4,3,7
260992405,0,2,2
260992406,1,3,4
260992407,16,13,29
260992408,0,3,3
260992409,1,5,6
260992410,1,0,1
260992412,2,0,2
260992414,1,1,2
260992415,6,5,11
260992417,0,1,1
260992418,2,1,3
260992419,7,9,16
260992420,29,68,97
260992421,0,3,3
260992425,5,13,18
260992430,5,5,10
260992435,2,1,3
260992440,0,1,1
260992451,4,8,12
260992452,1,1,2
260992453,12,62,74
260992454,6,2,8
260992472,1,4,5
260992473,4,6,10
260992474,0,3,3
260992475,0,1,1
260992476,7,6,13
260992500,2,0,2
260992501,0,1,1
260992502,1,0,1
260992503,2,1,3
260992504,0,1,1
260992505,0,5,5
260992506,1,2,3
260992507,5,6,11
260992508,10,31,41
260992509,2,3,5
260992510,1,2,3
260992511,0,5,5
260992512,1,3,4
260992513,6,1,7
260992514,6,9,15
260992515,11,13,24
260992516,6,1,7
260992517,13,6,19
260992518,5,6,11
260992519,9,19,28
260992520,10,10,20
260992521,0,1,1
260992522,6,8,14
260992540,1,0,1
260992541,0,6,6
260992542,0,2,2
260992545,1,2,3
260992550,0,1,1
260992551,14,2,16
260992552,1,3,4
260992556,2,1,3
260992557,0,1,1
260992563,1,0,1
260992565,2,0,2
260992566,25,30,55
260992580,1,0,1
260992581,4,2,6
260992582,0,1,1
260992583,1,0,1
260992584,2,2,4
260992585,3,7,10
260992586,5,7,12
260992588,1,0,1
260992589,0,1,1
260992600,1,5,6
260992601,1,0,1
260992602,2,1,3
260992603,0,1,1
260992604,4,5,9
260992605,0,2,2
260992606,0,2,2
260992607,0,1,1
260992608,2,1,3
260992609,3,4,7
260992610,3,1,4
260992611,20,12,32
260992612,14,7,21
260992613,2,0,2
260992614,3,3,6
260992615,0,2,2
260992616,0,2,2
260992617,16,39,55
260992618,12,5,17
260992619,2,0,2
260992620,7,8,15
260992621,3,5,8
260992622,5,6,11
260992623,9,8,17
260992624,1,0,1
260992625,1,3,4
260992627,14,44,58
260992628,6,1,7
260992629,1,0,1
260992630,1,1,2
260992632,1,0,1
260992633,0,1,1
260992635,3,0,3
260992636,2,2,4
260992676,5,6,11
260992680,2,4,6
260992681,1,0,1
260995509,1,0,1
261019902,1,3,4
261019903,2,4,6
261019904,12,15,27
261019905,0,1,1
261019906,1,0,1
261019907,1,3,4
261019908,5,4,9
261019909,4,0,4
261030001,8,14,22
261030002,3,4,7
261030003,3,2,5
261030004,9,23,32
261030005,4,19,23
261030006,5,0,5
261030007,46,54,100
261030008,0,1,1
261030009,7,25,32
261030011,4,5,9
261030012,5,5,10
261030013,2,1,3
261030014,4,10,14
261030015,0,4,4
261030016,1,1,2
261030017,9,0,9
261030020,8,4,12
261030021,4,1,5
261030022,1,1,2
261030023,1,1,2
261030024,0,1,1
261030025,1,0,1
261030026,2,0,2
261059502,0,4,4
261059503,0,7,7
261059504,16,17,33
261059505,4,7,11
261059506,5,2,7
261059508,1,1,2
261079604,3,0,3
261079606,17,7,24
261079607,6,13,19
261079608,1,1,2
261079609,4,1,5
261079610,0,3,3
261079611,1,0,1
261099601,1,1,2
261099602,2,0,2
261099603,2,0,2
261099604,1,1,2
261099605,1,0,1
261099606,1,1,2
261099607,3,3,6
261110121,1,0,1
261112901,2,3,5
261112902,4,1,5
261112903,6,3,9
261112904,49,40,89
261112906,1,2,3
261112907,4,2,6
261112908,2,2,4
261112909,22,30,52
261112910,18,20,38
261112911,14,22,36
261112912,5,5,10
261112913,1,1,2
261112914,0,2,2
261112915,1,0,1
261112916,5,3,8
261139601,2,1,3
261139602,0,1,1
261139603,2,0,2
261154211,2,1,3
261154222,0,1,1
261158301,0,1,1
261158302,1,2,3
261158303,2,0,2
261158304,0,1,1
261158305,2,0,2
261158307,0,1,1
261158308,7,4,11
261158310,1,1,2
261158311,2,0,2
261158312,3,0,3
261158313,0,2,2
261158314,1,3,4
261158315,2,11,13
261158316,24,32,56
261158317,2,1,3
261158319,1,0,1
261158320,2,1,3
261158321,1,0,1
261158323,1,1,2
261158324,2,5,7
261158325,1,5,6
261158327,1,0,1
261158328,2,1,3
261158329,1,1,2
261158330,2,4,6
261158331,2,3,5
261158332,1,4,5
261158333,8,8,16
261158335,3,2,5
261158337,1,2,3
261158338,5,5,10
261158339,1,3,4
261179801,1,0,1
261179802,2,1,3
261179804,4,1,5
261179805,0,1,1
261179807,3,0,3
261179808,2,4,6
261179810,6,14,20
261179811,1,0,1
261179812,5,1,6
261179813,10,4,14
261199901,3,1,4
261199902,2,0,2
261199904,0,1,1
261199905,1,0,1
261210001,12,9,21
261210004,18,45,63
261210005,13,29,42
261210006,2,4,6
261210007,0,4,4
261210008,2,6,8
261210009,1,0,1
261210010,0,3,3
261210011,3,1,4
261210012,2,0,2
261210013,4,0,4
261210015,8,15,23
261210016,3,3,6
261210017,5,4,9
261210018,9,3,12
261210019,5,1,6
261210021,1,2,3
261210022,1,0,1
261210023,9,16,25
261210024,25,16,41
261210025,13,21,34
261210026,13,13,26
261210027,2,4,6
261210028,6,8,14
261210029,2,0,2
261210030,0,1,1
261210031,1,0,1
261210032,1,1,2
261210035,3,6,9
261210036,2,1,3
261210037,8,3,11
261210038,1,2,3
261210039,0,1,1
261210040,0,1,1
261210205,1,4,5
261239701,1,0,1
261239703,1,0,1
261239704,5,2,7
261239705,18,7,25
261239706,1,3,4
261239707,3,0,3
261239709,2,2,4
261239710,1,0,1
261239711,4,0,4
261239712,2,4,6
261251200,1,5,6
261251203,7,1,8
261251210,1,1,2
261251214,5,2,7
261251215,1,4,5
261251216,4,3,7
261251222,1,0,1
261251224,1,2,3
261251227,2,1,3
261251229,1,2,3
261251231,2,0,2
261251240,2,2,4
261251245,2,3,5
261251250,0,3,3
261251262,1,4,5
261251263,2,10,12
261251264,0,1,1
261251265,1,2,3
261251270,2,9,11
261251271,4,16,20
261251272,7,15,22
261251273,14,17,31
261251275,13,11,24
261251276,7,15,22
261251277,2,0,2
261251280,2,2,4
261251281,3,3,6
261251282,2,0,2
261251284,5,2,7
261251286,5,6,11
261251287,0,2,2
261251288,4,2,6
261251289,8,6,14
261251290,2,3,5
261251300,2,1,3
261251302,2,0,2
261251303,5,3,8
261251304,1,3,4
261251305,3,2,5
261251306,1,4,5
261251307,6,3,9
261251313,2,2,4
261251315,1,2,3
261251318,1,2,3
261251321,4,7,11
261251325,3,2,5
261251326,8,18,26
261251327,4,5,9
261251330,5,8,13
261251340,9,3,12
261251341,11,28,39
261251342,5,6,11
261251343,3,6,9
261251344,15,14,29
261251345,2,2,4
261251346,4,7,11
261251347,3,3,6
261251348,2,4,6
261251349,1,7,8
261251360,18,27,45
261251361,17,24,41
261251363,10,13,23
261251365,7,12,19
261251366,21,26,47
261251367,15,30,45
261251368,7,7,14
261251371,42,47,89
261251374,27,31,58
261251378,5,13,18
261251381,3,9,12
261251383,2,5,7
261251386,0,1,1
261251392,3,1,4
261251394,3,1,4
261251401,4,14,18
261251403,5,11,16
261251405,4,6,10
261251406,5,0,5
261251407,2,4,6
261251408,4,5,9
261251410,0,1,1
261251411,1,3,4
261251414,1,0,1
261251415,5,0,5
261251416,1,3,4
261251419,1,7,8
261251420,0,1,1
261251421,4,1,5
261251422,8,69,77
261251424,0,4,4
261251425,2,4,6
261251426,38,21,59
261251427,33,116,149
261251430,4,7,11
261251440,6,4,10
261251441,3,0,3
261251442,1,2,3
261251443,3,1,4
261251444,11,2,13
261251445,7,5,12
261251446,6,5,11
261251447,9,8,17
261251448,2,0,2
261251451,1,1,2
261251452,2,4,6
261251453,1,1,2
261251454,14,7,21
261251455,7,2,9
261251456,3,4,7
261251457,4,1,5
261251500,28,46,74
261251501,31,67,98
261251502,37,75,112
261251503,30,70,100
261251504,26,40,66
261251505,14,45,59
261251506,24,60,84
261251507,36,87,123
261251508,33,61,94
261251509,22,60,82
261251510,19,52,71
261251520,50,99,149
261251526,17,45,62
261251527,12,32,44
261251529,19,57,76
261251530,1,14,15
261251531,22,23,45
261251532,10,40,50
261251533,6,37,43
261251541,4,7,11
261251542,4,3,7
261251545,11,30,41
261251546,7,6,13
261251560,22,27,49
261251561,10,10,20
261251562,14,28,42
261251563,33,62,95
261251564,33,74,107
261251565,21,41,62
261251569,6,22,28
261251570,10,18,28
261251571,9,17,26
261251572,27,30,57
261251573,11,22,33
261251574,36,44,80
261251575,10,15,25
261251576,15,28,43
261251577,27,34,61
261251578,66,71,137
261251579,17,38,55
261251580,20,30,50
261251581,11,14,25
261251582,8,18,26
261251590,58,99,157
261251600,14,9,23
261251603,8,6,14
261251604,31,39,70
261251605,11,13,24
261251606,11,19,30
261251607,3,6,9
261251608,53,49,102
261251609,20,40,60
261251610,3,1,4
261251611,4,12,16
261251612,15,15,30
261251613,6,3,9
261251614,14,23,37
261251615,4,2,6
261251616,6,14,20
261251617,3,12,15
261251618,6,6,12
261251619,4,7,11
261251620,6,7,13
261251621,13,18,31
261251622,50,108,158
261251623,5,6,11
261251624,0,1,1
261251650,11,9,20
261251651,7,10,17
261251652,7,4,11
261251660,9,32,41
261251661,11,9,20
261251662,16,26,42
261251664,13,7,20
261251665,9,24,33
261251666,14,20,34
261251667,23,36,59
261251668,6,3,9
261251669,7,10,17
261251670,28,31,59
261251671,2,5,7
261251673,4,3,7
261251674,7,78,85
261251675,16,9,25
261251678,14,19,33
261251679,23,19,42
261251680,14,16,30
261251681,7,22,29
261251682,5,5,10
261251683,20,14,34
261251684,15,13,28
261251685,6,8,14
261251686,10,16,26
261251700,11,4,15
261251701,3,5,8
261251702,4,12,16
261251703,2,7,9
261251704,7,19,26
261251710,6,13,19
261251711,1,12,13
261251712,3,3,6
261251713,3,3,6
261251714,8,1,9
261251715,7,8,15
261251724,0,3,3
261251725,1,1,2
261251730,6,2,8
261251731,2,8,10
261251732,3,5,8
261251733,1,2,3
261251734,2,11,13
261251735,2,7,9
261251736,4,2,6
261251750,1,1,2
261251751,3,2,5
261251752,2,1,3
261251753,0,3,3
261251800,4,5,9
261251801,1,5,6
261251802,6,6,12
261251803,2,3,5
261251810,4,9,13
261251811,4,6,10
261251812,8,10,18
261251813,12,29,41
261251814,2,4,6
261251815,2,4,6
261251816,2,1,3
261251830,8,20,28
261251831,1,12,13
261251832,6,12,18
261251833,3,14,17
261251834,3,19,22
261251835,126,296,422
261251836,7,14,21
261251837,7,17,24
261251838,2,11,13
261251839,4,23,27
261251840,5,15,20
261251841,6,17,23
261251842,10,26,36
261251843,4,9,13
261251844,6,23,29
261251845,12,37,49
261251846,5,33,38
261251847,1,10,11
261251870,10,21,31
261251880,29,44,73
261251881,13,24,37
261251902,5,3,8
261251903,4,5,9
261251904,0,4,4
261251905,3,9,12
261251906,1,3,4
261251907,4,7,11
261251908,22,28,50
261251910,5,1,6
261251911,8,8,16
261251912,8,14,22
261251913,11,14,25
261251920,20,17,37
261251922,12,9,21
261251924,19,9,28
261251925,9,12,21
261251927,1,12,13
261251928,1,2,3
261251930,4,5,9
261251931,32,49,81
261251933,1,6,7
261251934,20,12,32
261251935,1,4,5
261251936,2,0,2
261251937,15,15,30
261251940,19,24,43
261251941,4,5,9
261251942,4,2,6
261251943,16,26,42
261251944,6,14,20
261251945,2,3,5
261251946,10,7,17
261251960,31,62,93
261251961,10,16,26
261251962,9,12,21
261251963,13,25,38
261251964,23,37,60
261251965,39,59,98
261251966,12,20,32
261251967,8,22,30
261251968,66,73,139
261251969,14,23,37
261251970,8,25,33
261251971,4,8,12
261251972,2,18,20
261251973,10,19,29
261251974,1,2,3
261251975,11,13,24
261251976,16,43,59
261251977,45,92,137
261251979,10,8,18
261251980,17,13,30
261251981,1,5,6
261255604,0,1,1
261255607,1,2,3
261270101,2,6,8
261270102,3,3,6
261270103,4,1,5
261270104,6,2,8
261270105,1,2,3
261299501,1,0,1
261299502,0,2,2
261299503,1,1,2
261299504,2,0,2
261299505,16,10,26
261299506,1,4,5
261319702,7,1,8
261319703,0,1,1
261339701,1,0,1
261339702,2,2,4
261339704,1,0,1
261339705,1,0,1
261339706,6,4,10
261359703,1,0,1
261359704,1,0,1
261379501,2,1,3
261379502,5,5,10
261379503,16,15,31
261379505,1,3,4
261379506,7,6,13
261390145,1,0,1
261390201,2,0,2
261390202,2,1,3
261390204,0,1,1
261390205,17,29,46
261390206,5,10,15
261390209,3,5,8
261390210,15,11,26
261390211,8,9,17
261390212,5,9,14
261390213,9,12,21
261390214,4,1,5
261390215,4,9,13
261390216,12,8,20
261390217,8,5,13
261390218,9,0,9
261390219,9,3,12
261390220,3,9,12
261390221,21,46,67
261390222,17,24,41
261390223,9,9,18
261390224,5,0,5
261390225,1,1,2
261390226,0,3,3
261390227,13,16,29
261390228,3,3,6
261390229,8,2,10
261390230,4,2,6
261390231,18,4,22
261390232,1,1,2
261390234,2,2,4
261390301,3,6,9
261419501,0,1,1
261419502,1,1,2
261419503,1,2,3
261419505,0,2,2
261419506,0,2,2
261439605,0,1,1
261439701,1,1,2
261439703,8,4,12
261439706,1,1,2
261439707,2,0,2
261439710,1,1,2
261439711,1,0,1
261450002,0,1,1
261450004,3,1,4
261450006,3,18,21
261450007,1,0,1
261450008,3,0,3
261450009,0,3,3
261450010,0,1,1
261450013,2,0,2
261450014,0,3,3
261450015,0,4,4
261450017,3,2,5
261450018,54,44,98
261450019,0,1,1
261450020,2,2,4
261450021,4,2,6
261450101,8,4,12
261450102,11,16,27
261450103,93,142,235
261450104,27,32,59
261450105,27,36,63
261450106,3,5,8
261450107,8,1,9
261450110,2,0,2
261450111,0,1,1
261450112,1,1,2
261450113,17,9,26
261450116,1,0,1
261450117,4,0,4
261450118,1,0,1
261450119,1,3,4
261450120,16,25,41
261450121,3,1,4
261450126,2,2,4
261450127,3,1,4
261450129,1,0,1
261450131,1,4,5
261476200,5,22,27
261476210,1,3,4
261476220,4,0,4
261476230,1,8,9
261476240,0,9,9
261476250,7,20,27
261476260,11,16,27
261476270,0,3,3
261476280,2,3,5
261476290,4,2,6
261476301,2,4,6
261476304,3,3,6
261476311,7,19,26
261476316,10,20,30
261476320,1,2,3
261476331,1,0,1
261476341,1,0,1
261476346,2,0,2
261476350,5,4,9
261476360,1,0,1
261476371,5,0,5
261476372,3,2,5
261476373,0,1,1
261476401,4,6,10
261476402,1,0,1
261476410,2,2,4
261476420,7,4,11
261476430,15,4,19
261476440,2,2,4
261476450,0,1,1
261476460,1,1,2
261476470,1,2,3
261476480,0,1,1
261476490,2,0,2
261476501,1,1,2
261476502,1,0,1
261476521,1,1,2
261476526,1,0,1
261476551,2,2,4
261476556,3,0,3
261476571,2,0,2
261476572,1,0,1
261476585,2,0,2
261490001,1,0,1
261490401,2,1,3
261490403,4,6,10
261490404,1,0,1
261490405,9,7,16
261490406,2,0,2
261490407,5,4,9
261490408,1,0,1
261490409,1,0,1
261490410,1,0,1
261490411,4,2,6
261490412,2,2,4
261490413,5,1,6
261490414,4,1,5
261490415,3,2,5
261519701,1,0,1
261519704,4,2,6
261519705,3,2,5
261519708,3,1,4
261519709,11,5,16
261519710,6,4,10
261519711,3,0,3
261539902,2,1,3
261539903,6,6,12
261550110,0,2,2
261550125,0,1,1
261550301,1,1,2
261550302,1,1,2
261550303,12,3,15
261550304,6,12,18
261550306,4,7,11
261550307,0,1,1
261550308,0,1,1
261550313,0,1,1
261550314,4,6,10
261550315,5,1,6
261550316,1,2,3
261550317,4,2,6
261550318,2,0,2
261550319,1,3,4
261570112,1,0,1
261579601,6,5,11
261579603,2,0,2
261579604,0,1,1
261579605,2,1,3
261579606,10,5,15
261579607,1,6,7
261579609,0,1,1
261579611,1,1,2
261579612,1,0,1
261579613,0,1,1
261590030,2,3,5
261590101,2,2,4
261590102,1,1,2
261590103,2,5,7
261590104,7,9,16
261590105,1,0,1
261590106,2,0,2
261590107,5,0,5
261590109,9,4,13
261590110,10,4,14
261590113,0,1,1
261590114,1,0,1
261590115,1,0,1
261590116,4,0,4
261590117,15,2,17
261590309,0,1,1
261614001,5,28,33
261614002,128,708,836
261614003,1,7,8
261614004,18,24,42
261614005,2,2,4
261614006,17,30,47
261614007,10,13,23
261614008,6,8,14
261614021,22,88,110
261614022,8,25,33
261614023,26,84,110
261614025,24,57,81
261614026,57,150,207
261614027,45,99,144
261614031,16,48,64
261614032,19,16,35
261614033,21,25,46
261614034,12,15,27
261614035,8,17,25
261614036,15,24,39
261614038,12,17,29
261614041,65,77,142
261614042,3,8,11
261614043,15,23,38
261614044,12,20,32
261614045,53,58,111
261614046,17,26,43
261614051,8,7,15
261614052,27,41,68
261614053,72,171,243
261614054,13,16,29
261614055,5,3,8
261614056,4,4,8
261614060,50,96,146
261614070,57,204,261
261614074,2,6,8
261614076,4,8,12
261614101,12,4,16
261614102,1,2,3
261614103,14,8,22
261614104,4,4,8
261614105,0,2,2
261614106,0,4,4
261614107,0,1,1
261614108,8,3,11
261614109,2,1,3
261614112,3,0,3
261614115,2,3,5
261614116,3,2,5
261614117,0,1,1
261614121,2,1,3
261614126,0,2,2
261614127,6,6,12
261614132,1,1,2
261614134,16,30,46
261614140,17,25,42
261614142,9,4,13
261614143,0,7,7
261614145,6,10,16
261614147,10,27,37
261614149,27,27,54
261614152,2,4,6
261614154,6,19,25
261614156,6,30,36
261614158,14,41,55
261614160,6,12,18
261614162,5,14,19
261614200,1,0,1
261614202,1,0,1
261614211,4,2,6
261614222,8,29,37
261614229,0,7,7
261614234,13,19,32
261614236,4,4,8
261614250,5,25,30
261614260,3,11,14
261614310,3,1,4
261614320,2,2,4
261614440,5,11,16
261614450,3,3,6
261614460,22,29,51
261614470,3,9,12
261614480,6,16,22
261614530,29,80,109
261614540,10,22,32
261614550,12,21,33
261614560,43,94,137
261614610,17,34,51
261614640,5,12,17
261614650,3,3,6
261614660,4,6,10
261618307,1,0,1
261631374,1,1,2
261631378,0,1,1
261631381,0,1,1
261635002,0,1,1
261635004,0,1,1
261635007,1,0,1
261635013,0,1,1
261635014,2,3,5
261635015,1,1,2
261635016,143,119,262
261635018,1,1,2
261635019,2,2,4
261635020,1,0,1
261635035,0,1,1
261635039,1,0,1
261635041,1,0,1
261635045,2,0,2
261635049,0,1,1
261635051,7,4,11
261635064,1,0,1
261635066,0,1,1
261635070,1,1,2
261635071,0,1,1
261635072,1,0,1
261635074,2,0,2
261635077,0,1,1
261635079,3,1,4
261635103,0,1,1
261635105,1,2,3
261635107,1,1,2
261635115,2,2,4
261635116,2,1,3
261635129,0,1,1
261635133,3,2,5
261635134,1,1,2
261635135,1,0,1
261635136,3,0,3
261635140,2,0,2
261635141,1,0,1
261635149,0,1,1
261635152,1,0,1
261635153,23,36,59
261635154,4,5,9
261635156,3,3,6
261635157,4,5,9
261635163,0,1,1
261635164,1,1,2
261635165,6,12,18
261635166,1,8,9
261635167,1,0,1
261635168,5,0,5
261635169,5,4,9
261635170,16,6,22
261635171,2,6,8
261635172,5,12,17
261635174,0,8,8
261635175,392,776,1168
261635177,0,2,2
261635178,0,1,1
261635180,3,5,8
261635181,0,1,1
261635184,1,0,1
261635201,14,11,25
261635202,4,7,11
261635203,13,17,30
261635205,0,1,1
261635207,5,6,11
261635208,8,32,40
261635211,0,1,1
261635214,3,0,3
261635218,0,2,2
261635219,0,2,2
261635223,1,0,1
261635224,8,16,24
261635231,0,1,1
261635232,4,0,4
261635233,1,0,1
261635234,2,1,3
261635238,0,1,1
261635240,1,0,1
261635242,1,0,1
261635248,0,2,2
261635252,1,0,1
261635256,2,1,3
261635258,0,1,1
261635301,2,1,3
261635304,1,0,1
261635305,2,1,3
261635307,2,0,2
261635311,1,3,4
261635312,1,2,3
261635313,1,0,1
261635318,0,1,1
261635319,2,2,4
261635323,3,1,4
261635324,0,1,1
261635325,14,27,41
261635326,193,452,645
261635327,0,2,2
261635330,1,0,1
261635331,2,0,2
261635333,0,1,1
261635334,1,0,1
261635337,1,0,1
261635342,1,1,2
261635343,1,0,1
261635352,0,1,1
261635356,1,0,1
261635361,0,2,2
261635365,0,1,1
261635367,1,0,1
261635368,1,0,1
261635370,2,0,2
261635371,1,0,1
261635376,3,4,7
261635378,1,0,1
261635381,4,4,8
261635382,11,16,27
261635383,4,7,11
261635384,7,4,11
261635385,1,1,2
261635386,4,7,11
261635387,0,2,2
261635388,2,0,2
261635389,3,3,6
261635392,0,1,1
261635393,3,1,4
261635394,3,2,5
261635395,30,58,88
261635396,2,1,3
261635397,0,1,1
261635401,1,1,2
261635402,4,0,4
261635403,0,1,1
261635404,12,1,13
261635405,2,1,3
261635406,1,0,1
261635408,1,0,1
261635409,2,1,3
261635411,2,0,2
261635412,1,0,1
261635413,0,2,2
261635414,0,1,1
261635415,1,1,2
261635422,2,1,3
261635423,3,0,3
261635424,2,0,2
261635425,2,1,3
261635429,2,0,2
261635430,1,1,2
261635431,7,3,10
261635437,1,1,2
261635443,2,0,2
261635455,1,1,2
261635456,1,1,2
261635457,0,1,1
261635458,1,0,1
261635460,1,1,2
261635461,1,0,1
261635462,0,1,1
261635463,1,0,1
261635464,1,1,2
261635466,1,0,1
261635468,0,1,1
261635469,0,1,1
261635501,19,45,64
261635502,16,25,41
261635503,14,39,53
261635504,31,26,57
261635505,12,33,45
261635506,10,44,54
261635507,19,49,68
261635508,3,14,17
261635509,21,53,74
261635511,26,45,71
261635512,17,32,49
261635513,7,12,19
261635514,8,12,20
261635515,2,3,5
261635516,1,0,1
261635517,32,25,57
261635518,14,22,36
261635520,2,1,3
261635521,2,3,5
261635522,0,2,2
261635523,1,2,3
261635524,1,1,2
261635526,3,0,3
261635530,1,0,1
261635531,0,2,2
261635532,1,0,1
261635534,1,0,1
261635536,1,0,1
261635538,2,1,3
261635541,0,2,2
261635542,1,1,2
261635543,0,1,1
261635544,1,2,3
261635545,3,0,3
261635546,1,2,3
261635547,1,0,1
261635548,1,0,1
261635551,1,2,3
261635553,1,2,3
261635554,1,0,1
261635555,0,2,2
261635556,0,3,3
261635561,13,10,23
261635562,2,2,4
261635563,12,14,26
261635564,8,8,16
261635565,11,12,23
261635566,8,7,15
261635567,2,9,11
261635568,9,5,14
261635569,5,4,9
261635570,6,2,8
261635571,2,1,3
261635572,1,6,7
261635573,1,8,9
261635574,4,10,14
261635575,7,8,15
261635576,8,14,22
261635577,2,3,5
261635579,7,42,49
261635580,5,7,12
261635581,2,5,7
261635582,9,8,17
261635583,2,3,5
261635584,6,5,11
261635585,4,1,5
261635586,5,5,10
261635587,2,3,5
261635588,3,3,6
261635589,0,3,3
261635590,0,1,1
261635591,1,2,3
261635592,7,1,8
261635601,6,8,14
261635602,6,15,21
261635603,7,12,19
261635604,15,25,40
261635607,59,93,152
261635609,0,1,1
261635616,2,2,4
261635617,6,1,7
261635619,20,42,62
261635623,0,9,9
261635624,14,13,27
261635625,2,3,5
261635626,11,8,19
261635627,8,6,14
261635628,1,2,3
261635629,5,2,7
261635633,2,3,5
261635634,11,6,17
261635635,6,9,15
261635636,2,2,4
261635637,1,1,2
261635638,2,3,5
261635639,4,1,5
261635640,3,1,4
261635641,5,6,11
261635642,0,3,3
261635643,2,1,3
261635644,49,38,87
261635645,47,46,93
261635646,6,11,17
261635647,3,6,9
261635648,7,3,10
261635650,3,10,13
261635651,4,6,10
261635652,1,0,1
261635653,7,4,11
261635654,5,5,10
261635655,1,0,1
261635658,0,2,2
261635659,1,5,6
261635664,1,2,3
261635665,4,3,7
261635666,4,1,5
261635667,2,2,4
261635668,17,12,29
261635669,3,3,6
261635671,4,0,4
261635672,1,0,1
261635674,0,1,1
261635678,2,1,3
261635679,2,0,2
261635680,0,1,1
261635682,0,1,1
261635683,2,0,2
261635684,0,2,2
261635685,0,2,2
261635687,6,1,7
261635692,12,55,67
261635693,6,0,6
261635694,0,3,3
261635695,1,0,1
261635696,0,2,2
261635697,4,7,11
261635698,1,1,2
261635699,3,0,3
261635701,1,0,1
261635702,0,1,1
261635704,4,0,4
261635708,1,0,1
261635709,1,0,1
261635715,10,12,22
261635716,4,7,11
261635717,0,5,5
261635718,5,1,6
261635719,2,3,5
261635720,3,1,4
261635721,8,6,14
261635722,5,5,10
261635724,0,1,1
261635726,1,1,2
261635727,3,2,5
261635728,0,1,1
261635730,10,9,19
261635731,8,12,20
261635733,7,0,7
261635734,13,14,27
261635735,5,1,6
261635736,2,3,5
261635737,11,3,14
261635738,7,7,14
261635739,4,1,5
261635740,11,12,23
261635741,5,3,8
261635742,11,29,40
261635743,11,23,34
261635744,24,27,51
261635745,10,17,27
261635746,10,13,23
261635747,5,3,8
261635748,13,14,27
261635749,15,35,50
261635750,14,18,32
261635751,2,19,21
261635752,1,2,3
261635753,2,1,3
261635754,5,2,7
261635755,4,9,13
261635756,51,57,108
261635760,3,0,3
261635761,2,2,4
261635762,0,1,1
261635764,17,7,24
261635765,4,8,12
261635766,0,1,1
261635767,3,2,5
261635770,1,2,3
261635771,3,1,4
261635774,4,3,7
261635775,2,1,3
261635777,1,2,3
261635778,2,1,3
261635779,2,1,3
261635785,0,3,3
261635786,3,1,4
261635791,1,0,1
261635792,1,0,1
261635795,1,0,1
261635801,9,21,30
261635802,1,0,1
261635803,0,2,2
261635804,1,0,1
261635805,6,5,11
261635806,3,4,7
261635807,1,8,9
261635808,1,2,3
261635809,1,0,1
261635811,11,6,17
261635812,1,0,1
261635815,2,0,2
261635816,5,7,12
261635818,6,2,8
261635819,6,5,11
261635821,7,0,7
261635831,0,1,1
261635833,3,1,4
261635835,2,0,2
261635837,2,1,3
261635838,16,19,35
261635839,2,5,7
261635841,4,0,4
261635842,3,1,4
261635843,1,0,1
261635845,0,6,6
261635846,4,6,10
261635847,0,2,2
261635848,0,1,1
261635857,1,1,2
261635859,2,3,5
261635860,0,1,1
261635870,6,3,9
261635879,3,2,5
261635880,2,1,3
261635882,0,1,1
261635883,3,4,7
261635884,0,2,2
261635893,2,0,2
261635894,0,1,1
261635905,3,0,3
261635906,0,1,1
261635915,10,12,22
261635917,5,3,8
261635918,1,1,2
261635919,2,3,5
261635920,3,1,4
261635930,6,4,10
261635932,6,2,8
261635933,1,4,5
261635940,6,8,14
261635941,7,8,15
261635942,1,1,2
261635943,4,8,12
261635944,0,2,2
261635945,6,23,29
261635950,3,4,7
261635951,10,8,18
261635952,9,5,14
261635961,14,14,28
261635962,13,36,49
261635963,12,10,22
261635970,2,2,4
261635980,1,1,2
261635990,3,1,4
261635991,2,1,3
261638301,0,1,1
261659801,0,1,1
261659802,1,0,1
261659803,1,1,2
261659804,7,4,11
261659805,17,6,23
261659806,19,9,28
261659807,3,4,7
261659808,7,9,16
270019701,0,1,1
270019903,2,0,2
270019904,1,1,2
270019905,3,0,3
270030411,4,6,10
270030501,3,3,6
270030502,72,58,130
270030504,4,4,8
270030505,15,5,20
270030506,35,37,72
270030507,35,13,48
270030508,34,36,70
270030509,4,2,6
270030510,0,3,3
270030511,31,38,69
270030512,20,11,31
270030513,3,5,8
270030514,1,2,3
270030515,9,4,13
270030701,1,0,1
270059502,0,2,2
270059503,2,0,2
270059504,1,3,4
270059505,16,4,20
270059506,8,3,11
270059507,5,3,8
270059508,1,1,2
270059509,1,0,1
270059510,2,3,5
270059603,1,0,1
270079501,4,1,5
270079502,26,29,55
270079503,5,3,8
270079506,7,3,10
270079507,6,6,12
270079508,3,0,3
270079701,1,0,1
270090101,1,0,1
270090201,4,0,4
270090202,6,5,11
270090203,1,2,3
270090211,6,5,11
270090212,2,0,2
270119501,1,0,1
270119502,1,0,1
270119503,5,0,5
270139701,2,5,7
270139702,3,10,13
270139703,0,1,1
270139704,27,45,72
270139705,16,2,18
270139706,0,2,2
270139707,8,10,18
270139708,5,6,11
270139709,2,0,2
270139710,1,1,2
270139711,11,21,32
270139712,2,3,5
270139713,3,5,8
270139714,2,0,2
270159601,1,1,2
270159602,12,8,20
270159604,13,2,15
270159605,3,1,4
270159606,4,3,7
270179701,14,3,17
270179702,2,1,3
270179703,2,4,6
270179704,1,1,2
270179705,10,4,14
270190272,0,1,1
270190275,4,1,5
270190901,6,1,7
270190902,2,0,2
270190903,36,20,56
270190904,9,9,18
270190905,8,12,20
270190906,7,13,20
270190907,17,13,30
270190908,10,6,16
270190909,8,6,14
270190910,6,1,7
270190911,1,2,3
270190912,1,2,3
270219514,0,1,1
270219601,1,0,1
270219603,1,2,3
270219605,4,1,5
270219607,3,2,5
270219608,7,12,19
270219612,5,2,7
270239501,1,1,2
270239502,6,2,8
270239504,1,0,1
270251101,3,1,4
270251103,1,0,1
270251104,20,6,26
270251105,11,3,14
270251106,2,3,5
270270202,1,0,1
270270203,2,1,3
270270204,1,3,4
270270205,11,4,15
270270301,3,6,9
270270302,4,1,5
270290001,5,1,6
270290003,1,1,2
270319801,4,3,7
270319802,2,0,2
270339701,4,0,4
270339702,2,0,2
270339703,6,0,6
270339704,1,1,2
270359501,1,1,2
270359502,6,2,8
270359504,3,1,4
270359505,3,5,8
270359507,19,10,29
270359508,4,8,12
270359509,8,11,19
270359510,4,4,8
270359511,17,20,37
270359512,3,7,10
270359513,8,13,21
270359514,2,2,4
270359516,0,2,2
270359608,0,1,1
270359903,8,0,8
270359905,0,1,1
270370601,31,11,42
270370602,4,0,4
270370603,1,1,2
270370604,2,0,2
270370605,29,32,61
270370606,55,57,112
270370607,149,163,312
270370608,62,52,114
270370609,9,0,9
270370610,10,10,20
270370611,29,11,40
270370615,5,1,6
270379702,2,1,3
270379705,0,1,1
270379706,8,1,9
270379806,1,0,1
270399501,2,3,5
270399502,2,1,3
270399504,0,2,2
270399505,7,1,8
270419501,2,1,3
270419502,0,1,1
270419505,5,4,9
270419506,2,4,6
270419507,38,21,59
270419508,3,1,4
270419509,4,3,7
270419510,5,4,9
270439601,1,0,1
270439602,0,1,1
270439603,3,0,3
270439604,4,2,6
270439714,1,1,2
270450021,1,0,1
270459602,1,0,1
270459603,2,0,2
270459604,2,1,3
270459605,2,0,2
270459606,2,0,2
270470009,0,1,1
270479802,1,0,1
270479803,4,2,6
270479804,21,17,38
270479805,1,3,4
270479806,1,1,2
270479807,0,2,2
270479808,2,1,3
270479809,2,0,2
270479810,0,1,1
270499801,22,18,40
270499802,12,7,19
270499803,9,3,12
270499804,1,2,3
270499805,2,0,2
270499806,7,1,8
270499807,3,2,5
270499808,3,8,11
270499809,5,1,6
270519501,1,0,1
270519616,0,1,1
270519701,1,0,1
270530001,1,1,2
270530003,1,2,3
270530006,10,4,14
270530011,1,0,1
270530017,0,1,1
270530022,15,1,16
270530024,0,1,1
270530027,4,1,5
270530032,2,1,3
270530035,8,19,27
270530038,3,1,4
270530059,5,6,11
270530068,11,10,21
270530073,11,1,12
270530077,9,5,14
270530078,2,10,12
270530079,49,71,120
270530081,17,18,35
270530082,33,6,39
270530084,1,0,1
270530085,8,3,11
270530095,1,1,2
270530096,3,13,16
270530106,12,19,31
270530107,14,29,43
270530110,3,10,13
270530117,16,9,25
270530118,7,15,22
270530119,5,4,9
270530120,10,17,27
270530121,2,4,6
270530201,7,14,21
270530202,15,2,17
270530203,16,2,18
270530204,4,1,5
270530207,0,1,1
270530208,12,1,13
270530209,3,0,3
270530210,3,11,14
270530212,6,3,9
270530213,5,4,9
270530214,22,63,85
270530215,12,7,19
270530216,25,30,55
270530217,20,38,58
270530218,13,39,52
270530219,13,27,40
270530220,11,27,38
270530221,5,7,12
270530222,2,17,19
270530223,9,6,15
270530224,2,5,7
270530227,2,3,5
270530228,27,44,71
270530229,63,94,157
270530230,15,40,55
270530231,8,10,18
270530232,7,15,22
270530233,4,2,6
270530234,13,7,20
270530235,30,91,121
270530236,14,61,75
270530237,25,32,57
270530238,18,35,53
270530239,38,106,144
270530240,112,213,325
270530241,3,1,4
270530242,2,1,3
270530243,2,1,3
270530244,13,2,15
270530245,1,4,5
270530246,1,5,6
270530247,1,3,4
270530248,1,0,1
270530249,1,1,2
270530250,16,69,85
270530251,11,9,20
270530252,9,4,13
270530253,2,3,5
270530254,12,2,14
270530256,11,25,36
270530257,13,17,30
270530258,6,9,15
270530259,53,75,128
270530260,93,218,311
270530261,18,55,73
270530262,34,46,80
270530263,20,32,52
270530264,31,76,107
270530265,80,81,161
270530266,47,70,117
270530267,95,60,155
270530268,40,14,54
270530269,23,12,35
270530270,3,11,14
270530271,13,25,38
270530272,28,55,83
270530273,13,22,35
270530274,7,15,22
270530275,17,44,61
270530276,5,8,13
270530277,4,6,10
270530348,1,0,1
270531002,1,1,2
270531004,1,0,1
270531007,1,0,1
270531009,3,0,3
270531012,8,5,13
270531013,1,0,1
270531014,0,1,1
270531018,2,2,4
270531019,4,0,4
270531020,2,1,3
270531023,0,2,2
270531025,3,2,5
270531026,2,0,2
270531030,1,3,4
270531031,1,1,2
270531034,1,0,1
270531036,11,19,30
270531037,2,3,5
270531039,6,17,23
270531040,5,14,19
270531041,1,1,2
270531044,27,36,63
270531046,29,47,76
270531047,4,10,14
270531048,34,76,110
270531049,121,369,490
270531050,14,25,39
270531051,6,15,21
270531052,8,64,72
270531054,71,188,259
270531055,14,45,59
270531056,10,13,23
270531057,0,2,2
270531060,3,0,3
270531062,2,4,6
270531064,8,3,11
270531065,34,74,108
270531066,10,29,39
270531067,13,16,29
270531069,4,5,9
270531070,3,2,5
270531071,2,19,21
270531072,17,70,87
270531074,2,0,2
270531075,7,5,12
270531076,14,12,26
270531080,14,15,29
270531086,0,2,2
270531087,1,1,2
270531088,10,3,13
270531089,5,2,7
270531090,5,7,12
270531091,19,31,50
270531092,6,12,18
270531093,6,6,12
270531094,1,0,1
270531097,5,1,6
270531098,14,18,32
270531099,9,10,19
270531101,5,5,10
270531102,3,4,7
270531104,0,8,8
270531105,16,11,27
270531108,7,10,17
270531109,7,3,10
270531111,9,4,13
270531112,12,19,31
270531113,21,25,46
270531114,15,18,33
270531115,13,18,31
270531116,10,10,20
270531225,5,2,7
270531226,1,0,1
270531255,14,5,19
270550201,7,5,12
270550202,1,2,3
270550203,1,0,1
270550205,4,0,4
270550209,1,0,1
270579701,3,1,4
270579702,5,3,8
270579703,1,3,4
270579705,5,1,6
270579706,12,7,19
270579707,0,2,2
270591101,1,0,1
270591301,0,1,1
270591302,0,1,1
270591303,32,12,44
270591304,0,1,1
270591305,3,1,4
270591306,4,2,6
270619801,4,0,4
270619802,1,0,1
270619803,6,2,8
270619804,3,2,5
270619805,1,0,1
270619807,7,2,9
270619808,24,16,40
270619809,7,3,10
270619810,2,1,3
270639801,1,0,1
270639803,1,0,1
270639804,2,2,4
270659802,1,0,1
270659803,15,1,16
270679801,2,2,4
270679802,1,1,2
270679803,5,9,14
270679804,6,4,10
270679805,2,3,5
270679806,5,8,13
270679807,6,5,11
270679808,13,8,21
270679809,34,19,53
270679810,0,4,4
270699901,1,0,1
270699902,1,1,2
270719901,1,2,3
270719902,5,5,10
270719903,5,0,5
270719905,1,0,1
270739801,4,2,6
270739803,4,0,4
270750106,2,0,2
270750153,0,1,1
270750154,0,1,1
270759701,6,4,10
270759703,3,1,4
270759704,5,5,10
270779601,1,0,1
270779602,3,0,3
270779603,1,0,1
270790812,4,0,4
270799501,2,1,3
270799502,3,1,4
270799503,1,0,1
270799504,1,0,1
270799505,2,0,2
270799506,1,0,1
270799701,1,0,1
270799803,1,1,2
270819501,5,0,5
270819502,2,0,2
270839601,1,1,2
270839602,2,1,3
270839603,2,0,2
270839604,13,8,21
270839605,1,1,2
270839606,1,0,1
270839607,2,0,2
270859501,2,1,3
270859502,1,0,1
270859503,19,11,30
270859504,2,5,7
270859506,1,0,1
270859507,12,2,14
270859602,1,0,1
270879603,1,0,1
270899801,1,0,1
270899804,1,0,1
270919901,2,0,2
270919902,0,2,2
270919903,0,1,1
270919905,13,7,20
270919906,11,8,19
270939601,1,2,3
270939603,8,2,10
270939604,6,0,6
270959701,1,0,1
270959702,6,0,6
270959703,1,0,1
270959704,0,1,1
270959705,5,1,6
270959706,1,1,2
270959707,2,0,2
270979801,0,2,2
270979802,0,1,1
270979803,6,0,6
270979804,1,0,1
270979805,1,0,1
270979806,17,6,23
270979808,0,1,1
270990001,2,1,3
270990002,3,3,6
270990003,18,15,33
270990006,1,0,1
270990008,1,0,1
270990009,8,6,14
270990012,1,0,1
271019801,2,0,2
271019803,4,2,6
271039801,0,1,1
271039802,3,5,8
271039803,12,3,15
271039804,7,2,9
271039805,16,19,35
271039806,1,0,1
271059902,2,0,2
271059903,0,2,2
271059904,5,1,6
271059905,8,2,10
271059906,5,3,8
271079603,3,1,4
271090001,33,71,104
271090002,6,13,19
271090003,42,32,74
271090004,39,119,158
271090005,13,37,50
271090006,5,18,23
271090007,14,47,61
271090009,7,25,32
271090010,4,7,11
271090011,5,14,19
271090012,100,412,512
271090013,34,106,140
271090014,346,1522,1868
271090015,24,55,79
271090016,43,95,138
271090017,31,121,152
271090018,5,13,18
271090019,13,24,37
271090020,1,2,3
271090021,2,3,5
271090022,4,7,11
271099808,2,0,2
271119601,3,0,3
271119603,1,1,2
271119604,0,2,2
271119605,4,1,5
271119606,5,1,6
271119607,0,3,3
271119608,0,1,1
271119609,6,4,10
271119610,15,18,33
271119611,3,3,6
271119612,1,3,4
271119613,5,1,6
271119614,0,1,1
271119615,1,1,2
271119616,1,0,1
271119617,4,0,4
271139901,1,0,1
271139903,2,0,2
271139904,2,3,5
271139905,15,7,22
271159501,2,0,2
271159502,3,1,4
271159504,3,0,3
271159505,2,0,2
271159506,1,0,1
271159507,1,1,2
271159705,2,0,2
271179602,0,1,1
271179603,5,1,6
271179605,2,0,2
271190201,3,0,3
271190202,2,1,3
271190203,1,2,3
271190206,4,2,6
271190207,9,4,13
271190210,2,1,3
271219701,3,0,3
271219702,2,1,3
271219703,3,1,4
271219704,7,2,9
271230301,25,17,42
271230302,28,23,51
271230303,20,11,31
271230304,3,6,9
271230305,1,0,1
271230306,5,4,9
271230307,1,0,1
271230309,0,1,1
271230310,2,1,3
271230311,7,4,11
271230312,1,1,2
271230313,0,1,1
271230314,8,0,8
271230315,1,18,19
271230316,3,2,5
271230317,8,0,8
271230318,1,0,1
271230319,1,11,12
271230320,4,4,8
271230321,2,3,5
271230322,0,8,8
271230323,3,0,3
271230324,1,1,2
271230325,1,0,1
271230326,3,0,3
271230328,29,15,44
271230329,19,84,103
271230331,5,1,6
271230332,10,33,43
271230333,7,5,12
271230334,17,11,28
271230338,1,3,4
271230339,2,1,3
271230340,1,4,5
271230342,28,107,135
271230344,1,0,1
271230345,1,0,1
271230347,0,7,7
271230348,13,21,34
271230349,3,9,12
271230350,8,6,14
271230351,8,4,12
271230352,10,10,20
271230353,17,9,26
271230354,3,6,9
271230355,3,3,6
271230356,9,7,16
271230357,17,15,32
271230358,6,21,27
271230359,48,110,158
271230360,10,18,28
271230361,2,6,8
271230362,22,26,48
271230363,7,13,20
271230364,15,8,23
271230365,14,8,22
271230366,6,19,25
271230367,7,7,14
271230368,3,1,4
271230369,0,1,1
271230370,2,2,4
271230371,9,20,29
271230374,1,2,3
271230375,28,33,61
271230376,17,22,39
271230401,4,2,6
271230402,8,2,10
271230403,8,7,15
271230404,9,6,15
271230405,13,13,26
271230406,47,108,155
271230407,55,47,102
271230408,19,25,44
271230409,4,1,5
271230410,3,2,5
271230411,35,24,59
271230412,3,1,4
271230413,27,25,52
271230414,4,10,14
271230415,5,19,24
271230416,15,20,35
271230417,1,6,7
271230418,4,11,15
271230419,12,11,23
271230420,7,14,21
271230421,8,14,22
271230422,9,26,35
271230423,12,7,19
271230424,35,44,79
271230425,11,12,23
271230426,14,5,19
271250102,1,0,1
271279501,1,0,1
271279502,8,0,8
271279503,1,1,2
271299903,1,0,1
271299905,4,2,6
271299906,1,0,1
271310615,3,0,3
271319501,0,1,1
271319701,2,2,4
271319702,6,7,13
271319704,2,1,3
271319705,11,10,21
271319706,20,1,21
271319707,23,7,30
271319708,4,2,6
271319709,2,5,7
271339702,11,0,11
271339703,1,0,1
271359701,1,0,1
271359702,1,0,1
271359703,9,3,12
271359705,1,0,1
271370001,3,14,17
271370002,10,15,25
271370003,4,12,16
271370004,9,15,24
271370005,12,12,24
271370006,19,21,40
271370007,28,49,77
271370008,8,2,10
271370009,6,5,11
271370010,5,12,17
271370011,7,19,26
271370012,11,3,14
271370013,1,2,3
271370014,1,0,1
271370016,2,14,16
271370017,68,166,234
271370018,1,3,4
271370019,14,3,17
271370020,0,1,1
271370022,4,4,8
271370023,6,7,13
271370026,1,0,1
271370028,1,0,1
271370031,7,0,7
271370032,5,2,7
271370034,1,0,1
271370039,1,2,3
271370101,1,1,2
271370102,0,1,1
271370103,23,24,47
271370104,4,4,8
271370105,6,5,11
271370106,12,8,20
271370111,1,5,6
271370113,1,0,1
271370114,1,2,3
271370121,5,3,8
271370122,1,1,2
271370123,1,2,3
271370124,27,14,41
271370125,0,1,1
271370126,1,0,1
271370127,1,1,2
271370128,2,1,3
271370130,19,10,29
271370131,2,0,2
271370132,4,4,8
271370133,1,3,4
271370134,0,1,1
271370136,1,0,1
271370138,3,1,4
271370139,1,2,3
271370140,2,0,2
271370151,3,2,5
271370152,6,1,7
271370153,10,5,15
271370154,1,2,3
271370155,3,1,4
271390608,1,1,2
271390801,0,1,1
271390802,16,7,23
271390803,29,17,46
271390804,3,0,3
271390806,1,1,2
271390807,2,0,2
271390808,2,0,2
271390809,16,5,21
271390810,17,10,27
271390811,2,2,4
271390812,13,1,14
271390813,3,2,5
271399501,1,0,1
271410301,20,0,20
271410302,1,0,1
271410303,3,6,9
271410304,5,5,10
271410305,20,9,29
271410313,3,2,5
271411001,2,0,2
271439704,4,1,5
271450001,0,1,1
271450002,3,0,3
271450003,3,8,11
271450004,26,39,65
271450005,2,5,7
271450006,3,7,10
271450007,2,5,7
271450008,2,5,7
271450009,59,96,155
271450010,30,27,57
271450101,45,55,100
271450102,10,6,16
271450104,6,1,7
271450105,1,0,1
271450106,6,1,7
271450110,10,0,10
271450112,3,0,3
271450113,10,8,18
271450114,3,0,3
271450115,7,1,8
271479601,4,3,7
271479602,10,7,17
271479603,4,1,5
271479604,13,1,14
271479605,1,0,1
271479606,14,9,23
271479607,1,1,2
271479608,0,1,1
271499802,8,4,12
271499803,0,2,2
271519602,3,0,3
271519603,2,0,2
271519604,2,0,2
271530106,1,0,1
271539901,1,0,1
271539904,1,0,1
271539906,5,0,5
271539908,1,1,2
271559601,1,0,1
271559602,1,0,1
271570020,0,2,2
271579901,12,7,19
271579902,0,1,1
271579903,3,2,5
271579904,0,1,1
271579905,1,0,1
271599613,0,1,1
271599801,1,0,1
271599802,9,3,12
271599803,11,2,13
271599901,4,2,6
271619901,1,0,1
271619902,1,0,1
271619904,3,0,3
271619905,6,0,6
271630502,1,2,3
271630701,29,7,36
271630702,17,20,37
271630703,19,36,55
271630704,25,34,59
271630705,7,14,21
271630706,47,48,95
271630707,16,24,40
271630708,1,0,1
271630709,13,8,21
271630710,150,144,294
271630711,8,12,20
271630712,21,4,25
271630713,0,1,1
271659501,1,0,1
271659502,5,2,7
271659503,1,0,1
271679501,0,1,1
271679502,1,2,3
271690201,1,1,2
271699701,2,0,2
271699702,1,2,3
271699703,5,7,12
271699704,19,6,25
271699705,5,2,7
271699706,8,5,13
271699708,1,7,8
271699710,0,2,2
271710112,2,1,3
271711002,14,5,19
271711003,1,5,6
271711004,2,4,6
271711005,1,3,4
271711007,35,9,44
271711008,8,5,13
271711009,0,1,1
271711010,6,1,7
271711011,1,0,1
271711012,1,0,1
271711013,3,0,3
271739503,1,0,1
271739701,3,0,3
271739702,5,1,6
280010001,2,2,4
280010003,1,1,2
280010006,1,0,1
280010007,5,11,16
280010008,2,3,5
280010009,23,19,42
280039501,0,2,2
280039502,4,12,16
280039503,13,24,37
280039504,1,0,1
280039505,4,3,7
280039507,1,0,1
280059501,4,1,5
280059502,1,0,1
280059503,1,1,2
280070402,1,0,1
280070605,3,3,6
280070606,10,1,11
280099501,0,1,1
280099502,2,0,2
280119501,1,2,3
280119502,1,0,1
280119503,4,0,4
280119504,1,1,2
280119505,1,0,1
280119506,10,11,21
280119507,9,4,13
280139501,2,0,2
280139503,2,0,2
280139505,1,1,2
280159501,2,0,2
280159502,1,2,3
280159503,0,1,1
280179501,3,0,3
280179503,7,2,9
280179504,1,0,1
280199503,3,0,3
280219502,2,2,4
280239501,1,0,1
280239503,1,0,1
280239504,4,1,5
280259501,3,2,5
280259502,0,1,1
280259503,6,8,14
280259504,2,0,2
280259505,3,2,5
280279502,5,9,14
280279504,3,2,5
280279505,9,4,13
280279507,8,8,16
280299501,2,0,2
280299502,0,1,1
280299503,1,1,2
280299504,6,1,7
280299505,2,0,2
280299506,1,0,1
280310201,0,1,1
280319501,1,0,1
280319502,2,0,2
280319503,3,0,3
280319504,2,1,3
280330701,1,1,2
280330702,3,2,5
280330703,3,0,3
280330704,1,2,3
280330705,21,33,54
280330706,17,11,28
280330707,7,7,14
280330708,8,7,15
280330710,4,0,4
280330711,9,3,12
280350001,1,0,1
280350002,3,3,6
280350003,0,1,1
280350006,3,0,3
280350007,5,19,24
280350008,56,124,180
280350009,1,1,2
280350101,6,2,8
280350102,3,5,8
280350104,2,1,3
280350105,4,20,24
280350106,1,0,1
280350202,0,2,2
280350203,5,10,15
280359502,1,1,2
280379501,6,0,6
280399501,1,0,1
280399502,1,0,1
280399503,7,3,10
280419501,0,1,1
280419502,1,1,2
280439501,0,1,1
280439503,5,7,12
280439504,1,0,1
280439505,13,5,18
280450301,4,9,13
280450302,2,2,4
280450303,11,8,19
280450305,11,8,19
280450306,2,2,4
280470002,0,2,2
280470005,8,14,22
280470006,1,3,4
280470007,2,1,3
280470008,0,1,1
280470009,27,31,58
280470011,5,8,13
280470012,21,29,50
280470013,5,9,14
280470014,1,4,5
280470015,13,29,42
280470016,6,7,13
280470017,6,10,16
280470018,2,0,2
280470019,0,2,2
280470020,0,2,2
280470021,2,3,5
280470022,0,4,4
280470023,4,13,17
280470025,1,0,1
280470026,20,40,60
280470027,2,2,4
280470028,1,4,5
280470029,0,3,3
280470030,0,2,2
280470031,11,29,40
280470032,14,31,45
280470033,27,38,65
280470034,9,11,20
280470035,6,11,17
280490001,15,32,47
280490002,27,71,98
280490003,1,4,5
280490004,6,7,13
280490005,5,4,9
280490006,2,0,2
280490007,2,0,2
280490008,2,0,2
280490011,3,8,11
280490013,141,400,541
280490014,28,65,93
280490015,23,46,69
280490016,36,119,155
280490020,0,1,1
280490021,1,0,1
280490024,0,1,1
280490025,1,0,1
280490027,6,5,11
280490030,0,7,7
280490031,2,2,4
280490032,1,0,1
280490033,1,3,4
280490038,1,0,1
280490101,21,52,73
280490102,7,7,14
280490103,6,12,18
280490104,9,9,18
280490105,4,3,7
280490106,2,2,4
280490107,3,2,5
280490108,16,14,30
280490109,1,0,1
280490110,25,20,45
280490111,16,2,18
280490112,8,1,9
280490113,1,0,1
280519501,1,3,4
280519502,6,0,6
280519503,1,0,1
280519504,1,0,1
280519505,2,0,2
280539503,4,2,6
280579502,3,2,5
280579503,2,0,2
280579504,1,0,1
280579505,4,0,4
280590033,1,0,1
280590401,2,3,5
280590402,6,9,15
280590403,5,1,6
280590404,9,17,26
280590405,15,36,51
280590406,8,11,19
280590407,29,68,97
280590408,3,0,3
280590409,16,20,36
280590410,3,5,8
280590411,1,2,3
280590413,3,0,3
280590414,3,2,5
280590415,2,3,5
280590418,1,2,3
280590419,14,26,40
280590422,7,6,13
280590423,3,4,7
280590424,1,1,2
280590425,2,6,8
280590426,5,6,11
280599502,2,2,4
280619502,0,1,1
280619503,5,0,5
280630002,1,0,1
280639501,5,0,5
280650201,0,1,1
280659501,3,0,3
280659502,0,1,1
280659601,1,0,1
280679503,3,2,5
280679504,12,11,23
280679505,11,28,39
280679506,19,19,38
280679508,1,2,3
280679509,1,0,1
280679510,4,0,4
280679511,1,2,3
280690103,1,0,1
280690301,1,0,1
280719501,1,1,2
280719502,23,51,74
280719503,5,5,10
280719504,8,12,20
280719505,15,19,34
280730201,3,7,10
280730202,37,65,102
280730203,30,58,88
280730204,3,1,4
280730205,1,0,1
280730206,0,1,1
280739501,0,1,1
280750001,31,59,90
280750002,0,1,1
280750003,0,2,2
280750004,11,19,30
280750005,0,1,1
280750006,5,1,6
280750007,4,3,7
280750008,1,3,4
280750009,2,0,2
280750010,7,10,17
280750011,26,34,60
280750102,17,16,33
280750103,11,7,18
280750105,7,7,14
280750106,1,0,1
280779601,1,0,1
280779602,5,2,7
280790401,1,1,2
280790402,2,1,3
280790403,2,2,4
280790404,1,0,1
280790604,0,1,1
280819501,6,1,7
280819502,15,15,30
280819503,2,3,5
280819504,16,24,40
280819505,10,20,30
280819506,4,8,12
280819507,46,49,95
280819508,4,48,52
280819509,21,48,69
280819510,4,3,7
280839504,1,0,1
280839506,10,12,22
280839507,17,25,42
280839508,2,2,4
280859501,0,1,1
280859502,1,0,1
280859503,1,0,1
280859504,0,1,1
280859505,7,9,16
280859506,14,12,26
280870001,1,0,1
280870002,2,2,4
280870003,22,36,58
280870004,1,2,3
280870005,4,1,5
280870006,1,1,2
280870007,0,7,7
280870009,19,29,48
280870010,2,3,5
280890301,47,125,172
280890302,95,160,255
280890303,30,40,70
280890304,16,37,53
280890305,0,2,2
280890306,3,1,4
280890308,8,0,8
280890309,6,0,6
280890310,1,1,2
280919501,1,1,2
280919503,3,0,3
280919504,10,5,15
280919505,2,0,2
280939501,1,0,1
280939502,1,0,1
280939503,1,0,1
280939504,2,2,4
280939505,2,1,3
280959501,2,1,3
280959502,4,2,6
280959503,3,2,5
280959504,14,5,19
280959505,1,0,1
280959506,1,2,3
280959507,3,1,4
280959508,4,1,5
280979501,2,0,2
280979502,1,0,1
280979503,9,0,9
280990101,6,0,6
280990102,0,1,1
280990104,5,0,5
280990105,9,1,10
281010103,0,1,1
281010501,3,0,3
281010502,1,3,4
281010504,1,0,1
281010505,3,0,3
281039502,1,0,1
281039503,3,2,5
281050010,1,0,1
281059501,3,5,8
281059502,1,3,4
281059503,15,7,22
281059504,2,2,4
281059505,4,4,8
281059506,4,7,11
281059507,0,4,4
281079501,2,2,4
281079503,1,0,1
281079504,1,2,3
281079506,11,3,14
281090205,0,1,1
281099502,2,1,3
281099503,4,0,4
281099504,2,4,6
281099505,5,5,10
281099506,14,3,17
281099507,2,1,3
281119501,5,0,5
281119502,0,1,1
281139501,4,5,9
281139502,0,3,3
281139504,20,24,44
281139505,7,8,15
281139506,6,2,8
281159501,3,1,4
281159503,7,1,8
281159504,1,1,2
281159505,0,1,1
281179502,1,1,2
281179503,11,7,18
281179504,1,0,1
281179505,1,0,1
281199502,3,2,5
281210201,5,7,12
281210202,86,131,217
281210203,76,114,190
281210204,4,2,6
281210205,2,10,12
281210206,6,2,8
281210207,5,6,11
281210208,21,26,47
281210209,3,0,3
281210210,4,1,5
281230204,1,2,3
281230205,3,0,3
281230206,4,1,5
281259501,1,0,1
281259502,2,0,2
281279501,0,1,1
281279503,1,1,2
281279504,5,0,5
281279505,10,1,11
281299501,2,1,3
281299502,1,0,1
281299503,1,0,1
281310201,6,2,8
281310202,3,3,6
281310206,1,0,1
281339501,2,1,3
281339502,4,3,7
281339504,6,0,6
281339506,3,0,3
281359501,1,0,1
281359502,2,0,2
281359503,1,3,4
281379502,4,1,5
281379503,2,0,2
281379504,6,2,8
281399501,1,2,3
281399502,0,2,2
281399503,6,0,6
281399504,1,1,2
281419502,1,0,1
281419503,7,1,8
281419504,5,0,5
281439501,0,1,1
281439502,2,0,2
281459501,3,0,3
281459502,0,1,1
281459503,13,2,15
281459504,6,3,9
281459505,3,1,4
281459506,1,0,1
281479501,1,0,1
281479502,10,3,13
281499501,1,2,3
281499502,3,8,11
281499503,0,2,2
281499505,12,5,17
281499506,6,5,11
281499507,2,4,6
281499508,11,3,14
281499509,9,16,25
281499511,1,4,5
281510001,2,0,2
281510006,11,5,16
281510007,8,22,30
281510008,8,9,17
281510009,2,5,7
281510010,4,8,12
281510011,1,0,1
281510012,2,7,9
281510015,0,1,1
281510016,0,1,1
281510017,1,0,1
281539502,6,3,9
281539503,2,0,2
281559501,1,0,1
281559502,3,1,4
281559503,3,1,4
281579501,2,2,4
281579502,3,0,3
281599501,1,0,1
281599504,6,2,8
281619501,3,0,3
281619502,2,1,3
281619503,3,1,4
281619505,0,1,1
281639501,2,1,3
281639502,8,3,11
281639503,1,3,4
281639505,1,1,2
290019501,4,3,7
290019502,1,3,4
290019503,6,14,20
290019504,6,22,28
290019505,26,42,68
290019509,2,0,2
290030001,1,0,1
290030002,1,0,1
290030003,1,0,1
290030101,5,4,9
290030102,0,1,1
290030103,1,2,3
290059501,1,0,1
290059502,3,0,3
290079501,3,0,3
290079502,1,1,2
290079503,1,0,1
290079504,11,10,21
290079505,3,1,4
290079506,2,0,2
290079507,4,8,12
290099602,0,1,1
290099603,10,5,15
290099604,1,0,1
290099605,7,3,10
290099703,1,0,1
290099704,2,0,2
290099706,1,0,1
290099901,1,1,2
290099904,3,0,3
290119601,1,0,1
290119602,2,0,2
290119603,6,3,9
290119802,1,1,2
290139502,0,1,1
290139701,1,0,1
290139703,4,1,5
290159602,1,0,1
290159603,5,1,6
290159604,1,1,2
290179501,2,0,2
290179502,1,0,1
290190001,2,19,21
290190002,20,48,68
290190003,4,18,22
290190004,138,359,497
290190005,2,3,5
290190006,19,30,49
290190007,6,2,8
290190008,3,9,12
290190009,4,10,14
290190010,56,125,181
290190011,62,153,215
290190012,42,81,123
290190013,5,8,13
290190014,9,19,28
290190015,19,22,41
290190016,16,21,37
290190017,11,25,36
290190018,21,34,55
290190019,5,14,19
290190020,2,0,2
290210001,19,25,44
290210002,3,2,5
290210003,1,1,2
290210005,1,10,11
290210006,2,12,14
290210007,36,66,102
290210009,0,1,1
290210010,2,0,2
290210011,1,0,1
290210012,2,4,6
290210016,1,2,3
290210017,4,0,4
290210018,1,3,4
290210021,1,0,1
290210022,1,2,3
290210024,1,0,1
290210027,3,4,7
290210028,1,3,4
290210101,2,3,5
290219604,1,0,1
290239501,6,6,12
290239502,4,9,13
290239503,46,40,86
290239504,15,7,22
290239505,4,4,8
290239508,1,0,1
290239509,3,2,5
290259502,1,0,1
290279701,1,1,2
290279702,1,2,3
290279703,8,10,18
290279704,4,2,6
290279705,5,1,6
290279706,3,1,4
290279707,2,2,4
290279708,1,1,2
290299501,5,3,8
290299502,20,39,59
290299504,14,4,18
290299505,4,1,5
290299506,3,3,6
290299508,1,1,2
290299511,1,3,4
290299512,2,1,3
290319701,0,1,1
290319801,1,4,5
290319802,1,1,2
290319803,1,4,5
290319804,3,4,7
290319805,10,5,15
290319806,5,13,18
290319807,14,15,29
290319808,1,0,1
290319809,2,3,5
290319810,3,14,17
290319811,7,26,33
290319812,13,30,43
290319813,28,46,74
290319815,11,71,82
290319816,1,0,1
290339601,1,0,1
290339603,5,2,7
290359602,3,0,3
290370135,0,1,1
290370600,9,14,23
290370603,6,5,11
290370604,2,3,5
290370605,1,3,4
290370606,3,0,3
290370608,1,1,2
290370609,10,2,12
290370610,3,4,7
290370611,1,1,2
290399702,3,6,9
290399703,4,2,6
290419703,2,1,3
290430038,0,3,3
290430040,0,2,2
290430048,0,1,1
290430201,2,0,2
290430202,23,28,51
290430203,15,18,33
290430204,1,2,3
290430205,1,5,6
290439901,0,1,1
290459503,3,1,4
290470201,24,74,98
290470202,11,19,30
290470203,10,14,24
290470204,0,1,1
290470205,2,2,4
290470206,0,3,3
290470207,0,1,1
290470208,20,6,26
290470209,12,2,14
290470210,15,12,27
290470211,2,6,8
290470212,30,22,52
290470213,22,33,55
290470214,29,50,79
290470216,4,7,11
290470217,9,3,12
290470218,12,18,30
290470219,3,1,4
290470220,1,2,3
290470302,1,0,1
290470306,0,1,1
290499601,7,4,11
290499602,1,1,2
290499603,5,0,5
290499604,2,1,3
290510101,16,15,31
290510103,2,0,2
290510104,9,9,18
290510105,11,15,26
290510106,4,6,10
290510107,30,54,84
290510108,12,31,43
290510109,6,9,15
290510201,0,1,1
290510202,4,4,8
290510204,5,6,11
290510205,3,3,6
290510206,1,7,8
290539501,4,0,4
290539503,0,3,3
290539504,5,2,7
290559501,4,3,7
290559502,1,0,1
290559503,2,1,3
290559504,3,1,4
290579801,3,0,3
290579802,1,0,1
290599801,0,1,1
290599802,1,1,2
290619701,0,1,1
290619702,2,1,3
290639801,3,2,5
290639802,1,0,1
290659603,9,0,9
290659604,1,0,1
290679804,2,3,5
290679904,0,1,1
290699601,2,0,2
290699602,1,1,2
290699604,1,0,1
290699605,6,1,7
290699606,16,9,25
290699607,4,5,9
290699609,1,1,2
290718001,7,16,23
290718002,35,31,66
290718003,4,3,7
290718004,8,2,10
290718006,9,1,10
290718007,1,2,3
290718008,3,1,4
290718009,4,0,4
290718011,1,2,3
290739601,3,5,8
290739604,3,1,4
290739605,2,0,2
290739904,0,1,1
290750104,0,1,1
290759601,2,0,2
290759602,1,1,2
290770001,0,6,6
290770002,5,1,6
290770003,5,1,6
290770004,3,3,6
290770005,1,3,4
290770006,5,8,13
290770007,31,17,48
290770009,3,2,5
290770010,8,14,22
290770011,30,98,128
290770012,1,4,5
290770013,33,24,57
290770014,3,16,19
290770015,1,1,2
290770016,1,2,3
290770018,1,1,2
290770019,1,0,1
290770022,0,2,2
290770024,1,2,3
290770025,14,30,44
290770026,11,32,43
290770027,19,54,73
290770028,46,58,104
290770029,3,1,4
290770030,5,4,9
290770033,4,1,5
290770036,8,8,16
290770037,15,32,47
290770038,38,72,110
290770039,3,2,5
290770040,52,65,117
290770041,25,48,73
290770042,4,3,7
290770043,5,0,5
290770044,4,1,5
290770046,5,1,6
290770047,1,13,14
290770048,6,9,15
290770049,2,0,2
290770050,1,2,3
290770051,2,2,4
290770052,5,0,5
290770055,4,0,4
290779603,1,1,2
290799603,3,2,5
290799604,6,1,7
290819502,2,0,2
290819503,2,1,3
290839501,3,1,4
290839502,2,0,2
290839504,0,1,1
290839505,2,0,2
290839506,12,12,24
290859701,2,1,3
290859703,1,0,1
290879602,3,0,3
290899601,0,1,1
290899603,6,0,6
290919802,0,1,1
290919901,4,0,4
290919902,3,4,7
290919903,1,2,3
290919904,1,2,3
290919905,3,4,7
290919906,6,6,12
290919907,2,3,5
290919908,18,21,39
290939701,1,0,1
290939702,2,0,2
290939703,4,2,6
290950002,1,6,7
290950005,0,2,2
290950006,0,1,1
290950009,0,1,1
290950010,6,4,10
290950011,2,1,3
290950012,7,11,18
290950013,3,11,14
290950014,1,0,1
290950015,0,1,1
290950017,3,3,6
290950019,1,0,1
290950021,1,0,1
290950028,0,2,2
290950029,1,5,6
290950030,1,0,1
290950031,47,69,116
290950037,1,0,1
290950043,165,234,399
290950044,7,15,22
290950046,2,9,11
290950047,1,10,11
290950048,1,1,2
290950049,0,2,2
290950050,2,3,5
290950051,2,5,7
290950053,0,1,1
290950057,0,2,2
290950058,5,13,18
290950060,1,0,1
290950061,0,1,1
290950063,1,1,2
290950065,1,0,1
290950066,3,13,16
290950068,5,21,26
290950069,44,163,207
290950070,4,1,5
290950071,11,17,28
290950072,5,18,23
290950073,12,30,42
290950074,6,21,27
290950077,3,0,3
290950078,11,3,14
290950080,0,3,3
290950081,0,1,1
290950082,4,5,9
290950083,7,9,16
290950084,6,23,29
290950085,10,29,39
290950086,110,35,145
290950087,35,46,81
290950090,1,1,2
290950091,2,5,7
290950092,2,4,6
290950093,3,5,8
290950094,2,1,3
290950097,1,2,3
290950098,0,1,1
290950099,1,6,7
290950100,11,18,29
290950101,50,71,121
290950102,11,2,13
290950103,1,0,1
290950104,0,9,9
290950105,0,1,1
290950106,1,2,3
290950107,2,2,4
290950109,1,0,1
290950110,1,0,1
290950112,1,0,1
290950113,1,1,2
290950114,5,3,8
290950115,0,1,1
290950116,2,3,5
290950117,4,1,5
290950118,1,0,1
290950119,0,1,1
290950120,2,1,3
290950121,1,1,2
290950122,5,2,7
290950123,5,3,8
290950124,2,2,4
290950125,3,3,6
290950126,8,1,9
290950127,4,2,6
290950128,3,3,6
290950129,2,1,3
290950130,2,23,25
290950131,1,1,2
290950132,0,2,2
290950133,7,3,10
290950134,12,24,36
290950135,4,8,12
290950136,23,20,43
290950137,26,31,57
290950138,5,7,12
290950139,25,38,63
290950140,7,6,13
290950141,29,34,63
290950142,40,61,101
290950143,20,11,31
290950144,2,2,4
290950145,11,29,40
290950146,4,7,11
290950147,31,27,58
290950148,5,16,21
290950149,5,11,16
290950150,1,2,3
290950151,0,1,1
290950604,1,0,1
290970101,10,25,35
290970102,1,4,5
290970103,3,3,6
290970104,6,6,12
290970105,1,4,5
290970106,1,3,4
290970107,12,43,55
290970108,1,2,3
290970109,13,46,59
290970110,1,0,1
290970111,1,7,8
290970112,2,3,5
290970113,9,7,16
290970114,1,2,3
290970115,1,2,3
290970116,4,0,4
290970117,4,6,10
290970118,7,4,11
290970119,2,3,5
290970120,5,2,7
290970122,0,1,1
290970205,12,7,19
290970206,4,10,14
290992215,1,1,2
290997001,19,12,31
290997002,8,6,14
290997003,5,4,9
290997004,3,4,7
290997005,1,1,2
290997006,7,4,11
290997007,14,24,38
290997008,2,1,3
290997009,4,6,10
290997010,2,1,3
290997012,2,2,4
290997014,12,6,18
291019601,1,0,1
291019602,1,0,1
291019603,7,5,12
291019604,1,3,4
291019605,16,5,21
291019606,4,6,10
291019607,0,1,1
291019608,6,1,7
291019609,1,0,1
291039601,2,0,2
291059601,1,0,1
291059602,2,0,2
291059603,2,3,5
291059604,1,4,5
291059605,25,1,26
291059606,2,0,2
291070140,1,0,1
291070901,0,2,2
291070902,5,1,6
291070903,1,0,1
291070904,2,1,3
291070905,2,0,2
291070906,6,1,7
291079601,1,0,1
291099603,1,0,1
291099702,11,8,19
291099703,1,0,1
291099704,4,2,6
291099705,2,0,2
291099706,9,4,13
291119701,1,0,1
291119702,1,0,1
291138102,3,1,4
291138103,11,3,14
291138104,1,1,2
291159902,1,0,1
291159903,2,1,3
291159904,4,2,6
291159905,2,0,2
291179801,3,0,3
291179802,3,1,4
291179803,8,4,12
291179804,2,2,4
291199702,0,1,1
291199703,1,0,1
291199704,2,1,3
291219801,1,0,1
291219802,0,2,2
291219804,6,4,10
291219805,2,1,3
291239602,6,3,9
291259801,0,1,1
291259803,0,1,1
291279601,11,11,22
291279602,1,1,2
291279603,3,1,4
291279604,8,12,20
291279606,2,2,4
291279608,0,1,1
291279609,12,19,31
291299702,1,0,1
291319501,3,0,3
291319502,1,0,1
291319825,2,0,2
291319826,1,1,2
291319827,0,1,1
291319828,3,0,3
291319829,8,1,9
291339502,2,0,2
291339504,2,1,3
291359851,2,1,3
291359852,2,1,3
291359854,1,1,2
291379601,1,0,1
291379602,1,0,1
291399701,2,0,2
291399702,4,0,4
291399703,2,0,2
291399704,0,3,3
291419601,1,0,1
291419701,1,2,3
291419702,2,0,2
291419703,2,0,2
291419705,3,5,8
291439601,2,1,3
291439603,2,0,2
291439606,2,0,2
291450109,1,0,1
291450201,11,7,18
291450202,5,2,7
291450203,1,0,1
291450204,0,3,3
291450205,46,75,121
291450206,5,9,14
291450207,2,1,3
291450208,1,0,1
291450210,1,0,1
291479702,3,0,3
291479703,12,6,18
291479704,3,1,4
291479705,2,5,7
291499801,0,1,1
291499802,2,1,3
291519801,1,0,1
291519802,0,1,1
291519903,1,0,1
291539701,2,0,2
291559702,4,1,5
291559704,5,2,7
291559706,1,0,1
291579703,6,3,9
291579704,5,1,6
291599801,0,1,1
291599802,4,4,8
291599803,1,3,4
291599805,1,4,5
291599807,8,6,14
291599808,1,1,2
291599809,1,3,4
291599810,8,9,17
291599811,1,0,1
291619901,3,1,4
291619902,2,0,2
291619903,5,4,9
291619904,17,17,34
291619905,1,4,5
291619907,9,3,12
291619908,0,5,5
291619909,14,8,22
291619910,7,6,13
291639601,4,5,9
291639602,2,1,3
291639604,1,1,2
291639605,3,0,3
291650300,8,11,19
291650301,23,25,48
291650302,34,48,82
291650303,14,28,42
291650304,6,6,12
291650305,3,5,8
291650306,2,2,4
291650307,3,3,6
291679601,7,8,15
291679602,13,13,26
291679603,1,0,1
291679604,4,3,7
291699602,0,1,1
291699701,3,3,6
291699702,11,7,18
291699703,7,5,12
291699704,9,4,13
291699705,5,2,7
291719602,1,2,3
291739701,0,1,1
291739702,3,1,4
291739703,1,0,1
291759901,0,1,1
291759903,12,5,17
291759904,4,3,7
291759905,2,3,5
291770800,3,2,5
291770801,0,1,1
291770802,8,2,10
291770803,0,1,1
291799801,1,1,2
291799802,3,1,4
291819701,1,0,1
291819703,5,1,6
291819704,1,0,1
291833102,2,1,3
291833103,2,4,6
291833105,17,40,57
291833106,3,7,10
291833107,1,4,5
291833108,7,3,10
291833109,13,6,19
291833110,9,6,15
291833111,57,53,110
291833112,17,11,28
291833113,4,3,7
291833114,22,41,63
291833115,0,1,1
291833116,2,0,2
291833117,24,15,39
291833118,5,5,10
291833119,39,27,66
291833120,5,2,7
291833121,9,5,14
291833122,5,7,12
291838201,1,0,1
291859504,0,1,1
291859801,3,1,4
291859803,6,1,7
291869901,1,0,1
291869902,7,2,9
291869903,3,0,3
291869904,0,2,2
291879501,2,1,3
291879503,3,1,4
291879504,2,3,5
291879506,1,1,2
291879507,8,8,16
291879508,13,3,16
291879509,25,39,64
291879510,1,0,1
291879511,4,0,4
291879904,1,0,1
291891041,1,1,2
291891051,2,6,8
291892101,2,2,4
291892103,0,1,1
291892105,4,0,4
291892106,2,0,2
291892107,0,3,3
291892108,27,64,91
291892109,15,5,20
291892110,4,3,7
291892111,3,8,11
291892112,30,27,57
291892113,25,8,33
291892114,5,0,5
291892116,0,3,3
291892117,2,2,4
291892118,2,1,3
291892119,1,0,1
291892121,0,1,1
291892122,3,0,3
291892123,3,5,8
291892125,3,1,4
291892126,1,1,2
291892131,39,56,95
291892132,11,15,26
291892133,3,0,3
291892134,1,2,3
291892135,0,3,3
291892136,1,0,1
291892137,1,4,5
291892138,1,0,1
291892142,0,2,2
291892143,1,3,4
291892144,1,1,2
291892145,2,0,2
291892146,3,1,4
291892147,0,1,1
291892148,1,0,1
291892150,28,50,78
291892151,49,77,126
291892152,337,604,941
291892153,81,214,295
291892154,36,87,123
291892155,36,57,93
291892156,11,11,22
291892157,3,9,12
291892158,32,91,123
291892159,7,8,15
291892161,14,35,49
291892162,28,72,100
291892163,21,29,50
291892164,39,101,140
291892165,16,93,109
291892166,18,31,49
291892167,4,21,25
291892168,77,65,142
291892169,1,3,4
291892170,8,9,17
291892172,4,2,6
291892173,16,27,43
291892174,24,41,65
291892175,30,65,95
291892176,38,134,172
291892177,96,280,376
291892178,136,167,303
291892179,51,79,130
291892180,72,125,197
291892181,16,15,31
291892182,9,16,25
291892183,10,18,28
291892184,25,43,68
291892185,11,21,32
291892186,5,12,17
291892187,2,7,9
291892188,15,33,48
291892189,6,15,21
291892191,8,14,22
291892192,5,15,20
291892193,6,10,16
291892194,24,31,55
291892195,23,36,59
291892196,25,34,59
291892197,5,5,10
291892198,13,12,25
291892199,0,2,2
291892200,1,11,12
291892201,2,1,3
291892203,0,8,8
291892204,22,31,53
291892205,7,7,14
291892206,3,9,12
291892207,3,4,7
291892208,24,45,69
291892209,1,3,4
291892210,2,8,10
291892211,5,18,23
291892212,69,149,218
291892213,47,44,91
291892214,25,40,65
291892215,17,24,41
291892216,88,164,252
291892218,4,1,5
291897002,9,7,16
291959802,1,0,1
291959902,9,2,11
291959903,2,0,2
291959904,6,3,9
291959905,4,1,5
291959906,1,0,1
291979701,1,0,1
291979702,1,0,1
291999602,1,0,1
291999802,4,1,5
292019601,1,1,2
292019802,3,2,5
292019804,0,1,1
292019807,1,0,1
292019812,17,20,37
292019813,8,7,15
292039701,0,1,1
292039702,1,1,2
292039802,0,1,1
292059502,1,2,3
292059503,0,1,1
292079701,2,1,3
292079702,1,1,2
292079703,3,0,3
292079705,7,1,8
292079706,6,0,6
292079708,1,0,1
292099801,1,0,1
292099901,2,0,2
292099902,0,2,2
292099903,5,4,9
292099904,2,6,8
292099905,2,0,2
292119801,1,0,1
292119803,1,1,2
292119901,1,0,1
292139801,29,41,70
292139802,1,1,2
292139803,2,1,3
292139804,6,2,8
292139805,8,5,13
292159801,3,3,6
292159802,2,0,2
292159803,7,4,11
292159804,2,1,3
292179503,7,4,11
292179504,9,6,15
292179505,0,1,1
292198201,5,4,9
292198202,2,3,5
292199601,0,1,1
292219601,1,0,1
292219602,0,1,1
292219603,4,0,4
292219604,1,0,1
292239902,1,0,1
292239903,5,0,5
292250038,0,1,1
292250046,0,1,1
292250047,1,2,3
292250204,1,1,2
292259701,2,0,2
292259702,4,3,7
292259703,3,0,3
292259704,2,0,2
292299901,0,1,1
292299904,10,0,10
295101011,0,1,1
295101012,3,1,4
295101013,4,15,19
295101014,0,2,2
295101018,4,2,6
295101021,1,1,2
295101022,7,15,22
295101023,2,0,2
295101025,1,0,1
295101031,17,12,29
295101034,1,2,3
295101036,2,6,8
295101037,3,8,11
295101038,7,9,16
295101039,1,1,2
295101041,2,13,15
295101042,5,8,13
295101045,14,25,39
295101051,18,23,41
295101052,16,32,48
295101053,9,2,11
295101055,2,1,3
295101064,1,1,2
295101065,5,2,7
295101067,0,2,2
295101071,4,1,5
295101073,1,0,1
295101077,0,2,2
295101096,0,1,1
295101101,1,0,1
295101105,1,0,1
295101113,1,1,2
295101121,26,58,84
295101122,3,4,7
295101123,1,0,1
295101124,112,366,478
295101131,6,12,18
295101134,1,0,1
295101135,3,3,6
295101141,10,27,37
295101142,9,7,16
295101143,7,17,24
295101151,1,2,3
295101153,0,1,1
295101154,1,1,2
295101155,2,1,3
295101156,1,2,3
295101157,2,2,4
295101161,2,3,5
295101162,5,9,14
295101163,7,11,18
295101164,2,0,2
295101165,4,3,7
295101171,13,73,86
295101172,5,13,18
295101173,4,21,25
295101174,8,19,27
295101181,5,1,6
295101184,1,1,2
295101185,113,341,454
295101186,110,531,641
295101191,82,153,235
295101192,14,21,35
295101193,19,56,75
295101203,0,1,1
295101211,0,2,2
295101214,1,3,4
295101221,1,12,13
295101222,1,0,1
295101224,1,2,3
295101231,0,3,3
295101232,5,15,20
295101233,5,6,11
295101234,4,9,13
295101235,1,2,3
295101241,6,5,11
295101242,1,1,2
295101243,5,1,6
295101246,1,0,1
295101255,11,21,32
295101256,7,19,26
295101257,2,3,5
295101266,3,0,3
300010001,1,0,1
300010002,3,2,5
300010003,7,3,10
300030001,12,2,14
300039406,4,2,6
300050002,2,0,2
300059401,4,1,5
300070001,2,2,4
300070002,4,2,6
300090001,1,0,1
300090004,7,7,14
300130002,1,0,1
300130003,1,2,3
300130004,0,2,2
300130006,19,21,40
300130007,2,0,2
300130009,1,1,2
300130010,3,7,10
300130011,1,0,1
300130012,0,2,2
300130016,0,2,2
300130017,1,1,2
300130018,3,1,4
300130019,5,3,8
300130021,30,46,76
300130022,14,30,44
300130023,11,39,50
300130104,1,1,2
300130106,4,8,12
300130107,2,3,5
300150102,1,0,1
300179613,0,1,1
300179616,12,2,14
300179618,1,1,2
300179619,6,3,9
300190201,1,0,1
300210001,1,0,1
300210002,1,1,2
300210003,8,2,10
300230001,2,5,7
300230003,1,1,2
300230004,8,7,15
300250001,2,0,2
300270301,3,3,6
300270302,12,5,17
300290001,3,12,15
300290002,8,2,10
300290003,5,13,18
300290004,31,25,56
300290005,0,10,10
300290006,3,16,19
300290008,7,20,27
300290009,31,83,114
300290010,1,2,3
300290011,7,1,8
300290012,6,3,9
300290013,7,16,23
300290014,5,4,9
300310001,9,13,22
300310002,5,2,7
300310004,2,2,4
300310005,20,41,61
300310006,0,2,2
300310007,7,13,20
300310008,5,4,9
300310009,4,4,8
300310010,55,62,117
300310011,4,5,9
300310012,3,9,12
300310013,7,14,21
300359401,7,3,10
300359760,3,1,4
300359763,4,0,4
300370001,1,0,1
300399917,2,0,2
300410402,0,2,2
300410403,0,2,2
300410404,12,10,22
300410405,3,1,4
300419402,1,0,1
300430012,0,1,1
300439822,14,13,27
300439823,1,2,3
300470001,0,1,1
300470002,0,1,1
300479402,1,1,2
300479403,19,14,33
300479405,9,1,10
300479406,4,1,5
300479407,2,0,2
300490002,1,0,1
300490003,0,2,2
300490004,3,18,21
300490005,7,6,13
300490006,6,12,18
300490007,9,14,23
300490008,9,11,20
300490009,7,5,12
300490010,6,7,13
300490011,29,37,66
300490012,2,5,7
300510501,4,1,5
300530001,3,2,5
300530002,8,5,13
300530003,1,1,2
300530004,8,1,9
300530005,2,3,5
300570001,2,2,4
300570002,2,2,4
300570003,2,2,4
300590001,1,0,1
300610009,1,1,2
300619945,2,1,3
300630001,16,27,43
300630002,12,34,46
300630003,24,56,80
300630004,7,3,10
300630005,8,16,24
300630007,1,2,3
300630008,0,5,5
300630009,30,46,76
300630010,1,3,4
300630011,1,1,2
300630012,8,29,37
300630013,17,39,56
300630014,10,26,36
300630015,2,4,6
300630016,4,9,13
300630017,1,6,7
300639407,0,2,2
300650002,1,2,3
300670001,1,2,3
300670002,2,1,3
300670003,1,2,3
300670004,18,6,24
300710601,1,0,1
300739770,6,0,6
300739771,1,0,1
300770001,2,1,3
300770002,7,2,9
300790001,1,0,1
300799613,1,0,1
300810001,3,4,7
300810002,10,8,18
300810003,2,4,6
300810004,3,5,8
300810005,11,16,27
300810006,8,5,13
300810008,2,1,3
300830703,6,5,11
300830704,1,3,4
300859402,1,1,2
300859404,3,0,3
300870003,2,1,3
300879404,3,1,4
300879635,1,0,1
300890001,6,3,9
300890002,2,1,3
300910902,1,0,1
300930001,7,7,14
300930002,14,17,31
300930003,0,1,1
300930004,1,0,1
300930005,3,2,5
300930006,1,5,6
300930007,2,7,9
300930008,9,4,13
300959663,0,1,1
300959670,0,1,1
300959964,2,1,3
300959965,1,0,1
300979670,4,0,4
300990001,2,0,2
301010002,7,2,9
301039635,1,0,1
301051001,0,1,1
301051002,1,1,2
301051003,5,4,9
301051004,1,0,1
301070001,2,0,2
301110002,2,16,18
301110003,39,75,114
301110004,46,108,154
301110005,5,6,11
301110006,5,15,20
301110007,14,9,23
301110009,1,3,4
301110010,0,3,3
301110011,3,0,3
301110012,6,8,14
301110013,9,25,34
301110014,8,35,43
301110015,1,0,1
301110016,3,9,12
301110017,18,14,32
301110018,47,74,121
301110019,6,0,6
310019654,0,10,10
310019655,18,12,30
310019656,5,3,8
310019657,5,13,18
310019658,0,1,1
310019659,4,6,10
310019660,2,1,3
310019662,0,1,1
310039797,3,1,4
310039798,1,0,1
310079540,0,1,1
310119801,2,0,2
310119802,6,0,6
310139511,1,0,1
310139512,6,1,7
310139513,0,2,2
310159758,5,0,5
310179746,1,0,1
310179750,1,1,2
310199690,1,3,4
310199691,1,0,1
310199692,43,48,91
310199694,7,31,38
310199695,2,4,6
310199696,1,1,2
310199697,1,2,3
310219832,3,0,3
310219833,1,0,1
310239876,1,0,1
310239877,7,0,7
310239878,1,0,1
310259885,1,0,1
310259956,1,2,3
310259957,3,3,6
310259958,1,1,2
310259959,0,1,1
310259960,2,2,4
310259961,5,0,5
310279771,2,1,3
310279772,1,0,1
310299619,2,1,3
310319558,4,2,6
310339549,4,1,5
310339550,4,1,5
310359921,1,0,1
310379846,1,0,1
310379848,3,1,4
310399827,1,0,1
310399828,3,1,4
310419713,0,1,1
310419717,1,0,1
310419718,2,0,2
310419719,9,0,9
310419720,1,0,1
310430101,0,1,1
310430102,1,0,1
310430103,3,0,3
310459506,2,0,2
310459507,10,1,11
310479682,4,3,7
310479683,2,1,3
310479684,3,1,4
310479685,4,1,5
310479686,1,0,1
310499554,1,1,2
310519776,1,0,1
310519777,0,1,1
310539836,2,0,2
310539837,1,0,1
310539838,15,12,27
310539839,1,4,5
310539840,6,3,9
310539841,3,4,7
310539843,4,0,4
310539844,0,2,2
310550002,5,0,5
310550005,1,3,4
310550011,3,0,3
310550016,107,158,265
310550018,7,21,28
310550019,1,1,2
310550021,0,1,1
310550023,1,1,2
310550024,1,0,1
310550028,1,0,1
310550031,4,0,4
310550032,5,0,5
310550034,2,1,3
310550035,11,8,19
310550036,4,7,11
310550037,7,8,15
310550038,11,23,34
310550040,2,1,3
310550042,0,2,2
310550043,15,23,38
310550044,131,343,474
310550045,10,10,20
310550046,7,20,27
310550047,20,52,72
310550048,9,11,20
310550049,0,4,4
310550050,6,24,30
310550051,2,19,21
310550054,0,1,1
310550055,22,20,42
310550056,4,0,4
310550057,0,1,1
310550058,1,3,4
310550059,1,0,1
310550062,1,0,1
310550063,3,1,4
310550064,5,6,11
310550065,11,14,25
310550066,23,39,62
310550067,92,228,320
310550068,66,141,207
310550069,44,51,95
310550070,16,12,28
310550071,1,1,2
310550073,52,116,168
310550074,318,451,769
310550075,61,110,171
310550503,0,1,1
310579623,3,0,3
310599917,5,0,5
310619647,3,0,3
310659676,3,0,3
310679946,1,1,2
310679948,3,1,4
310679949,12,1,13
310679950,8,1,9
310679952,1,0,1
310690003,0,1,1
310699521,0,1,1
310719732,2,0,2
310739676,1,0,1
310790001,1,1,2
310790002,1,0,1
310790003,1,2,3
310790004,1,1,2
310790005,3,5,8
310790006,4,11,15
310790007,11,27,38
310790008,16,10,26
310790009,2,2,4
310790010,4,2,6
310790011,2,0,2
310790012,8,15,23
310790013,0,2,2
310819891,0,1,1
310819892,1,2,3
310819893,10,1,11
310839642,2,0,2
310899740,3,0,3
310899742,3,1,4
310899743,6,2,8
310919567,2,0,2
310939706,4,0,4
310959936,1,0,1
310959937,4,0,4
310979976,4,0,4
310999666,1,0,1
310999667,5,0,5
311010002,7,2,9
311059545,1,0,1
311079671,1,0,1
311079761,1,0,1
311079762,4,0,4
311079763,1,0,1
311090002,1,0,1
311090004,3,0,3
311090005,1,4,5
311090006,1,0,1
311090007,0,1,1
311090008,0,1,1
311090009,1,7,8
311090010,1,1,2
311090012,11,9,20
311090013,33,50,83
311090014,38,10,48
311090015,16,50,66
311090017,2,1,3
311090018,1,1,2
311090019,2,2,4
311090020,1,0,1
311090022,5,20,25
311090023,3,3,6
311090024,8,13,21
311090025,1,0,1
311090027,7,6,13
311090028,2,5,7
311090029,2,0,2
311090030,5,3,8
311090036,24,35,59
311090037,122,200,322
311090038,28,43,71
311090101,6,7,13
311090102,1,1,2
311090104,6,10,16
311119597,3,7,10
311119602,2,1,3
311119603,2,3,5
311119604,2,5,7
311119605,22,31,53
311119606,5,7,12
311199798,0,1,1
311199806,0,2,2
311199807,3,0,3
311199808,27,36,63
311199809,3,5,8
311199810,2,3,5
311199812,2,2,4
311219868,4,0,4
311239525,3,0,3
311259861,1,0,1
311279982,6,3,9
311299927,5,1,6
311319960,1,0,1
311319967,2,0,2
311319968,1,0,1
311319969,9,1,10
311339978,2,0,2
311350002,1,0,1
311359593,4,0,4
311379670,3,1,4
311379671,7,0,7
311379672,2,0,2
311399791,3,1,4
311399792,4,0,4
311419853,8,8,16
311419854,5,1,6
311419855,2,2,4
311419856,9,3,12
311439872,1,0,1
311459632,4,1,5
311459633,7,2,9
311479986,5,0,5
311499746,1,0,1
311510103,1,0,1
311519906,6,0,6
311519907,2,0,2
311519909,2,1,3
311530101,14,13,27
311530102,47,28,75
311530103,2,0,2
311530104,0,1,1
311530105,5,2,7
311530106,90,78,168
311530107,4,6,10
311559881,2,1,3
311559882,1,1,2
311559883,4,1,5
311559884,1,3,4
311559885,1,0,1
311579529,1,3,4
311579530,1,3,4
311579531,1,0,1
311579532,0,3,3
311579533,3,8,11
311579534,22,39,61
311579535,3,5,8
311579537,0,1,1
311579538,3,0,3
311579539,3,1,4
311599901,3,1,4
311599903,8,1,9
311599904,2,0,2
311619516,5,2,7
311639701,1,1,2
311659501,1,0,1
311679821,0,1,1
311679822,3,1,4
311699932,5,0,5
311739401,5,2,7
311739402,4,0,4
311759714,2,2,4
311770501,10,2,12
311770502,2,7,9
311770503,0,2,2
311799786,0,2,2
311799787,4,1,5
311819651,3,0,3
311859897,8,2,10
311859898,0,2,2
311859899,3,1,4
320019502,6,1,7
320019503,10,6,16
320019504,1,0,1
320019505,1,0,1
320019506,3,1,4
320030001,12,8,20
320030002,83,203,286
320030003,3,2,5
320030004,2,0,2
320030005,10,7,17
320030007,8,1,9
320030008,1,0,1
320030009,1,1,2
320030010,94,169,263
320030011,0,2,2
320030012,6,2,8
320030013,1,1,2
320030014,8,0,8
320030015,0,2,2
320030016,1,1,2
320030017,35,64,99
320030018,6,21,27
320030019,34,76,110
320030020,28,56,84
320030022,1,2,3
320030023,10,18,28
320030024,4,5,9
320030025,38,45,83
320030026,4,9,13
320030027,16,16,32
320030028,83,63,146
320030029,182,235,417
320030030,6,11,17
320030031,4,20,24
320030032,284,364,648
320030033,48,66,114
320030034,93,138,231
320030035,25,9,34
320030036,46,60,106
320030037,0,1,1
320030038,15,14,29
320030040,7,2,9
320030041,1,0,1
320030043,2,1,3
320030045,0,1,1
320030047,1,2,3
320030049,15,6,21
320030050,5,8,13
320030051,27,58,85
320030052,6,9,15
320030053,190,282,472
320030054,15,31,46
320030055,8,9,17
320030056,8,6,14
320030057,70,145,215
320030058,250,363,613
320030059,6,10,16
320030060,13,13,26
320030061,7,6,13
320030062,1,1,2
320039405,1,0,1
320050001,20,18,38
320050002,10,15,25
320050003,13,27,40
320050005,7,4,11
320079403,2,0,2
320079506,1,1,2
320079507,9,4,13
320079508,4,2,6
320079509,1,1,2
320079510,9,6,15
320079512,3,10,13
320079513,0,2,2
320079514,3,4,7
320079515,2,0,2
320079516,0,1,1
320110001,1,0,1
320130105,1,1,2
320130107,9,1,10
320150002,4,0,4
320179502,2,0,2
320190006,1,0,1
320199601,6,1,7
320199602,0,1,1
320199603,2,2,4
320199607,3,0,3
320199608,2,3,5
320219705,5,0,5
320239801,2,0,2
320239802,3,3,6
320239804,16,12,28
320279801,3,0,3
320290010,1,2,3
320290022,3,2,5
320299701,0,1,1
320310001,25,85,110
320310002,1,2,3
320310003,4,36,40
320310004,10,15,25
320310007,92,133,225
320310009,0,1,1
320310010,87,239,326
320310011,62,124,186
320310012,6,6,12
320310013,18,9,27
320310014,2,1,3
320310015,40,22,62
320310017,1,2,3
320310019,3,1,4
320310021,13,24,37
320310022,43,62,105
320310023,11,19,30
320310024,25,28,53
320310025,6,3,9
320310026,3,7,10
320310027,1,0,1
320310028,4,6,10
320310029,2,2,4
320310030,2,0,2
320310031,29,21,50
320310032,20,32,52
320310033,14,27,41
320310035,26,18,44
320339701,2,0,2
320339702,2,2,4
320339703,5,3,8
325100001,5,47,52
325100002,33,15,48
325100003,12,26,38
325100004,3,5,8
325100005,3,2,5
325100006,4,3,7
325100007,0,2,2
325100008,3,3,6
325100010,1,1,2
330019651,2,5,7
330019652,1,3,4
330019653,4,6,10
330019654,2,2,4
330019655,2,0,2
330019656,2,3,5
330019658,3,1,4
330019659,18,32,50
330019660,14,16,30
330019661,1,6,7
330019662,3,10,13
330019664,8,27,35
330019665,1,2,3
330039551,2,12,14
330039553,17,18,35
330039554,3,3,6
330039555,2,3,5
330039556,4,8,12
330039558,3,2,5
330039559,2,0,2
330039560,5,2,7
330039561,19,28,47
330039563,1,3,4
330039564,3,6,9
330059701,2,1,3
330059702,7,5,12
330059704,6,5,11
330059705,8,6,14
330059706,3,3,6
330059707,2,2,4
330059708,0,2,2
330059709,4,5,9
330059710,34,49,83
330059711,2,10,12
330059713,1,7,8
330059714,11,14,25
330059715,5,10,15
330059716,2,0,2
330059717,0,1,1
330079502,9,4,13
330079503,6,2,8
330079504,2,0,2
330079505,10,10,20
330079506,5,11,16
330079507,2,0,2
330079508,6,2,8
330079509,7,9,16
330079510,2,6,8
330079511,4,3,7
330099601,17,19,36
330099602,6,8,14
330099603,4,5,9
330099604,3,4,7
330099605,1,0,1
330099606,11,2,13
330099607,1,4,5
330099608,4,5,9
330099609,11,21,32
330099610,14,11,25
330099611,2,1,3
330099612,4,3,7
330099613,1,0,1
330099614,4,5,9
330099615,8,13,21
330099616,66,195,261
330099617,158,532,690
330099618,40,57,97
330110001,14,18,32
330110002,7,5,12
330110003,1,0,1
330110004,1,0,1
330110005,12,14,26
330110006,9,5,14
330110007,2,2,4
330110008,0,2,2
330110009,39,25,64
330110010,0,1,1
330110011,7,7,14
330110012,1,2,3
330110013,0,1,1
330110014,1,1,2
330110016,1,1,2
330110017,13,43,56
330110018,1,0,1
330110020,1,0,1
330110021,1,37,38
330110023,3,4,7
330110025,1,4,5
330110026,2,6,8
330110027,7,5,12
330110028,0,3,3
330110029,84,113,197
330110030,1,0,1
330110101,3,6,9
330110102,7,9,16
330110103,10,8,18
330110104,2,9,11
330110105,0,5,5
330110106,1,10,11
330110107,38,47,85
330110108,2,5,7
330110109,16,27,43
330110110,6,1,7
330110111,10,6,16
330110112,17,19,36
330110113,2,1,3
330110114,13,10,23
330110115,12,16,28
330110121,10,1,11
330110122,2,1,3
330110123,3,3,6
330110131,2,1,3
330110141,17,5,22
330110142,0,7,7
330110143,7,2,9
330110151,10,20,30
330110152,13,6,19
330110161,3,0,3
330110162,13,6,19
330110171,19,31,50
330110180,1,3,4
330110185,1,1,2
330110190,5,2,7
330110195,1,5,6
330110200,6,3,9
330110210,2,3,5
330110215,3,2,5
330110220,3,2,5
330110225,4,5,9
330110230,26,27,53
330110240,1,4,5
330110250,2,2,4
330110255,4,1,5
330112001,0,2,2
330112003,1,0,1
330130030,15,16,31
330130032,9,2,11
330130300,0,5,5
330130310,26,26,52
330130321,6,14,20
330130322,2,1,3
330130323,1,10,11
330130324,17,20,37
330130325,103,106,209
330130326,1,10,11
330130327,10,4,14
330130328,10,10,20
330130329,5,10,15
330130330,0,1,1
330130340,3,0,3
330130350,4,0,4
330130360,1,1,2
330130370,2,3,5
330130380,1,0,1
330130385,2,5,7
330130390,20,30,50
330130400,3,1,4
330130405,8,4,12
330130410,20,21,41
330130415,1,3,4
330130425,4,5,9
330130430,7,9,16
330130440,1,1,2
330150033,21,9,30
330150034,0,1,1
330150035,8,9,17
330150036,6,3,9
330150037,20,13,33
330150038,11,6,17
330150039,2,0,2
330150040,0,5,5
330150500,5,3,8
330150510,3,4,7
330150520,1,0,1
330150530,1,0,1
330150550,5,1,6
330150560,0,1,1
330150570,2,0,2
330150580,1,1,2
330150590,2,0,2
330150600,7,7,14
330150610,63,71,134
330150620,1,3,4
330150625,2,3,5
330150630,2,2,4
330150640,4,2,6
330150650,10,16,26
330150660,7,4,11
330150670,10,24,34
330150675,11,11,22
330150685,7,19,26
330150691,8,13,21
330150692,2,3,5
330150693,2,2,4
330150695,28,57,85
330150696,5,11,16
330150697,9,26,35
330150710,15,24,39
330151001,4,4,8
330151002,4,2,6
330151003,9,12,21
330151004,1,1,2
330151011,3,5,8
330151021,1,0,1
330151031,1,5,6
330151041,6,8,14
330151051,4,1,5
330151061,13,14,27
330170801,8,12,20
330170802,13,12,25
330170805,9,13,22
330170811,2,5,7
330170812,8,11,19
330170813,4,7,11
330170814,0,4,4
330170815,36,25,61
330170816,10,10,20
330170820,1,4,5
330170830,8,20,28
330170841,8,5,13
330170842,0,1,1
330170843,13,18,31
330170844,1,1,2
330170845,2,2,4
330170846,4,1,5
330170850,0,6,6
330170860,1,1,2
330170870,3,0,3
330170880,2,1,3
330170885,0,3,3
330199751,10,24,34
330199752,8,27,35
330199753,1,4,5
330199754,7,3,10
330199755,2,2,4
330199756,0,1,1
330199757,4,0,4
330199758,4,2,6
330199759,10,17,27
340010002,2,2,4
340010004,1,6,7
340010005,0,1,1
340010013,1,0,1
340010019,1,0,1
340010023,4,3,7
340010024,73,34,107
340010025,0,1,1
340010101,12,10,22
340010102,8,4,12
340010103,1,2,3
340010104,25,28,53
340010105,25,36,61
340010106,1,0,1
340010107,1,1,2
340010108,4,4,8
340010109,21,16,37
340010110,1,2,3
340010113,2,0,2
340010114,14,19,33
340010115,1,3,4
340010116,1,2,3
340010117,10,11,21
340010118,33,43,76
340010119,0,1,1
340010120,2,0,2
340010121,3,1,4
340010123,8,27,35
340010124,10,13,23
340010125,22,43,65
340010126,15,36,51
340010127,2,6,8
340010128,27,52,79
340010129,5,2,7
340010130,16,17,33
340010131,7,14,21
340010132,3,11,14
340010133,7,12,19
340030010,8,20,28
340030021,10,32,42
340030022,8,7,15
340030023,14,30,44
340030031,2,1,3
340030032,4,4,8
340030033,13,7,20
340030034,11,24,35
340030035,1,2,3
340030040,4,5,9
340030050,3,4,7
340030061,3,10,13
340030062,24,61,85
340030063,5,7,12
340030070,40,66,106
340030080,22,59,81
340030091,21,45,66
340030092,9,23,32
340030101,4,5,9
340030102,2,5,7
340030103,6,12,18
340030111,8,4,12
340030112,4,1,5
340030113,4,5,9
340030114,1,1,2
340030120,9,8,17
340030130,18,54,72
340030140,16,39,55
340030151,17,83,100
340030152,29,38,67
340030153,1,0,1
340030154,55,110,165
340030155,26,91,117
340030160,50,103,153
340030171,17,18,35
340030172,16,14,30
340030173,14,10,24
340030174,17,17,34
340030175,11,29,40
340030181,4,1,5
340030182,1,4,5
340030191,30,70,100
340030192,14,48,62
340030193,77,107,184
340030201,8,20,28
340030202,32,88,120
340030211,2,1,3
340030212,1,1,2
340030214,0,2,2
340030215,3,1,4
340030216,1,1,2
340030221,7,16,23
340030222,14,21,35
340030231,6,7,13
340030232,10,14,24
340030233,13,32,45
340030234,49,143,192
340030235,33,27,60
340030236,2,3,5
340030241,18,39,57
340030242,17,16,33
340030251,6,9,15
340030252,7,7,14
340030261,4,3,7
340030262,12,14,26
340030270,10,30,40
340030280,31,32,63
340030291,2,1,3
340030292,5,2,7
340030301,2,2,4
340030302,2,2,4
340030303,4,1,5
340030304,4,1,5
340030311,5,2,7
340030312,3,3,6
340030313,3,4,7
340030314,3,5,8
340030321,15,33,48
340030322,21,23,44
340030331,4,4,8
340030332,5,3,8
340030333,2,4,6
340030340,20,32,52
340030351,19,24,43
340030352,28,43,71
340030361,0,8,8
340030362,2,2,4
340030371,11,6,17
340030372,11,16,27
340030381,1,1,2
340030382,8,7,15
340030383,5,0,5
340030391,4,14,18
340030392,7,5,12
340030393,11,9,20
340030400,40,46,86
340030411,3,2,5
340030412,7,9,16
340030413,8,10,18
340030421,31,32,63
340030423,39,92,131
340030424,14,39,53
340030425,15,50,65
340030430,16,26,42
340030441,6,11,17
340030442,15,19,34
340030451,3,10,13
340030452,3,3,6
340030461,1,5,6
340030462,2,1,3
340030463,6,5,11
340030471,28,60,88
340030472,16,23,39
340030473,9,27,36
340030474,25,75,100
340030475,15,49,64
340030481,10,26,36
340030482,16,10,26
340030490,21,43,64
340030500,7,9,16
340030511,6,8,14
340030512,6,2,8
340030513,13,17,30
340030514,8,4,12
340030521,6,5,11
340030522,9,14,23
340030531,17,48,65
340030532,31,66,97
340030541,15,24,39
340030542,12,8,20
340030543,45,107,152
340030544,15,31,46
340030545,45,86,131
340030546,24,28,52
340030551,54,144,198
340030552,48,55,103
340030561,1,0,1
340030562,4,5,9
340030571,11,5,16
340030572,0,1,1
340030581,4,13,17
340030582,5,7,12
340030591,18,32,50
340030592,4,3,7
340030600,8,3,11
340030611,11,17,28
340030612,14,12,26
340030613,21,20,41
340030614,10,20,30
340057001,8,6,14
340057002,4,11,15
340057003,18,17,35
340057004,6,16,22
340057005,132,293,425
340057006,12,8,20
340057007,4,2,6
340057008,2,7,9
340057009,0,3,3
340057010,3,1,4
340057011,12,10,22
340057012,1,0,1
340057013,6,5,11
340057014,15,12,27
340057015,7,6,13
340057017,3,0,3
340057018,4,4,8
340057019,1,0,1
340057021,6,3,9
340057022,11,32,43
340057023,1,0,1
340057024,2,5,7
340057025,2,5,7
340057026,4,23,27
340057027,9,19,28
340057028,29,28,57
340057029,84,169,253
340057030,10,23,33
340057031,32,46,78
340057032,5,10,15
340057033,1,1,2
340057036,4,6,10
340057037,8,10,18
340057038,60,110,170
340057039,2,6,8
340057040,97,170,267
340057041,2,0,2
340070109,0,1,1
340075012,6,7,13
340076001,3,0,3
340076002,0,1,1
340076003,85,180,265
340076004,1,0,1
340076005,0,3,3
340076006,2,1,3
340076008,0,1,1
340076010,0,1,1
340076011,1,0,1
340076012,0,1,1
340076013,3,1,4
340076014,2,17,19
340076015,1,4,5
340076016,3,0,3
340076017,1,0,1
340076019,0,1,1
340076020,1,0,1
340076025,8,3,11
340076026,1,2,3
340076027,5,1,6
340076029,4,6,10
340076030,5,1,6
340076031,9,10,19
340076032,9,35,44
340076033,40,90,130
340076034,21,30,51
340076035,169,348,517
340076036,48,64,112
340076037,13,20,33
340076038,4,14,18
340076039,10,11,21
340076040,1,2,3
340076042,4,8,12
340076043,7,11,18
340076044,3,13,16
340076045,8,2,10
340076046,2,1,3
340076047,1,0,1
340076049,1,0,1
340076050,2,0,2
340076051,2,0,2
340076055,0,1,1
340076056,4,4,8
340076057,4,3,7
340076058,4,3,7
340076059,3,19,22
340076060,8,21,29
340076061,13,25,38
340076062,27,34,61
340076063,7,20,27
340076064,21,50,71
340076065,4,1,5
340076066,1,4,5
340076067,2,5,7
340076068,2,0,2
340076069,1,1,2
340076070,1,1,2
340076071,0,2,2
340076072,3,2,5
340076073,1,1,2
340076074,1,1,2
340076075,188,332,520
340076076,4,9,13
340076077,5,2,7
340076078,2,3,5
340076080,10,29,39
340076082,23,18,41
340076083,7,6,13
340076084,8,14,22
340076085,3,5,8
340076086,3,4,7
340076087,10,11,21
340076088,2,2,4
340076089,5,1,6
340076090,0,1,1
340076091,8,11,19
340076092,14,17,31
340090201,8,6,14
340090202,13,19,32
340090203,10,28,38
340090204,2,1,3
340090205,1,1,2
340090206,1,4,5
340090207,2,4,6
340090208,5,4,9
340090209,12,13,25
340090210,1,5,6
340090211,17,31,48
340090212,2,2,4
340090213,5,2,7
340090214,2,3,5
340090215,2,0,2
340090216,1,0,1
340090217,2,1,3
340090218,4,0,4
340090219,2,5,7
340090220,2,2,4
340110101,1,0,1
340110103,0,2,2
340110104,3,2,5
340110105,1,1,2
340110106,3,5,8
340110107,11,4,15
340110202,1,0,1
340110204,6,9,15
340110205,1,0,1
340110206,4,4,8
340110301,10,1,11
340110302,1,0,1
340110303,1,0,1
340110304,6,10,16
340110305,1,2,3
340110401,2,6,8
340110402,0,3,3
340110403,14,11,25
340110404,1,1,2
340110405,0,2,2
340110406,3,9,12
340110407,16,16,32
340110408,18,18,36
340110409,2,5,7
340110410,9,23,32
340130001,2,0,2
340130002,2,0,2
340130004,1,1,2
340130006,3,3,6
340130007,2,0,2
340130008,3,0,3
340130010,0,1,1
340130011,3,3,6
340130015,1,4,5
340130017,1,1,2
340130020,2,0,2
340130021,2,0,2
340130022,5,0,5
340130023,1,1,2
340130026,2,0,2
340130029,0,3,3
340130035,0,1,1
340130037,1,0,1
340130038,0,1,1
340130041,2,0,2
340130042,1,0,1
340130046,93,81,174
340130047,6,4,10
340130048,0,1,1
340130049,3,4,7
340130052,1,0,1
340130057,1,0,1
340130064,5,6,11
340130067,1,0,1
340130068,3,0,3
340130069,4,1,5
340130070,2,0,2
340130071,2,0,2
340130073,2,1,3
340130074,3,0,3
340130075,3,1,4
340130076,3,2,5
340130077,4,5,9
340130078,1,2,3
340130079,11,3,14
340130080,3,8,11
340130081,5,2,7
340130082,112,229,341
340130085,10,20,30
340130086,1,12,13
340130087,2,2,4
340130090,1,2,3
340130091,1,0,1
340130092,1,0,1
340130093,1,1,2
340130094,7,5,12
340130095,13,8,21
340130096,1,0,1
340130097,2,0,2
340130098,1,0,1
340130099,1,0,1
340130100,1,1,2
340130101,3,1,4
340130102,0,2,2
340130103,0,1,1
340130104,2,2,4
340130105,4,3,7
340130106,1,2,3
340130107,0,1,1
340130109,2,3,5
340130111,10,4,14
340130113,2,0,2
340130114,17,17,34
340130115,0,2,2
340130116,0,3,3
340130117,3,0,3
340130118,1,0,1
340130119,2,2,4
340130120,6,1,7
340130121,1,0,1
340130122,2,1,3
340130123,4,1,5
340130124,2,1,3
340130127,1,1,2
340130129,9,8,17
340130130,2,1,3
340130132,1,1,2
340130133,1,1,2
340130134,11,15,26
340130135,10,11,21
340130136,12,13,25
340130137,8,2,10
340130138,4,2,6
340130139,23,4,27
340130140,6,1,7
340130141,0,9,9
340130142,1,2,3
340130143,2,0,2
340130144,4,2,6
340130145,3,5,8
340130146,4,5,9
340130147,24,59,83
340130148,6,8,14
340130149,9,1,10
340130150,6,6,12
340130151,2,3,5
340130152,2,4,6
340130153,10,7,17
340130154,8,19,27
340130155,2,1,3
340130156,11,8,19
340130157,2,2,4
340130158,1,6,7
340130159,7,5,12
340130160,24,69,93
340130161,8,22,30
340130162,11,25,36
340130163,8,19,27
340130164,10,23,33
340130165,17,16,33
340130166,11,9,20
340130167,11,18,29
340130168,28,35,63
340130169,6,21,27
340130170,9,16,25
340130171,2,4,6
340130172,4,3,7
340130173,67,129,196
340130174,22,37,59
340130175,33,58,91
340130176,0,1,1
340130177,1,3,4
340130178,2,6,8
340130179,4,6,10
340130180,25,51,76
340130182,3,1,4
340130183,0,1,1
340130186,3,7,10
340130187,2,4,6
340130188,1,7,8
340130189,1,0,1
340130190,27,35,62
340130191,16,18,34
340130192,8,16,24
340130193,51,34,85
340130194,6,15,21
340130195,5,17,22
340130196,7,7,14
340130197,3,3,6
340130198,15,20,35
340130199,10,11,21
340130200,33,81,114
340130201,28,90,118
340130202,37,67,104
340130203,18,25,43
340130204,22,39,61
340130205,33,80,113
340130206,98,202,300
340130207,8,31,39
340130208,31,90,121
340130209,31,66,97
340130210,31,13,44
340130211,12,24,36
340130212,3,10,13
340130213,22,34,56
340130214,9,18,27
340130216,42,63,105
340130217,16,12,28
340130218,20,34,54
340131244,1,0,1
340155001,3,0,3
340155002,34,28,62
340155004,2,2,4
340155005,2,1,3
340155006,10,7,17
340155007,9,11,20
340155008,6,3,9
340155009,3,0,3
340155010,28,43,71
340155011,19,29,48
340155012,64,79,143
340155013,2,7,9
340155014,9,7,16
340155015,2,3,5
340155016,11,15,26
340155017,3,4,7
340155018,1,1,2
340155019,0,2,2
340155020,29,44,73
340155021,7,8,15
340155022,13,15,28
340155023,3,0,3
340155024,3,3,6
340156082,0,1,1
340156083,0,1,1
340170001,3,6,9
340170002,0,1,1
340170004,1,1,2
340170005,4,1,5
340170006,13,10,23
340170007,0,2,2
340170008,2,2,4
340170009,10,13,23
340170010,1,3,4
340170011,2,6,8
340170012,12,3,15
340170013,3,5,8
340170014,11,31,42
340170015,2,3,5
340170016,22,36,58
340170017,2,1,3
340170018,1,1,2
340170019,13,15,28
340170020,7,16,23
340170021,2,3,5
340170022,1,3,4
340170023,0,1,1
340170024,2,4,6
340170025,10,25,35
340170026,5,24,29
340170027,1,1,2
340170028,3,4,7
340170029,9,5,14
340170030,4,5,9
340170031,6,4,10
340170032,1,8,9
340170034,5,1,6
340170035,4,3,7
340170036,8,8,16
340170037,3,6,9
340170038,10,15,25
340170039,11,16,27
340170040,1,0,1
340170041,7,8,15
340170042,1,10,11
340170043,2,0,2
340170044,1,0,1
340170045,5,2,7
340170046,0,1,1
340170047,3,1,4
340170048,2,1,3
340170049,1,2,3
340170052,0,1,1
340170053,2,0,2
340170054,9,9,18
340170055,1,0,1
340170056,1,2,3
340170058,9,6,15
340170059,17,9,26
340170060,1,0,1
340170061,2,3,5
340170062,1,3,4
340170063,1,1,2
340170101,3,8,11
340170102,0,4,4
340170103,2,1,3
340170104,7,12,19
340170105,16,12,28
340170106,10,10,20
340170107,6,11,17
340170108,1,2,3
340170109,0,1,1
340170110,1,2,3
340170111,2,0,2
340170112,9,8,17
340170113,0,2,2
340170114,0,2,2
340170115,2,0,2
340170116,3,0,3
340170123,1,0,1
340170124,6,8,14
340170125,1,4,5
340170126,1,2,3
340170127,2,0,2
340170128,0,1,1
340170129,1,3,4
340170131,1,0,1
340170132,1,2,3
340170136,1,1,2
340170137,0,1,1
340170138,2,0,2
340170139,3,3,6
340170140,4,5,9
340170141,7,25,32
340170142,2,3,5
340170143,8,3,11
340170144,2,7,9
340170145,4,4,8
340170146,1,0,1
340170147,3,2,5
340170148,5,1,6
340170149,0,1,1
340170150,12,15,27
340170151,1,3,4
340170152,9,19,28
340170153,1,0,1
340170155,0,1,1
340170156,1,1,2
340170157,7,14,21
340170158,13,16,29
340170159,2,1,3
340170160,2,0,2
340170161,2,0,2
340170162,8,7,15
340170163,1,4,5
340170164,2,3,5
340170165,2,1,3
340170166,2,1,3
340170167,1,1,2
340170168,2,1,3
340170169,4,4,8
340170170,1,2,3
340170171,2,4,6
340170172,6,4,10
340170173,1,4,5
340170176,1,0,1
340170177,0,1,1
340170178,3,4,7
340170179,2,12,14
340170180,3,5,8
340170181,5,2,7
340170182,4,9,13
340170183,1,11,12
340170184,4,10,14
340170185,6,4,10
340170186,1,2,3
340170187,12,16,28
340170188,5,14,19
340170189,2,4,6
340170190,12,14,26
340170191,14,7,21
340170192,6,10,16
340170193,4,8,12
340170194,7,14,21
340170195,7,12,19
340170196,22,19,41
340170197,9,7,16
340170324,5,1,6
340190101,16,30,46
340190102,10,8,18
340190104,6,10,16
340190105,7,2,9
340190106,10,4,14
340190107,9,6,15
340190108,4,7,11
340190109,1,1,2
340190110,20,29,49
340190111,10,15,25
340190112,12,21,33
340190113,97,98,195
340190114,12,4,16
340190115,1,2,3
340190116,7,7,14
340190117,4,5,9
340190118,2,6,8
340190119,11,6,17
340190536,3,1,4
340210003,0,1,1
340210004,1,0,1
340210005,1,1,2
340210006,6,10,16
340210007,1,1,2
340210009,1,8,9
340210011,2,0,2
340210012,3,1,4
340210013,1,0,1
340210014,6,15,21
340210015,3,1,4
340210017,14,20,34
340210021,2,0,2
340210025,1,2,3
340210026,0,1,1
340210027,7,10,17
340210028,0,1,1
340210029,10,16,26
340210030,59,78,137
340210031,4,2,6
340210032,45,78,123
340210033,32,74,106
340210035,10,6,16
340210036,9,3,12
340210037,21,32,53
340210038,20,39,59
340210039,43,60,103
340210040,21,38,59
340210041,9,28,37
340210042,95,209,304
340210043,132,181,313
340210044,36,38,74
340210084,0,1,1
340210086,0,2,2
340210534,2,2,4
340210539,0,2,2
340230001,2,3,5
340230002,4,1,5
340230003,1,1,2
340230004,29,14,43
340230005,9,1,10
340230006,75,103,178
340230007,17,18,35
340230008,0,2,2
340230009,12,23,35
340230010,15,21,36
340230011,20,34,54
340230012,16,14,30
340230013,10,21,31
340230014,215,306,521
340230015,34,42,76
340230016,4,5,9
340230017,3,9,12
340230018,15,25,40
340230019,17,29,46
340230020,16,21,37
340230021,21,21,42
340230022,4,12,16
340230023,4,4,8
340230024,9,18,27
340230025,6,7,13
340230026,32,13,45
340230027,12,13,25
340230028,2,3,5
340230029,5,3,8
340230030,30,19,49
340230031,2,8,10
340230032,7,5,12
340230033,4,1,5
340230035,2,0,2
340230036,1,3,4
340230037,4,2,6
340230038,1,5,6
340230039,1,2,3
340230040,1,1,2
340230041,2,4,6
340230042,42,7,49
340230044,4,2,6
340230045,0,2,2
340230046,0,1,1
340230047,0,1,1
340230049,13,4,17
340230050,1,1,2
340230051,86,66,152
340230052,3,10,13
340230053,41,99,140
340230054,50,126,176
340230055,5,6,11
340230056,12,8,20
340230057,0,2,2
340230058,4,0,4
340230059,3,0,3
340230060,4,4,8
340230061,14,18,32
340230062,49,70,119
340230063,2,5,7
340230064,8,24,32
340230065,17,38,55
340230066,86,159,245
340230067,18,18,36
340230068,4,2,6
340230069,0,1,1
340230070,8,6,14
340230071,3,7,10
340230072,12,4,16
340230073,9,10,19
340230074,2,1,3
340230075,1,0,1
340230076,5,6,11
340230077,11,4,15
340230078,31,25,56
340230079,26,30,56
340230080,5,1,6
340230081,3,2,5
340230082,73,68,141
340230083,0,3,3
340230084,53,57,110
340230085,37,50,87
340230086,42,60,102
340230087,4,24,28
340230356,2,0,2
340230521,0,1,1
340258001,5,6,11
340258002,5,5,10
340258004,1,1,2
340258005,1,2,3
340258006,0,1,1
340258007,5,2,7
340258008,6,6,12
340258009,5,6,11
340258010,7,4,11
340258011,14,5,19
340258012,6,9,15
340258013,4,14,18
340258014,4,6,10
340258015,11,25,36
340258016,2,1,3
340258017,1,2,3
340258018,2,0,2
340258019,1,1,2
340258021,2,1,3
340258023,2,3,5
340258024,7,13,20
340258026,2,0,2
340258027,2,6,8
340258028,2,5,7
340258029,1,2,3
340258030,16,8,24
340258031,3,0,3
340258032,54,105,159
340258033,37,55,92
340258034,4,6,10
340258035,4,15,19
340258036,17,48,65
340258037,13,10,23
340258038,9,33,42
340258039,3,17,20
340258040,2,2,4
340258041,4,13,17
340258042,21,39,60
340258043,18,37,55
340258045,9,17,26
340258046,4,4,8
340258048,9,9,18
340258050,13,22,35
340258051,7,21,28
340258052,1,1,2
340258053,5,11,16
340258054,5,8,13
340258055,0,5,5
340258057,1,1,2
340258058,93,87,180
340258059,1,2,3
340258060,11,15,26
340258061,4,12,16
340258062,19,34,53
340258063,5,17,22
340258064,4,7,11
340258065,35,72,107
340258066,15,27,42
340258067,1,2,3
340258068,2,3,5
340258069,1,5,6
340258070,6,2,8
340258071,0,1,1
340258074,3,4,7
340258075,7,19,26
340258077,89,45,134
340258078,4,0,4
340258079,5,4,9
340258080,6,1,7
340258081,18,14,32
340258082,1,2,3
340258083,3,3,6
340258084,5,5,10
340258085,13,19,32
340258086,19,14,33
340258087,33,77,110
340258088,10,9,19
340258089,9,9,18
340258091,13,33,46
340258092,6,14,20
340258093,6,22,28
340258094,8,19,27
340258095,52,76,128
340258096,8,25,33
340258097,37,42,79
340258099,42,66,108
340258100,23,35,58
340258101,12,16,28
340258102,26,42,68
340258103,0,1,1
340258104,32,40,72
340258105,63,97,160
340258106,15,9,24
340258107,1,0,1
340258108,0,1,1
340258109,4,6,10
340258110,2,0,2
340258111,9,23,32
340258112,4,3,7
340258113,18,11,29
340258114,11,3,14
340258115,5,4,9
340258116,4,4,8
340258117,16,23,39
340258118,0,1,1
340258119,5,18,23
340258120,1,1,2
340270101,0,1,1
340270314,0,1,1
340270401,9,8,17
340270402,9,5,14
340270403,11,29,40
340270404,2,11,13
340270405,3,5,8
340270406,8,1,9
340270407,17,34,51
340270408,55,82,137
340270409,9,8,17
340270410,3,10,13
340270411,7,3,10
340270412,17,64,81
340270413,11,18,29
340270414,28,52,80
340270415,22,18,40
340270416,38,50,88
340270417,32,16,48
340270418,13,21,34
340270419,20,47,67
340270420,3,7,10
340270421,6,11,17
340270422,8,18,26
340270423,14,19,33
340270425,10,21,31
340270426,102,64,166
340270427,6,11,17
340270428,8,12,20
340270429,5,6,11
340270430,8,7,15
340270431,9,10,19
340270432,6,11,17
340270433,29,98,127
340270434,19,68,87
340270436,68,160,228
340270437,30,74,104
340270438,6,10,16
340270439,12,19,31
340270440,17,19,36
340270441,16,19,35
340270442,8,15,23
340270443,6,8,14
340270444,16,9,25
340270445,12,13,25
340270446,3,0,3
340270447,10,8,18
340270448,3,1,4
340270449,0,1,1
340270450,4,17,21
340270451,4,4,8
340270452,4,4,8
340270453,6,1,7
340270454,2,9,11
340270455,10,12,22
340270456,21,30,51
340270457,42,61,103
340270458,25,66,91
340270459,23,40,63
340270460,3,0,3
340270461,19,17,36
340270462,15,24,39
340297101,3,1,4
340297111,6,4,10
340297112,3,5,8
340297113,1,1,2
340297114,4,8,12
340297120,3,2,5
340297130,3,0,3
340297131,0,6,6
340297132,10,4,14
340297133,3,9,12
340297134,17,40,57
340297135,2,2,4
340297136,1,0,1
340297137,7,8,15
340297138,4,2,6
340297139,4,2,6
340297140,6,4,10
340297141,1,1,2
340297142,3,9,12
340297143,2,2,4
340297144,4,3,7
340297150,1,1,2
340297152,3,5,8
340297153,7,1,8
340297154,4,2,6
340297155,8,3,11
340297156,17,17,34
340297157,7,13,20
340297158,9,10,19
340297159,3,3,6
340297160,3,5,8
340297170,5,3,8
340297171,13,12,25
340297172,5,8,13
340297173,2,6,8
340297174,2,3,5
340297175,5,4,9
340297180,0,1,1
340297200,4,1,5
340297201,9,5,14
340297202,6,7,13
340297210,3,0,3
340297220,18,29,47
340297221,25,37,62
340297222,3,3,6
340297223,20,31,51
340297224,8,11,19
340297225,1,1,2
340297226,2,2,4
340297227,7,8,15
340297228,5,1,6
340297229,1,13,14
340297230,41,106,147
340297231,11,11,22
340297232,3,10,13
340297233,1,0,1
340297234,1,4,5
340297235,1,0,1
340297236,3,4,7
340297251,0,1,1
340297260,1,0,1
340297270,5,3,8
340297280,4,2,6
340297290,1,0,1
340297310,3,2,5
340297311,6,1,7
340297312,5,6,11
340297320,11,7,18
340297321,12,8,20
340297330,1,5,6
340297340,13,11,24
340297350,19,31,50
340297351,12,25,37
340297360,4,2,6
340297361,7,5,12
340297370,1,1,2
340297380,7,10,17
340297381,6,7,13
340297390,5,8,13
340310444,0,1,1
340310446,2,0,2
340311165,2,3,5
340311242,12,6,18
340311243,85,115,200
340311244,14,23,37
340311245,5,9,14
340311246,3,2,5
340311247,2,6,8
340311248,11,4,15
340311249,4,4,8
340311250,1,1,2
340311251,1,0,1
340311337,4,6,10
340311432,9,6,15
340311433,0,2,2
340311434,3,7,10
340311540,15,18,33
340311635,11,12,23
340311752,1,0,1
340311753,3,4,7
340311754,4,4,8
340311755,2,1,3
340311756,11,24,35
340311757,16,20,36
340311758,9,10,19
340311801,2,3,5
340311802,0,2,2
340311803,1,1,2
340311805,3,0,3
340311809,2,0,2
340311812,0,1,1
340311813,1,3,4
340311818,3,0,3
340311819,1,3,4
340311821,4,1,5
340311822,1,0,1
340311824,1,1,2
340311825,14,14,28
340311826,1,1,2
340311827,2,2,4
340311828,1,1,2
340311829,23,39,62
340311830,4,2,6
340311831,0,2,2
340311832,4,7,11
340311964,10,7,17
340312167,8,5,13
340312238,15,23,38
340312239,1,0,1
340312366,6,3,9
340312460,75,122,197
340312461,35,51,86
340312462,44,40,84
340312463,10,10,20
340312568,8,8,16
340312641,35,41,76
340330105,1,0,1
340330205,4,3,7
340330206,1,5,6
340330207,5,5,10
340330208,7,4,11
340330209,1,0,1
340330210,3,1,4
340330211,12,3,15
340330212,3,5,8
340330213,5,7,12
340330214,2,3,5
340330215,3,1,4
340330217,2,5,7
340330219,2,0,2
340330222,0,2,2
340335019,1,1,2
340350042,0,6,6
340350043,7,8,15
340350458,0,4,4
340350459,2,2,4
340350501,2,14,16
340350502,1,1,2
340350503,45,11,56
340350504,2,7,9
340350505,3,3,6
340350506,12,13,25
340350507,27,36,63
340350508,17,30,47
340350509,36,72,108
340350510,14,23,37
340350513,7,9,16
340350514,2,0,2
340350515,2,0,2
340350517,1,1,2
340350518,0,1,1
340350519,6,3,9
340350520,0,4,4
340350521,24,43,67
340350522,65,134,199
340350523,23,62,85
340350524,12,22,34
340350525,2,8,10
340350526,45,101,146
340350527,18,43,61
340350528,6,4,10
340350529,22,30,52
340350530,5,1,6
340350531,41,58,99
340350532,5,3,8
340350533,10,10,20
340350534,60,95,155
340350535,16,32,48
340350536,22,27,49
340350537,24,21,45
340350538,29,62,91
340350539,73,166,239
340370313,0,1,1
340373710,3,5,8
340373711,1,4,5
340373712,1,2,3
340373713,0,1,1
340373714,0,1,1
340373715,2,3,5
340373716,9,1,10
340373717,3,2,5
340373718,2,2,4
340373719,1,1,2
340373720,3,1,4
340373721,1,1,2
340373722,0,3,3
340373723,4,5,9
340373724,3,8,11
340373726,5,2,7
340373727,7,3,10
340373728,1,0,1
340373729,1,0,1
340373731,17,24,41
340373732,8,6,14
340373733,4,9,13
340373734,11,10,21
340373735,1,5,6
340373736,11,1,12
340373737,7,23,30
340373738,1,3,4
340373739,2,3,5
340373740,6,11,17
340373741,4,3,7
340373742,0,2,2
340373743,1,1,2
340373744,2,0,2
340373745,0,2,2
340373746,1,0,1
340373747,2,3,5
340373748,1,2,3
340373749,1,0,1
340390301,0,2,2
340390303,1,0,1
340390305,3,0,3
340390306,1,0,1
340390307,3,7,10
340390308,19,17,36
340390309,0,1,1
340390310,2,0,2
340390311,2,0,2
340390312,2,11,13
340390313,1,2,3
340390316,5,3,8
340390317,4,9,13
340390318,3,9,12
340390319,17,8,25
340390320,11,4,15
340390321,5,14,19
340390324,5,2,7
340390325,12,7,19
340390326,7,2,9
340390327,10,23,33
340390328,5,1,6
340390329,14,15,29
340390330,9,9,18
340390331,11,9,20
340390332,4,7,11
340390333,1,12,13
340390334,4,7,11
340390335,14,11,25
340390336,7,24,31
340390337,7,6,13
340390338,1,3,4
340390339,4,5,9
340390340,3,0,3
340390341,2,4,6
340390342,1,2,3
340390343,1,0,1
340390344,0,1,1
340390347,7,4,11
340390348,6,6,12
340390349,7,4,11
340390350,2,3,5
340390351,0,1,1
340390352,1,2,3
340390353,0,1,1
340390355,1,7,8
340390356,1,1,2
340390357,9,8,17
340390358,0,2,2
340390359,3,10,13
340390360,4,5,9
340390361,0,1,1
340390362,12,12,24
340390363,18,17,35
340390364,31,41,72
340390365,8,39,47
340390366,7,33,40
340390367,19,24,43
340390368,20,24,44
340390369,2,1,3
340390370,6,7,13
340390371,7,14,21
340390372,7,9,16
340390373,2,2,4
340390374,3,2,5
340390375,12,32,44
340390376,32,37,69
340390377,16,30,46
340390378,21,37,58
340390379,14,27,41
340390380,35,77,112
340390381,20,27,47
340390382,52,63,115
340390383,19,29,48
340390384,7,5,12
340390385,5,5,10
340390386,33,64,97
340390387,6,7,13
340390388,1,2,3
340390391,5,9,14
340390392,2,2,4
340390393,6,1,7
340390394,1,1,2
340390395,1,1,2
340390396,3,1,4
340390397,7,19,26
340410102,0,1,1
340410306,29,14,43
340410307,1,1,2
340410311,7,8,15
340410312,5,4,9
340410313,8,8,16
340410314,18,18,36
340410315,1,1,2
340410316,5,2,7
340410317,2,0,2
340410318,1,4,5
340410319,6,3,9
340410320,8,2,10
340410321,2,4,6
340410322,34,23,57
340410323,2,0,2
340410324,1,2,3
350010001,86,133,219
350010002,19,33,52
350010003,66,78,144
350010004,46,57,103
350010005,25,30,55
350010006,17,39,56
350010007,33,54,87
350010008,7,13,20
350010009,29,69,98
350010011,36,37,73
350010012,7,5,12
350010015,8,9,17
350010016,29,102,131
350010017,17,27,44
350010018,195,373,568
350010019,18,29,47
350010020,13,55,68
350010021,2,3,5
350010022,8,21,29
350010024,1,2,3
350010025,3,3,6
350010026,4,2,6
350010027,21,31,52
350010029,8,5,13
350010030,14,30,44
350010031,12,34,46
350010032,7,9,16
350010034,4,5,9
350010035,21,44,65
350010036,10,15,25
350010037,295,526,821
350010038,21,45,66
350010040,3,5,8
350010043,1,0,1
350010044,1,0,1
350010045,8,2,10
350010046,3,2,5
350010047,96,119,215
350010048,2,3,5
350010106,0,1,1
350019402,2,0,2
350039762,2,1,3
350050002,15,17,32
350050003,21,14,35
350050004,1,0,1
350050006,2,1,3
350050007,1,4,5
350050008,0,1,1
350050009,1,1,2
350050010,22,31,53
350050011,4,2,6
350050012,1,0,1
350069458,2,1,3
350069742,17,2,19
350069745,7,2,9
350079505,2,3,5
350079506,8,5,13
350079507,5,0,5
350090001,0,1,1
350090002,15,9,24
350090003,15,12,27
350090004,5,6,11
350090006,5,3,8
350090009,5,3,8
350119601,1,0,1
350130001,4,1,5
350130002,6,13,19
350130003,6,4,10
350130004,1,2,3
350130005,4,7,11
350130006,6,2,8
350130007,3,5,8
350130008,2,1,3
350130009,5,3,8
350130010,3,2,5
350130011,12,11,23
350130012,107,125,232
350130013,7,7,14
350130014,1,2,3
350130015,7,6,13
350130016,1,0,1
350130017,10,8,18
350130018,3,3,6
350130019,1,0,1
350150001,3,1,4
350150002,5,13,18
350150003,4,4,8
350150004,18,12,30
350150006,2,0,2
350150007,0,1,1
350150009,1,0,1
350150010,6,3,9
350150011,2,2,4
350179841,2,3,5
350179842,1,0,1
350179843,11,6,17
350179844,11,16,27
350179846,1,0,1
350179847,13,15,28
350179848,1,0,1
350199616,2,0,2
350239881,0,1,1
350239882,1,0,1
350250001,1,5,6
350250005,12,6,18
350250006,7,3,10
350250007,11,13,24
350250008,2,0,2
350250009,1,0,1
350250010,7,1,8
350250011,1,0,1
350279803,0,1,1
350279804,2,9,11
350279806,4,5,9
350279808,12,8,20
350280001,4,5,9
350280002,3,3,6
350280004,28,18,46
350280005,4,4,8
350290001,2,2,4
350290002,3,2,5
350290003,4,7,11
350290004,0,1,1
350290005,5,2,7
350290006,1,0,1
350319404,11,2,13
350319435,11,2,13
350319438,1,0,1
350319452,3,3,6
350319453,3,1,4
350319454,6,2,8
350319455,63,48,111
350319456,6,7,13
350319458,1,0,1
350339552,0,1,1
350350001,12,12,24
350350002,1,1,2
350350003,14,14,28
350350004,6,6,12
350350005,0,1,1
350350006,4,6,10
350350008,1,0,1
350350009,6,7,13
350379585,1,0,1
350379586,5,2,7
350390002,1,3,4
350390003,2,1,3
350390004,2,4,6
350390005,2,3,5
350390006,1,0,1
350390101,2,1,3
350399407,12,9,21
350399408,3,0,3
350399541,0,2,2
350410001,5,6,11
350410002,2,0,2
350410003,4,0,4
350410004,1,0,1
350430037,1,0,1
350430101,2,1,3
350430102,3,1,4
350430103,1,2,3
350430105,20,34,54
350430106,22,45,67
350430107,57,40,97
350439405,0,1,1
350450001,2,2,4
350450002,24,43,67
350450003,11,13,24
350450004,28,41,69
350450005,2,3,5
350450006,3,7,10
350450007,2,0,2
350459429,31,11,42
350459432,2,0,2
350479572,4,9,13
350479573,9,8,17
350479574,4,0,4
350479575,0,1,1
350479576,7,3,10
350479577,1,0,1
350479578,8,2,10
350490001,13,34,47
350490002,3,7,10
350490003,0,2,2
350490004,13,38,51
350490005,6,15,21
350490006,11,8,19
350490007,1,0,1
350490008,7,1,8
350490009,5,1,6
350490010,55,80,135
350490011,38,45,83
350490012,4,3,7
350490013,3,3,6
350490038,1,0,1
350490101,1,1,2
350490102,13,32,45
350490103,26,40,66
350490104,10,32,42
350490105,4,13,17
350490106,10,21,31
350490107,18,19,37
350490108,2,6,8
350499403,0,1,1
350519822,6,0,6
350519823,4,2,6
350519824,4,4,8
350539781,1,3,4
350539782,0,1,1
350539783,11,5,16
350559521,6,6,12
350559523,1,1,2
350559524,14,8,22
350559526,26,28,54
350559527,6,10,16
350559529,1,0,1
350579632,2,2,4
350579635,1,0,1
350599502,4,2,6
350619701,1,4,5
350619702,2,5,7
350619703,3,3,6
350619704,10,3,13
350619708,5,0,5
350619709,1,0,1
350619710,2,0,2
350619711,1,0,1
360010001,1,1,2
360010002,4,24,28
360010003,19,104,123
360010004,16,26,42
360010005,1,3,4
360010007,1,2,3
360010008,1,0,1
360010011,6,3,9
360010014,8,7,15
360010015,9,15,24
360010016,6,13,19
360010017,27,60,87
360010018,19,48,67
360010019,11,20,31
360010020,9,10,19
360010021,121,274,395
360010022,1,3,4
360010023,1,0,1
360010025,1,2,3
360010026,1,3,4
360010127,2,0,2
360010128,3,2,5
360010129,5,1,6
360010130,4,1,5
360010131,3,1,4
360010132,1,3,4
360010133,1,3,4
360010134,2,1,3
360010135,37,57,94
360010136,38,74,112
360010137,53,125,178
360010138,3,10,13
360010139,3,9,12
360010140,4,5,9
360010141,28,68,96
360010142,57,139,196
360010143,18,35,53
360010144,3,3,6
360010145,9,18,27
360010146,88,99,187
360010147,1,1,2
360010148,5,2,7
360039501,1,0,1
360039502,1,0,1
360039503,4,2,6
360039504,1,1,2
360039505,2,1,3
360039506,1,1,2
360039507,8,10,18
360039508,4,3,7
360039509,2,1,3
360039510,0,1,1
360039511,1,1,2
360039512,1,0,1
360050002,2,2,4
360050004,1,1,2
360050011,0,1,1
360050016,5,6,11
360050017,1,0,1
360050020,0,1,1
360050027,1,0,1
360050028,1,3,4
360050033,1,2,3
360050036,1,0,1
360050039,3,1,4
360050040,0,1,1
360050041,6,0,6
360050043,0,1,1
360050044,3,0,3
360050050,2,0,2
360050053,1,0,1
360050054,1,2,3
360050056,2,0,2
360050057,1,1,2
360050059,2,6,8
360050061,3,1,4
360050065,185,82,267
360050066,0,1,1
360050067,0,1,1
360050068,1,0,1
360050069,37,11,48
360050070,3,0,3
360050071,1,1,2
360050072,4,0,4
360050073,1,0,1
360050074,1,2,3
360050078,0,1,1
360050079,4,1,5
360050084,0,1,1
360050086,1,0,1
360050087,2,0,2
360050092,3,1,4
360050098,2,2,4
360050118,2,4,6
360050119,4,0,4
360050121,1,1,2
360050125,2,1,3
360050127,8,3,11
360050129,1,1,2
360050130,0,1,1
360050132,2,1,3
360050133,2,1,3
360050137,1,0,1
360050141,0,1,1
360050145,2,6,8
360050147,0,2,2
360050149,120,46,166
360050153,1,2,3
360050156,3,1,4
360050158,3,2,5
360050160,1,2,3
360050161,1,0,1
360050162,5,4,9
360050165,1,0,1
360050166,3,1,4
360050167,1,1,2
360050173,6,2,8
360050177,1,0,1
360050179,1,0,1
360050181,3,0,3
360050183,2,1,3
360050184,3,8,11
360050193,2,0,2
360050194,1,3,4
360050195,2,0,2
360050196,9,4,13
360050197,4,0,4
360050198,3,5,8
360050201,1,0,1
360050204,2,11,13
360050205,1,0,1
360050206,1,1,2
360050208,9,0,9
360050210,6,9,15
360050211,2,0,2
360050212,3,2,5
360050215,2,0,2
360050216,5,2,7
360050218,0,2,2
360050220,0,1,1
360050221,7,0,7
360050223,1,0,1
360050224,11,12,23
360050225,1,1,2
360050227,44,48,92
360050228,11,8,19
360050229,51,16,67
360050230,0,1,1
360050231,0,1,1
360050232,1,2,3
360050233,1,0,1
360050234,1,1,2
360050235,3,4,7
360050236,1,1,2
360050237,2,2,4
360050239,1,0,1
360050240,0,1,1
360050241,2,2,4
360050243,1,1,2
360050244,0,2,2
360050245,1,0,1
360050246,4,4,8
360050247,0,1,1
360050248,25,10,35
360050250,9,13,22
360050251,7,0,7
360050252,5,5,10
360050253,2,0,2
360050254,5,7,12
360050255,0,1,1
360050256,2,4,6
360050258,10,14,24
360050261,33,43,76
360050263,3,2,5
360050264,1,3,4
360050265,2,1,3
360050266,12,19,31
360050267,1,0,1
360050269,1,0,1
360050273,1,1,2
360050274,0,4,4
360050277,1,2,3
360050279,4,3,7
360050281,1,3,4
360050283,0,1,1
360050284,12,56,68
360050285,19,39,58
360050286,164,288,452
360050287,1,4,5
360050288,13,15,28
360050289,10,11,21
360050293,44,94,138
360050295,14,22,36
360050296,68,84,152
360050297,30,51,81
360050300,5,13,18
360050301,4,4,8
360050302,2,2,4
360050307,52,79,131
360050309,2,2,4
360050310,3,12,15
360050312,14,19,33
360050314,1,7,8
360050316,5,2,7
360050317,2,2,4
360050318,5,0,5
360050320,4,2,6
360050322,1,1,2
360050323,25,35,60
360050328,3,2,5
360050329,8,21,29
360050330,3,0,3
360050332,16,3,19
360050333,6,9,15
360050336,1,2,3
360050338,2,0,2
360050339,4,10,14
360050340,1,1,2
360050341,4,4,8
360050342,0,2,2
360050343,4,5,9
360050344,0,1,1
360050345,6,12,18
360050346,2,2,4
360050350,1,0,1
360050351,6,23,29
360050352,2,1,3
360050354,3,0,3
360050356,0,2,2
360050358,3,4,7
360050361,5,1,6
360050364,3,1,4
360050365,1,0,1
360050366,0,2,2
360050367,1,0,1
360050368,1,1,2
360050369,2,1,3
360050370,2,1,3
360050371,0,1,1
360050372,0,1,1
360050375,69,22,91
360050376,3,8,11
360050377,0,1,1
360050379,1,0,1
360050380,0,2,2
360050382,4,0,4
360050383,1,1,2
360050385,0,1,1
360050386,1,0,1
360050387,3,1,4
360050388,2,2,4
360050389,1,2,3
360050390,0,1,1
360050391,5,2,7
360050393,1,1,2
360050394,0,1,1
360050396,0,1,1
360050397,1,0,1
360050398,1,0,1
360050399,20,4,24
360050401,4,3,7
360050403,1,3,4
360050404,1,3,4
360050405,1,2,3
360050406,2,1,3
360050407,5,1,6
360050408,2,0,2
360050409,1,0,1
360050410,0,2,2
360050411,3,7,10
360050413,8,9,17
360050414,2,2,4
360050415,3,2,5
360050418,0,1,1
360050419,9,24,33
360050420,59,24,83
360050421,144,369,513
360050423,3,1,4
360050424,6,5,11
360050425,3,1,4
360050426,4,2,6
360050428,3,0,3
360050429,2,4,6
360050430,1,4,5
360050431,19,9,28
360050432,1,0,1
360050436,1,1,2
360050438,0,1,1
360050440,1,1,2
360050442,0,1,1
360050446,1,0,1
360050448,1,1,2
360050449,1,0,1
360050451,18,13,31
360050454,1,1,2
360050460,0,1,1
360050462,12,15,27
360050484,2,2,4
360050516,11,20,31
360070001,1,2,3
360070002,0,2,2
360070003,5,3,8
360070005,0,1,1
360070006,1,0,1
360070007,4,5,9
360070009,0,1,1
360070011,0,1,1
360070012,3,5,8
360070014,12,26,38
360070015,25,42,67
360070016,4,14,18
360070017,10,27,37
360070018,1,0,1
360070102,3,1,4
360070119,2,1,3
360070121,14,8,22
360070122,3,5,8
360070125,2,3,5
360070126,1,4,5
360070127,9,13,22
360070128,3,0,3
360070130,7,10,17
360070131,0,3,3
360070132,15,3,18
360070133,14,12,26
360070134,1,1,2
360070135,3,2,5
360070136,3,2,5
360070137,8,0,8
360070138,8,3,11
360070139,44,64,108
360070140,1,0,1
360070141,13,16,29
360070142,13,11,24
360070143,47,65,112
360070144,20,16,36
360070145,3,1,4
360070146,11,17,28
360079908,1,0,1
360099601,0,1,1
360099603,2,1,3
360099604,6,1,7
360099605,1,0,1
360099607,3,3,6
360099608,0,2,2
360099609,1,0,1
360099610,6,5,11
360099611,5,9,14
360099612,1,4,5
360099613,1,5,6
360099614,1,0,1
360099615,20,18,38
360099616,4,17,21
360099617,3,3,6
360099618,8,4,12
360099621,2,1,3
360110401,0,2,2
360110404,2,0,2
360110406,2,1,3
360110407,3,11,14
360110408,1,1,2
360110410,3,2,5
360110411,1,3,4
360110412,0,1,1
360110413,5,1,6
360110414,10,17,27
360110415,1,2,3
360110416,5,3,8
360110417,2,5,7
360110418,5,8,13
360110419,2,1,3
360130301,1,2,3
360130302,1,8,9
360130303,0,3,3
360130304,0,1,1
360130305,19,24,43
360130306,10,12,22
360130307,5,5,10
360130351,7,2,9
360130352,0,2,2
360130353,1,1,2
360130355,1,0,1
360130356,5,3,8
360130357,5,7,12
360130358,4,6,10
360130359,3,6,9
360130360,6,2,8
360130361,2,1,3
360130363,0,1,1
360130364,2,6,8
360130365,10,3,13
360130366,1,1,2
360130368,0,2,2
360130369,3,3,6
360130370,0,3,3
360130371,11,3,14
360130372,1,6,7
360130373,2,0,2
360130375,1,2,3
360139400,0,1,1
360150003,0,1,1
360150004,12,30,42
360150005,12,21,33
360150006,1,6,7
360150007,2,11,13
360150008,6,11,17
360150101,0,2,2
360150102,1,3,4
360150103,20,38,58
360150104,3,4,7
360150105,0,1,1
360150106,1,3,4
360150107,14,23,37
360150108,0,4,4
360150109,24,28,52
360150110,0,3,3
360150111,6,1,7
360150112,1,4,5
360170308,0,1,1
360170310,0,1,1
360179901,3,3,6
360179903,13,11,24
360179904,1,9,10
360179905,6,2,8
360179906,6,7,13
360179907,0,1,1
360179908,1,1,2
360179909,4,0,4
360179910,2,0,2
360191001,4,1,5
360191003,0,2,2
360191004,0,1,1
360191006,2,8,10
360191007,0,11,11
360191008,11,19,30
360191009,13,19,32
360191010,25,52,77
360191011,0,1,1
360191012,1,1,2
360191013,6,5,11
360191014,4,5,9
360191015,3,3,6
360191016,5,4,9
360191017,2,3,5
360191018,1,1,2
360191019,5,10,15
360199601,1,1,2
360199602,1,0,1
360211500,1,1,2
360219901,0,3,3
360219902,3,4,7
360219903,4,8,12
360219904,14,10,24
360219905,0,2,2
360219906,1,2,3
360219907,5,7,12
360219908,2,5,7
360219909,3,2,5
360219910,2,5,7
360219911,3,1,4
360219913,10,24,34
360219914,0,4,4
360219915,0,5,5
360219916,1,2,3
360219918,1,1,2
360219919,3,1,4
360219920,0,1,1
360239901,0,1,1
360239902,5,10,15
360239903,1,1,2
360239904,3,2,5
360239905,10,5,15
360239906,2,0,2
360239907,5,8,13
360239908,3,3,6
360239909,0,1,1
360239910,12,6,18
360239911,1,1,2
360239912,0,1,1
360250804,1,1,2
360259509,0,1,1
360259901,2,0,2
360259902,2,1,3
360259903,0,1,1
360259904,7,6,13
360259905,1,0,1
360259906,11,4,15
360259908,7,4,11
360259910,1,4,5
360259911,1,1,2
360259912,1,2,3
360259914,1,0,1
360270100,3,2,5
360270105,0,1,1
360270200,6,7,13
360270300,2,4,6
360270400,3,3,6
360270501,9,19,28
360270502,13,24,37
360270601,3,7,10
360270602,23,36,59
360270603,17,19,36
360270701,9,17,26
360270702,7,5,12
360270703,2,5,7
360270704,1,7,8
360270801,7,25,32
360270802,8,14,22
360270900,3,4,7
360271000,2,1,3
360271100,8,5,13
360271200,0,1,1
360271300,9,12,21
360271401,21,64,85
360271402,1,14,15
360271403,7,9,16
360271404,22,36,58
360271405,12,11,23
360271406,2,2,4
360271407,10,6,16
360271408,2,4,6
360271500,22,12,34
360271600,27,39,66
360271700,4,5,9
360271800,2,12,14
360271901,5,5,10
360271902,7,3,10
360271903,11,9,20
360271904,4,5,9
360272000,6,5,11
360272101,2,1,3
360272102,6,5,11
360272103,1,3,4
360272201,0,4,4
360272202,0,3,3
360272203,1,0,1
360272204,1,0,1
360272207,17,53,70
360272208,9,11,20
360272209,9,12,21
360272210,5,9,14
360273000,5,1,6
360274100,3,7,10
360290003,1,0,1
360290004,1,0,1
360290005,0,1,1
360290007,0,1,1
360290008,11,18,29
360290009,1,5,6
360290010,3,2,5
360290013,3,2,5
360290014,2,1,3
360290016,1,1,2
360290021,0,1,1
360290025,11,91,102
360290027,4,1,5
360290028,1,1,2
360290030,1,1,2
360290031,23,95,118
360290032,4,1,5
360290033,4,1,5
360290035,2,0,2
360290036,2,0,2
360290039,12,63,75
360290040,2,0,2
360290043,4,6,10
360290044,5,7,12
360290045,18,24,42
360290046,117,113,230
360290047,4,0,4
360290048,1,11,12
360290049,5,2,7
360290050,10,1,11
360290051,1,3,4
360290052,15,23,38
360290053,4,3,7
360290054,19,41,60
360290055,0,1,1
360290056,1,1,2
360290057,2,1,3
360290058,1,0,1
360290061,5,2,7
360290062,2,7,9
360290063,21,66,87
360290064,3,2,5
360290065,16,35,51
360290066,18,32,50
360290067,67,127,194
360290068,3,28,31
360290070,2,2,4
360290071,7,3,10
360290072,7,24,31
360290073,27,42,69
360290076,3,1,4
360290077,0,1,1
360290078,1,1,2
360290079,7,15,22
360290080,15,9,24
360290081,16,15,31
360290082,16,26,42
360290083,1,0,1
360290084,0,1,1
360290085,0,4,4
360290086,2,4,6
360290087,2,4,6
360290088,0,1,1
360290089,7,22,29
360290090,188,323,511
360290091,93,176,269
360290092,45,57,102
360290093,12,16,28
360290094,38,87,125
360290095,48,76,124
360290096,62,148,210
360290097,2,2,4
360290099,2,2,4
360290100,4,7,11
360290101,11,19,30
360290102,7,2,9
360290104,2,1,3
360290105,0,3,3
360290106,3,3,6
360290107,10,9,19
360290108,24,18,42
360290109,16,11,27
360290110,0,1,1
360290111,0,2,2
360290112,13,7,20
360290113,2,2,4
360290116,12,2,14
360290117,4,20,24
360290118,5,5,10
360290119,4,12,16
360290120,12,25,37
360290122,1,0,1
360290123,0,2,2
360290125,5,0,5
360290126,2,1,3
360290127,1,0,1
360290129,8,6,14
360290130,1,1,2
360290131,9,21,30
360290132,9,8,17
360290133,2,2,4
360290134,21,12,33
360290135,43,62,105
360290136,7,16,23
360290137,48,61,109
360290138,12,21,33
360290139,10,4,14
360290140,5,9,14
360290141,5,20,25
360290142,24,10,34
360290143,4,0,4
360290144,1,1,2
360290145,4,3,7
360290146,79,130,209
360290147,22,49,71
360290148,3,1,4
360290149,2,4,6
360290150,0,10,10
360290151,4,5,9
360290152,4,11,15
360290153,6,3,9
360290154,5,6,11
360290155,3,1,4
360290157,0,3,3
360290158,4,3,7
360290159,13,2,15
360290160,0,5,5
360299503,1,0,1
360319602,0,1,1
360319603,1,2,3
360319604,7,5,12
360319605,5,5,10
360319607,4,4,8
360319608,1,1,2
360319609,3,1,4
360319611,1,2,3
360319612,2,2,4
360319613,1,0,1
360339501,1,1,2
360339502,1,1,2
360339503,1,0,1
360339504,6,3,9
360339505,19,17,36
360339506,0,1,1
360339507,1,2,3
360339508,1,5,6
360339509,10,12,22
360339510,2,11,13
360339511,2,2,4
360339512,4,1,5
360359901,1,0,1
360359902,1,1,2
360359903,2,1,3
360359904,0,1,1
360359906,2,6,8
360359908,0,1,1
360359909,10,7,17
360359910,17,9,26
360359911,1,0,1
360359912,1,0,1
360359913,7,1,8
360359914,0,1,1
360359915,2,2,4
360370302,0,1,1
360379501,3,1,4
360379503,2,3,5
360379504,1,2,3
360379505,3,3,6
360379506,8,8,16
360379507,1,0,1
360379508,2,16,18
360379509,2,10,12
360379510,3,0,3
360379512,3,3,6
360379513,1,1,2
360379514,3,1,4
360390801,2,3,5
360390802,1,2,3
360390803,3,0,3
360390804,3,1,4
360390805,4,3,7
360390806,1,1,2
360390807,3,0,3
360390809,1,4,5
360390810,1,1,2
360390811,8,5,13
360399507,1,0,1
360419501,1,0,1
360419503,0,1,1
360419505,0,1,1
360430101,2,0,2
360430102,0,2,2
360430103,0,2,2
360430104,2,1,3
360430105,3,1,4
360430107,1,2,3
360430108,3,1,4
360430109,5,2,7
360430110,3,2,5
360430111,0,1,1
360430112,11,3,14
360430114,0,1,1
360430115,3,1,4
360430208,0,1,1
360430213,0,2,2
360439903,0,1,1
360450601,5,4,9
360450602,6,2,8
360450603,1,3,4
360450604,6,6,12
360450605,2,1,3
360450606,3,4,7
360450607,1,1,2
360450608,3,5,8
360450609,9,7,16
360450610,5,2,7
360450611,7,2,9
360450612,1,3,4
360450615,1,6,7
360450616,1,0,1
360450617,0,2,2
360450618,3,9,12
360450619,17,44,61
360450621,19,26,45
360450622,10,20,30
360450624,1,12,13
360459502,1,0,1
360470001,8,22,30
360470002,0,1,1
360470003,15,31,46
360470005,24,40,64
360470007,14,32,46
360470009,42,55,97
360470011,1,3,4
360470013,6,9,15
360470020,0,1,1
360470021,10,12,22
360470022,66,21,87
360470023,0,1,1
360470025,1,1,2
360470027,1,4,5
360470029,4,0,4
360470030,5,4,9
360470031,154,101,255
360470032,3,0,3
360470033,0,3,3
360470034,14,22,36
360470035,3,4,7
360470036,9,12,21
360470037,4,1,5
360470038,6,6,12
360470039,3,3,6
360470040,16,11,27
360470041,5,11,16
360470042,2,10,12
360470043,3,14,17
360470045,13,22,35
360470046,12,10,22
360470047,3,10,13
360470049,131,90,221
360470050,10,13,23
360470051,2,3,5
360470052,12,12,24
360470054,10,14,24
360470055,0,1,1
360470056,20,14,34
360470057,1,1,2
360470058,22,16,38
360470060,10,8,18
360470062,11,18,29
360470063,5,1,6
360470064,17,17,34
360470065,4,13,17
360470066,8,9,17
360470067,3,8,11
360470068,8,10,18
360470069,8,7,15
360470070,4,6,10
360470071,0,1,1
360470072,2,0,2
360470074,4,2,6
360470075,8,9,17
360470076,6,0,6
360470077,2,5,7
360470078,4,0,4
360470080,2,0,2
360470082,1,0,1
360470084,1,3,4
360470088,1,0,1
360470092,0,1,1
360470094,2,7,9
360470096,0,4,4
360470098,2,3,5
360470100,2,0,2
360470101,2,2,4
360470102,13,4,17
360470104,4,1,5
360470106,6,1,7
360470108,7,7,14
360470112,3,0,3
360470114,205,335,540
360470116,0,4,4
360470117,1,1,2
360470118,0,8,8
360470120,2,1,3
360470121,3,5,8
360470122,5,3,8
360470123,1,0,1
360470124,1,1,2
360470127,8,11,19
360470128,3,1,4
360470129,13,8,21
360470130,15,9,24
360470131,6,6,12
360470132,5,2,7
360470133,5,12,17
360470134,15,28,43
360470135,11,8,19
360470136,20,22,42
360470137,6,7,13
360470138,8,10,18
360470139,8,8,16
360470140,8,5,13
360470141,8,4,12
360470142,8,6,14
360470143,4,3,7
360470144,1,1,2
360470145,10,9,19
360470146,3,4,7
360470147,2,0,2
360470148,10,5,15
360470149,5,8,13
360470150,5,9,14
360470151,10,28,38
360470153,125,142,267
360470155,7,8,15
360470156,2,2,4
360470157,5,27,32
360470158,7,10,17
360470159,22,40,62
360470160,4,15,19
360470161,6,17,23
360470162,6,10,16
360470163,2,10,12
360470164,14,24,38
360470165,12,42,54
360470167,13,14,27
360470168,1,3,4
360470169,5,8,13
360470170,3,11,14
360470171,10,11,21
360470172,2,4,6
360470173,2,1,3
360470174,2,0,2
360470176,3,2,5
360470177,1,4,5
360470178,1,3,4
360470179,1,0,1
360470180,2,1,3
360470181,12,14,26
360470182,1,1,2
360470183,6,3,9
360470184,6,5,11
360470185,1,2,3
360470186,2,2,4
360470187,0,1,1
360470188,6,1,7
360470189,1,1,2
360470190,2,2,4
360470191,0,4,4
360470192,1,1,2
360470193,2,4,6
360470194,3,1,4
360470195,4,5,9
360470196,0,1,1
360470197,6,9,15
360470198,2,2,4
360470199,2,2,4
360470200,3,2,5
360470201,1,4,5
360470202,0,1,1
360470203,2,2,4
360470204,2,1,3
360470205,2,3,5
360470206,2,9,11
360470207,5,22,27
360470208,0,1,1
360470210,4,2,6
360470212,4,2,6
360470213,1,2,3
360470215,9,16,25
360470216,2,0,2
360470217,8,6,14
360470218,5,4,9
360470219,4,4,8
360470220,6,7,13
360470221,3,1,4
360470222,6,10,16
360470223,114,15,129
360470224,0,3,3
360470225,3,4,7
360470226,3,0,3
360470227,1,2,3
360470228,2,2,4
360470229,1,1,2
360470230,1,0,1
360470231,4,3,7
360470232,6,4,10
360470233,1,1,2
360470234,4,7,11
360470235,1,0,1
360470236,3,4,7
360470238,4,2,6
360470240,4,5,9
360470241,2,1,3
360470242,3,1,4
360470243,1,1,2
360470244,4,2,6
360470245,2,0,2
360470246,1,3,4
360470247,0,4,4
360470248,1,0,1
360470249,2,0,2
360470251,0,1,1
360470252,2,0,2
360470253,7,2,9
360470254,6,2,8
360470256,2,2,4
360470258,5,2,7
360470259,2,1,3
360470260,2,1,3
360470261,0,1,1
360470262,2,0,2
360470264,4,4,8
360470266,2,7,9
360470267,0,1,1
360470268,3,0,3
360470269,7,0,7
360470270,2,5,7
360470271,8,9,17
360470272,1,6,7
360470273,0,1,1
360470274,5,7,12
360470275,0,3,3
360470276,0,1,1
360470278,2,2,4
360470279,2,2,4
360470280,2,0,2
360470281,1,0,1
360470282,7,6,13
360470284,6,5,11
360470285,103,21,124
360470286,3,5,8
360470288,3,1,4
360470289,0,1,1
360470290,10,7,17
360470292,6,4,10
360470293,0,3,3
360470294,2,3,5
360470295,4,1,5
360470296,6,16,22
360470297,1,0,1
360470298,2,5,7
360470300,2,1,3
360470302,2,2,4
360470303,0,1,1
360470304,4,6,10
360470306,1,2,3
360470307,3,1,4
360470308,2,1,3
360470309,1,0,1
360470313,4,3,7
360470314,1,1,2
360470315,1,1,2
360470317,3,6,9
360470319,6,3,9
360470321,3,2,5
360470323,3,1,4
360470325,0,1,1
360470326,3,4,7
360470328,1,2,3
360470329,5,3,8
360470330,1,1,2
360470331,1,0,1
360470333,3,8,11
360470335,4,9,13
360470336,8,6,14
360470337,1,3,4
360470339,0,3,3
360470340,0,1,1
360470341,2,3,5
360470342,1,1,2
360470343,2,0,2
360470345,0,1,1
360470347,4,3,7
360470348,8,3,11
360470349,2,2,4
360470350,2,5,7
360470351,2,2,4
360470352,0,1,1
360470353,3,1,4
360470354,1,8,9
360470356,5,13,18
360470357,1,0,1
360470360,11,12,23
360470362,6,7,13
360470364,11,3,14
360470365,1,1,2
360470366,6,11,17
360470369,3,0,3
360470370,116,65,181
360470371,1,0,1
360470374,19,23,42
360470375,0,1,1
360470377,1,0,1
360470381,0,2,2
360470385,0,2,2
360470386,4,0,4
360470387,5,1,6
360470388,1,3,4
360470390,4,0,4
360470392,1,4,5
360470394,5,0,5
360470395,1,1,2
360470396,1,0,1
360470397,1,0,1
360470398,3,3,6
360470399,0,1,1
360470400,2,2,4
360470401,1,1,2
360470402,4,2,6
360470403,1,0,1
360470404,1,0,1
360470406,0,2,2
360470411,1,1,2
360470412,4,5,9
360470414,4,2,6
360470415,1,0,1
360470416,4,0,4
360470418,2,5,7
360470420,2,6,8
360470421,0,2,2
360470422,4,9,13
360470423,0,1,1
360470424,3,3,6
360470426,1,4,5
360470427,0,1,1
360470428,4,7,11
360470429,4,0,4
360470430,3,1,4
360470431,1,1,2
360470432,3,1,4
360470434,8,5,13
360470435,1,0,1
360470436,4,3,7
360470437,1,0,1
360470438,5,3,8
360470440,4,3,7
360470441,1,3,4
360470442,3,7,10
360470443,77,21,98
360470444,8,4,12
360470445,13,4,17
360470446,0,1,1
360470447,1,0,1
360470448,3,0,3
360470450,5,6,11
360470452,5,8,13
360470454,1,1,2
360470456,5,8,13
360470458,4,11,15
360470460,7,4,11
360470462,4,13,17
360470464,0,1,1
360470468,0,2,2
360470470,1,2,3
360470472,1,5,6
360470474,0,1,1
360470476,0,2,2
360470477,0,3,3
360470480,2,3,5
360470481,0,1,1
360470482,7,4,11
360470483,0,2,2
360470484,6,3,9
360470486,1,0,1
360470488,5,1,6
360470490,10,9,19
360470491,6,2,8
360470492,6,3,9
360470493,1,3,4
360470494,9,7,16
360470495,2,2,4
360470496,3,4,7
360470497,2,4,6
360470498,2,8,10
360470500,8,5,13
360470501,1,1,2
360470502,4,10,14
360470503,1,1,2
360470504,6,14,20
360470505,4,1,5
360470506,3,2,5
360470508,5,2,7
360470510,5,1,6
360470511,2,1,3
360470512,4,7,11
360470513,4,7,11
360470514,3,5,8
360470515,2,1,3
360470516,3,2,5
360470517,1,4,5
360470518,7,9,16
360470519,2,4,6
360470520,7,2,9
360470522,8,6,14
360470523,0,1,1
360470524,12,8,20
360470526,9,5,14
360470527,3,1,4
360470528,11,11,22
360470529,2,1,3
360470530,4,7,11
360470532,5,4,9
360470533,1,1,2
360470534,1,4,5
360470535,2,0,2
360470536,0,2,2
360470537,1,0,1
360470538,6,7,13
360470539,0,1,1
360470540,1,5,6
360470542,7,5,12
360470544,5,9,14
360470546,9,13,22
360470547,1,1,2
360470548,7,6,13
360470549,2,2,4
360470550,7,11,18
360470551,3,2,5
360470552,4,9,13
360470553,1,1,2
360470554,21,29,50
360470555,0,2,2
360470556,7,4,11
360470557,0,4,4
360470558,3,3,6
360470560,5,11,16
360470562,11,9,20
360470563,1,0,1
360470564,5,1,6
360470565,2,6,8
360470566,9,3,12
360470567,1,2,3
360470568,3,1,4
360470569,1,1,2
360470570,3,4,7
360470571,3,3,6
360470572,2,1,3
360470573,2,3,5
360470574,2,7,9
360470575,5,5,10
360470576,4,4,8
360470577,5,2,7
360470578,11,11,22
360470579,0,1,1
360470580,5,4,9
360470582,2,2,4
360470584,3,7,10
360470586,5,5,10
360470588,6,3,9
360470590,1,3,4
360470591,2,2,4
360470592,8,11,19
360470593,0,3,3
360470594,18,16,34
360470596,6,1,7
360470598,3,3,6
360470600,22,21,43
360470606,5,10,15
360470608,13,22,35
360470610,35,57,92
360470612,14,18,32
360470614,10,10,20
360470616,8,13,21
360470618,6,8,14
360470622,4,6,10
360470626,2,2,4
360470628,2,1,3
360470632,1,2,3
360470638,0,3,3
360470640,1,3,4
360470642,5,12,17
360470644,2,5,7
360470646,3,2,5
360470648,1,1,2
360470650,2,0,2
360470652,1,1,2
360470654,1,1,2
360470656,0,1,1
360470658,1,1,2
360470660,1,1,2
360470662,3,22,25
360470670,2,2,4
360470672,0,1,1
360470676,0,2,2
360470678,4,1,5
360470680,5,4,9
360470682,3,1,4
360470686,1,2,3
360470688,2,1,3
360470690,2,6,8
360470692,1,1,2
360470696,13,10,23
360470698,1,4,5
360470700,2,2,4
360470702,39,38,77
360470706,8,10,18
360470720,0,2,2
360470722,0,1,1
360470724,2,2,4
360470726,2,2,4
360470728,3,3,6
360470730,4,2,6
360470732,1,3,4
360470734,1,0,1
360470736,2,0,2
360470738,3,1,4
360470740,2,1,3
360470742,2,5,7
360470744,0,4,4
360470746,13,26,39
360470748,2,6,8
360470750,3,4,7
360470752,4,9,13
360470754,3,6,9
360470756,5,6,11
360470758,8,7,15
360470760,6,5,11
360470762,11,15,26
360470764,5,5,10
360470766,3,2,5
360470770,5,3,8
360470772,3,7,10
360470774,4,0,4
360470776,4,3,7
360470780,0,1,1
360470782,1,2,3
360470784,1,2,3
360470786,5,1,6
360470788,0,1,1
360470790,0,2,2
360470792,5,3,8
360470794,1,1,2
360470796,1,0,1
360470798,9,7,16
360470800,9,7,16
360470802,3,4,7
360470804,1,0,1
360470806,1,4,5
360470810,1,1,2
360470812,21,28,49
360470814,4,1,5
360470816,247,376,623
360470818,71,101,172
360470820,6,3,9
360470822,4,1,5
360470824,2,2,4
360470826,3,2,5
360470828,2,1,3
360470830,2,1,3
360470832,3,0,3
360470840,1,0,1
360470846,1,1,2
360470848,0,1,1
360470850,1,2,3
360470854,1,3,4
360470856,4,1,5
360470858,1,0,1
360470860,7,10,17
360470862,0,1,1
360470866,0,1,1
360470868,4,0,4
360470870,0,2,2
360470872,1,1,2
360470874,3,20,23
360470876,0,4,4
360470878,52,10,62
360470880,4,3,7
360470882,0,3,3
360470890,167,158,325
360470894,1,1,2
360470896,18,11,29
360470898,2,2,4
360470900,1,0,1
360470902,2,1,3
360470906,1,1,2
360470912,0,1,1
360470914,1,1,2
360470916,1,1,2
360470918,0,1,1
360470920,1,0,1
360470922,3,2,5
360470928,14,7,21
360470930,1,2,3
360470934,3,0,3
360470936,1,0,1
360470938,1,0,1
360470940,0,1,1
360470944,2,0,2
360470950,1,1,2
360470954,4,2,6
360470956,2,4,6
360470958,4,3,7
360470962,0,1,1
360470966,3,4,7
360470968,3,5,8
360470970,5,3,8
360470984,1,1,2
360470986,3,1,4
360470988,2,1,3
360470990,4,3,7
360470992,3,0,3
360470994,4,2,6
360470996,3,5,8
360470998,3,3,6
360471004,0,1,1
360471006,1,0,1
360471008,1,0,1
360471010,3,1,4
360471014,1,1,2
360471016,0,1,1
360471018,2,3,5
360471020,3,2,5
360471022,4,2,6
360471024,3,3,6
360471026,4,1,5
360471028,0,2,2
360471058,4,8,12
360471070,0,1,1
360471100,0,1,1
360471110,1,0,1
360471114,0,1,1
360471120,2,0,2
360471122,0,1,1
360471126,1,0,1
360471128,1,1,2
360471130,1,0,1
360471132,0,1,1
360471142,1,1,2
360471154,3,1,4
360471156,1,1,2
360471158,0,2,2
360471160,0,1,1
360471164,1,1,2
360471168,2,0,2
360471172,0,1,1
360471174,1,0,1
360471176,0,1,1
360471182,1,0,1
360471184,0,1,1
360471188,2,0,2
360471192,0,1,1
360471196,1,0,1
360471200,2,0,2
360471208,1,5,6
360471210,1,0,1
360471220,5,2,7
360499501,1,0,1
360499503,16,10,26
360499504,2,0,2
360499506,1,0,1
360510301,5,1,6
360510302,7,4,11
360510303,4,1,5
360510304,5,1,6
360510306,1,0,1
360510307,2,3,5
360510308,4,0,4
360510309,1,1,2
360510311,1,3,4
360510312,1,0,1
360510313,1,0,1
360510314,14,12,26
360510520,0,1,1
360519501,0,1,1
360530301,23,26,49
360530303,0,1,1
360530304,10,3,13
360530305,9,17,26
360530306,1,1,2
360530307,4,3,7
360530309,7,11,18
360530310,7,0,7
360550002,0,4,4
360550010,5,11,16
360550013,9,0,9
360550020,2,1,3
360550021,0,1,1
360550022,0,2,2
360550023,2,0,2
360550029,19,28,47
360550030,8,8,16
360550031,9,23,32
360550033,26,0,26
360550034,4,6,10
360550035,26,29,55
360550036,5,14,19
360550037,8,4,12
360550038,221,709,930
360550039,1,0,1
360550047,4,4,8
360550054,1,0,1
360550058,1,1,2
360550059,0,1,1
360550060,0,1,1
360550061,3,1,4
360550062,1,2,3
360550063,14,8,22
360550064,3,0,3
360550067,6,1,7
360550068,0,1,1
360550070,4,2,6
360550071,1,3,4
360550075,0,1,1
360550076,3,6,9
360550077,3,6,9
360550078,30,25,55
360550081,72,93,165
360550083,2,0,2
360550085,1,0,1
360550086,2,1,3
360550088,3,0,3
360550093,2,15,17
360550094,9,19,28
360550095,8,15,23
360550096,2,3,5
360550102,5,4,9
360550103,2,3,5
360550104,8,5,13
360550105,5,4,9
360550106,14,11,25
360550107,1,2,3
360550108,1,3,4
360550109,20,16,36
360550110,10,5,15
360550111,3,1,4
360550112,31,22,53
360550113,12,10,22
360550114,3,4,7
360550115,55,46,101
360550116,29,48,77
360550117,56,86,142
360550118,3,2,5
360550119,23,21,44
360550121,5,2,7
360550122,37,63,100
360550123,160,264,424
360550124,25,43,68
360550125,13,12,25
360550126,39,83,122
360550127,19,25,44
360550128,44,60,104
360550129,62,110,172
360550130,110,161,271
360550131,20,23,43
360550132,17,46,63
360550133,2,4,6
360550134,5,4,9
360550135,34,16,50
360550136,14,10,24
360550137,2,0,2
360550138,0,1,1
360550139,1,2,3
360550140,27,3,30
360550141,40,53,93
360550142,16,6,22
360550143,8,7,15
360550144,14,2,16
360550145,11,12,23
360550146,4,10,14
360550147,2,5,7
360550148,10,8,18
360550149,16,3,19
360550150,1,5,6
360550151,0,3,3
360550152,12,7,19
360550153,4,6,10
360550154,4,1,5
360550501,1,4,5
360550505,1,0,1
360559512,1,0,1
360570615,1,0,1
360570616,0,1,1
360570703,0,1,1
360570704,8,16,24
360570705,1,4,5
360570706,2,1,3
360570707,1,2,3
360570709,7,5,12
360570721,15,12,27
360570722,0,2,2
360570723,1,1,2
360570724,2,0,2
360570725,2,1,3
360570726,3,0,3
360570728,1,0,1
360579914,1,2,3
360591507,0,2,2
360591551,2,1,3
360593001,23,55,78
360593003,11,36,47
360593004,34,80,114
360593005,48,107,155
360593006,93,143,236
360593007,29,112,141
360593008,22,32,54
360593009,200,367,567
360593010,26,49,75
360593011,16,36,52
360593012,18,46,64
360593013,9,20,29
360593014,8,8,16
360593015,17,41,58
360593016,47,112,159
360593017,10,28,38
360593018,130,370,500
360593019,21,59,80
360593020,37,85,122
360593021,65,116,181
360593022,9,64,73
360593023,91,109,200
360593024,22,28,50
360593025,62,126,188
360593026,1,10,11
360593027,15,17,32
360593028,28,48,76
360593029,16,12,28
360593030,17,13,30
360593031,97,140,237
360593032,23,33,56
360593033,14,16,30
360593034,11,11,22
360593035,15,9,24
360593036,206,262,468
360593037,7,17,24
360593038,11,9,20
360593039,8,17,25
360593040,7,9,16
360593041,6,10,16
360593042,5,6,11
360594043,4,6,10
360594044,2,8,10
360594045,2,7,9
360594046,4,7,11
360594047,7,12,19
360594048,3,1,4
360594049,9,17,26
360594050,7,6,13
360594051,15,16,31
360594052,2,0,2
360594053,3,4,7
360594054,8,6,14
360594055,10,6,16
360594056,10,8,18
360594057,4,10,14
360594058,5,5,10
360594059,14,21,35
360594060,20,23,43
360594061,4,4,8
360594062,24,48,72
360594063,6,7,13
360594064,27,56,83
360594065,34,65,99
360594066,9,35,44
360594067,8,24,32
360594068,5,3,8
360594069,4,3,7
360594070,1,3,4
360594071,4,10,14
360594072,5,8,13
360594073,43,86,129
360594074,10,9,19
360594075,7,3,10
360594076,17,28,45
360594077,7,6,13
360594078,167,159,326
360594079,8,10,18
360594080,10,7,17
360594081,11,12,23
360594082,12,17,29
360594083,9,8,17
360594084,3,3,6
360594085,8,13,21
360594086,6,2,8
360594087,1,3,4
360594088,9,1,10
360594089,6,5,11
360594090,5,4,9
360594091,7,9,16
360594092,2,3,5
360594093,1,1,2
360594094,2,2,4
360594095,0,1,1
360594096,5,2,7
360594097,3,5,8
360594098,13,9,22
360594099,10,15,25
360594100,13,22,35
360594101,11,14,25
360594102,9,5,14
360594103,5,6,11
360594104,11,7,18
360594105,16,16,32
360594106,7,10,17
360594107,2,13,15
360594108,9,13,22
360594109,23,19,42
360594110,2,7,9
360594111,5,1,6
360594112,26,51,77
360594113,66,114,180
360594114,39,57,96
360594115,14,28,42
360594116,45,75,120
360594117,28,50,78
360594118,9,16,25
360594119,9,18,27
360594120,11,6,17
360594121,10,11,21
360594122,8,11,19
360594123,20,59,79
360594124,22,57,79
360594125,3,9,12
360594126,14,27,41
360594127,6,10,16
360594128,4,7,11
360594129,11,5,16
360594130,6,5,11
360594131,25,27,52
360594132,13,7,20
360594133,10,12,22
360594134,14,20,34
360594135,16,9,25
360594136,10,23,33
360594137,9,6,15
360594138,26,30,56
360594139,1,1,2
360594140,2,0,2
360594141,13,8,21
360594142,13,5,18
360594143,12,19,31
360594144,3,1,4
360594145,12,8,20
360594146,5,2,7
360594147,4,5,9
360594148,13,11,24
360594149,7,11,18
360594150,3,6,9
360594151,16,33,49
360594152,29,38,67
360594153,2,5,7
360594154,21,28,49
360594155,3,1,4
360594156,3,7,10
360594157,3,7,10
360594158,3,6,9
360594159,3,2,5
360594160,7,3,10
360594161,4,3,7
360594162,5,8,13
360594163,10,13,23
360594164,5,8,13
360594165,4,6,10
360594166,22,18,40
360594167,6,21,27
360594168,11,18,29
360594169,10,19,29
360595170,8,23,31
360595171,24,30,54
360595172,7,19,26
360595173,43,49,92
360595174,6,19,25
360595175,13,16,29
360595176,8,17,25
360595177,86,189,275
360595178,17,29,46
360595179,5,16,21
360595180,11,17,28
360595181,6,11,17
360595182,78,167,245
360595183,30,59,89
360595184,13,29,42
360595185,42,70,112
360595186,27,18,45
360595187,16,27,43
360595188,12,8,20
360595189,7,19,26
360595190,4,9,13
360595191,8,7,15
360595192,27,29,56
360595193,7,17,24
360595194,4,7,11
360595195,15,18,33
360595196,29,43,72
360595197,46,78,124
360595198,26,45,71
360595199,3,3,6
360595200,2,8,10
360595201,6,9,15
360595202,9,35,44
360595203,9,17,26
360595204,8,8,16
360595205,1,3,4
360595206,1,2,3
360595207,2,2,4
360595208,4,13,17
360595209,0,2,2
360595210,5,5,10
360595211,10,19,29
360595212,21,9,30
360595213,4,15,19
360595214,9,8,17
360595215,2,4,6
360595216,3,2,5
360595217,9,13,22
360595218,2,4,6
360595219,6,10,16
360595220,7,5,12
360610002,4,7,11
360610006,18,5,23
360610007,12,41,53
360610008,7,6,13
360610009,7,14,21
360610010,0,4,4
360610012,6,8,14
360610013,8,25,33
360610014,14,15,29
360610015,98,75,173
360610016,3,7,10
360610018,1,3,4
360610021,17,31,48
360610022,3,5,8
360610026,5,11,16
360610027,3,3,6
360610028,8,11,19
360610029,38,36,74
360610030,6,14,20
360610031,25,31,56
360610032,8,18,26
360610033,27,37,64
360610034,5,20,25
360610036,4,13,17
360610038,10,22,32
360610039,10,19,29
360610040,14,122,136
360610041,28,15,43
360610042,50,94,144
360610043,12,16,28
360610044,46,148,194
360610045,1,5,6
360610047,2,11,13
360610048,78,266,344
360610049,8,16,24
360610050,37,102,139
360610051,5,9,14
360610052,53,56,109
360610053,0,3,3
360610054,19,39,58
360610055,18,33,51
360610056,26,32,58
360610057,11,29,40
360610058,7,26,33
360610059,13,41,54
360610060,17,43,60
360610061,22,68,90
360610062,198,701,899
360610063,20,60,80
360610064,63,179,242
360610065,9,22,31
360610066,31,69,100
360610067,8,22,30
360610068,23,51,74
360610069,3,9,12
360610070,75,248,323
360610071,80,285,365
360610072,35,101,136
360610073,12,28,40
360610074,31,45,76
360610075,10,30,40
360610076,5,19,24
360610077,25,63,88
360610078,55,131,186
360610079,8,10,18
360610080,19,75,94
360610081,51,126,177
360610082,29,69,98
360610083,8,18,26
360610084,4,6,10
360610086,45,115,160
360610087,15,35,50
360610088,31,76,107
360610089,5,24,29
360610090,22,94,116
360610091,18,49,67
360610092,7,25,32
360610093,10,32,42
360610094,5,15,20
360610095,6,11,17
360610096,5,10,15
360610097,3,6,9
360610098,14,35,49
360610099,4,13,17
360610100,21,54,75
360610101,6,14,20
360610102,7,21,28
360610103,9,20,29
360610104,4,12,16
360610106,44,191,235
360610108,44,138,182
360610109,2,2,4
360610110,29,95,124
360610111,3,5,8
360610112,29,69,98
360610113,2,10,12
360610114,42,133,175
360610115,5,12,17
360610116,202,1036,1238
360610117,0,3,3
360610118,60,352,412
360610119,1,3,4
360610120,37,82,119
360610121,11,17,28
360610122,32,97,129
360610124,170,484,654
360610125,10,12,22
360610126,99,451,550
360610127,11,13,24
360610128,92,271,363
360610129,11,33,44
360610130,44,120,164
360610131,2,15,17
360610132,38,79,117
360610133,14,15,29
360610134,50,132,182
360610135,11,38,49
360610136,64,182,246
360610137,35,79,114
360610138,41,120,161
360610139,73,165,238
360610140,56,176,232
360610142,47,155,202
360610143,1,4,5
360610144,42,161,203
360610145,41,149,190
360610146,46,151,197
360610147,97,150,247
360610148,72,201,273
360610149,23,81,104
360610150,67,262,329
360610151,15,83,98
360610152,18,86,104
360610153,35,120,155
360610154,58,192,250
360610155,33,78,111
360610156,94,177,271
360610157,30,94,124
360610158,68,196,264
360610159,31,95,126
360610160,56,180,236
360610161,18,55,73
360610162,49,18,67
360610163,22,49,71
360610164,11,5,16
360610165,20,65,85
360610166,8,3,11
360610167,28,63,91
360610168,505,685,1190
360610169,38,88,126
360610170,5,1,6
360610171,40,77,117
360610172,11,67,78
360610173,25,101,126
360610174,3,10,13
360610175,37,95,132
360610177,19,65,84
360610178,3,14,17
360610179,22,62,84
360610180,4,1,5
360610181,41,86,127
360610182,0,1,1
360610183,37,84,121
360610184,3,4,7
360610185,16,30,46
360610186,1,1,2
360610187,29,56,85
360610188,2,3,5
360610189,20,29,49
360610190,6,2,8
360610191,34,75,109
360610192,3,0,3
360610193,8,26,34
360610194,3,4,7
360610195,28,54,82
360610196,5,10,15
360610197,6,6,12
360610198,3,28,31
360610199,31,92,123
360610200,8,1,9
360610201,77,162,239
360610203,1,4,5
360610205,20,21,41
360610206,2,2,4
360610207,10,11,21
360610208,2,7,9
360610209,13,23,36
360610210,6,10,16
360610211,12,24,36
360610212,127,94,221
360610213,0,1,1
360610214,5,3,8
360610216,8,9,17
360610217,0,1,1
360610218,8,6,14
360610220,4,3,7
360610221,7,5,12
360610222,12,7,19
360610223,1,3,4
360610224,1,1,2
360610225,2,4,6
360610226,2,5,7
360610227,8,5,13
360610228,3,3,6
360610229,4,6,10
360610230,5,10,15
360610231,6,13,19
360610232,2,1,3
360610233,10,6,16
360610234,1,1,2
360610235,4,5,9
360610236,3,1,4
360610237,4,4,8
360610238,32,60,92
360610239,0,3,3
360610240,0,3,3
360610241,9,7,16
360610243,7,51,58
360610245,4,14,18
360610247,13,11,24
360610249,1,1,2
360610251,135,461,596
360610253,11,12,23
360610255,42,231,273
360610261,3,2,5
360610263,10,5,15
360610265,12,24,36
360610267,0,2,2
360610269,3,2,5
360610271,16,16,32
360610273,19,35,54
360610275,14,24,38
360610277,3,2,5
360610279,6,15,21
360610281,9,14,23
360610283,4,7,11
360610285,5,4,9
360610287,3,10,13
360610289,1,1,2
360610291,2,1,3
360610293,5,2,7
360610295,8,11,19
360610297,2,3,5
360610303,5,4,9
360610307,11,14,25
360610313,0,73,73
360610317,24,62,86
360610319,0,2,2
360630201,5,1,6
360630202,1,0,1
360630203,0,1,1
360630205,0,4,4
360630209,2,0,2
360630210,1,3,4
360630211,3,10,13
360630212,4,11,15
360630213,0,1,1
360630222,3,1,4
360630224,1,2,3
360630225,4,1,5
360630226,3,6,9
360630227,15,25,40
360630228,9,8,17
360630230,2,1,3
360630232,2,4,6
360630233,4,5,9
360630234,9,8,17
360630235,2,1,3
360630237,2,2,4
360630238,4,2,6
360630239,16,16,32
360630240,4,1,5
360630241,1,0,1
360630242,7,0,7
360630243,3,4,7
360630244,42,30,72
360630245,7,10,17
360650115,1,0,1
360650203,1,7,8
360650207,24,14,38
360650208,15,0,15
360650211,4,28,32
360650212,0,1,1
360650213,4,3,7
360650214,7,3,10
360650216,3,2,5
360650217,28,45,73
360650218,5,1,6
360650220,0,1,1
360650222,4,10,14
360650223,4,7,11
360650224,3,3,6
360650226,2,2,4
360650227,14,14,28
360650228,2,2,4
360650232,0,1,1
360650234,36,40,76
360650235,5,6,11
360650236,0,1,1
360650237,4,9,13
360650238,0,1,1
360650239,2,1,3
360650240,3,4,7
360650241,1,2,3
360650243,8,3,11
360650245,2,0,2
360650246,2,4,6
360650247,1,1,2
360650248,1,2,3
360650249,4,3,7
360650250,14,23,37
360650251,6,9,15
360650252,3,5,8
360650253,33,65,98
360650254,31,46,77
360650255,5,2,7
360650256,1,0,1
360650257,3,1,4
360650258,0,1,1
360670001,4,3,7
360670002,0,1,1
360670004,1,0,1
360670005,1,0,1
360670007,0,2,2
360670008,0,1,1
360670009,4,13,17
360670013,3,2,5
360670014,1,0,1
360670015,0,4,4
360670016,14,22,36
360670017,1,6,7
360670018,0,1,1
360670019,2,3,5
360670022,1,1,2
360670023,52,44,96
360670024,0,1,1
360670027,1,0,1
360670028,0,9,9
360670029,1,1,2
360670030,1,0,1
360670032,42,77,119
360670034,31,45,76
360670035,1,14,15
360670036,1,7,8
360670039,0,1,1
360670040,1,0,1
360670042,4,10,14
360670043,170,436,606
360670044,13,32,45
360670045,3,16,19
360670046,17,47,64
360670048,1,3,4
360670050,2,3,5
360670055,3,4,7
360670056,7,10,17
360670059,1,0,1
360670060,0,2,2
360670061,12,21,33
360670101,1,1,2
360670102,6,7,13
360670103,6,0,6
360670105,0,1,1
360670106,1,1,2
360670107,6,0,6
360670108,2,11,13
360670109,0,3,3
360670110,30,45,75
360670111,9,10,19
360670112,14,16,30
360670113,3,1,4
360670114,10,12,22
360670115,4,4,8
360670116,3,8,11
360670118,1,1,2
360670119,2,0,2
360670120,5,2,7
360670121,4,2,6
360670122,1,0,1
360670123,6,8,14
360670124,13,4,17
360670125,5,0,5
360670126,5,2,7
360670127,5,5,10
360670128,1,1,2
360670130,1,0,1
360670131,0,1,1
360670132,1,1,2
360670133,1,1,2
360670134,9,16,25
360670135,5,6,11
360670136,1,1,2
360670137,0,1,1
360670138,1,2,3
360670139,1,0,1
360670141,2,5,7
360670142,2,0,2
360670143,3,8,11
360670144,0,1,1
360670145,14,31,45
360670146,9,24,33
360670147,22,65,87
360670148,29,66,95
360670149,2,11,13
360670150,31,45,76
360670151,16,52,68
360670152,63,88,151
360670153,6,14,20
360670154,1,2,3
360670155,5,6,11
360670157,20,44,64
360670158,3,9,12
360670160,7,7,14
360670161,7,20,27
360670163,23,63,86
360670164,4,8,12
360670165,6,3,9
360670166,17,15,32
360670167,13,16,29
360670168,0,5,5
360670169,3,7,10
360690117,0,1,1
360690501,31,45,76
360690502,7,2,9
360690503,7,20,27
360690504,4,4,8
360690505,2,3,5
360690506,24,39,63
360690508,1,3,4
360690509,11,5,16
360690510,20,15,35
360690511,2,2,4
360690512,1,1,2
360690513,1,4,5
360690515,6,14,20
360690516,7,10,17
360690517,19,12,31
360690519,4,4,8
360690520,3,0,3
360690521,2,4,6
360690522,2,2,4
360710001,3,8,11
360710002,12,4,16
360710003,3,3,6
360710004,10,5,15
360710006,4,5,9
360710011,3,1,4
360710012,0,1,1
360710013,4,16,20
360710014,8,13,21
360710015,5,30,35
360710016,2,2,4
360710017,1,7,8
360710021,2,7,9
360710022,11,3,14
360710023,1,0,1
360710101,7,6,13
360710102,12,18,30
360710103,5,9,14
360710104,4,3,7
360710105,5,6,11
360710106,1,2,3
360710107,2,2,4
360710108,6,6,12
360710109,1,3,4
360710110,56,83,139
360710111,7,5,12
360710112,13,17,30
360710113,6,13,19
360710114,0,3,3
360710115,2,3,5
360710116,1,0,1
360710117,4,6,10
360710118,6,13,19
360710119,16,18,34
360710121,15,30,45
360710122,19,24,43
360710123,7,9,16
360710124,0,4,4
360710125,4,7,11
360710126,9,13,22
360710127,10,8,18
360710128,8,8,16
360710129,3,11,14
360710130,10,17,27
360710131,5,10,15
360710132,9,4,13
360710133,3,3,6
360710134,2,1,3
360710135,8,9,17
360710136,12,14,26
360710137,1,0,1
360710138,4,1,5
360710139,5,7,12
360710141,12,8,20
360710142,10,16,26
360710143,10,6,16
360710144,3,1,4
360710145,5,17,22
360710146,18,14,32
360710147,3,2,5
360710148,0,1,1
360710149,5,12,17
360710150,5,3,8
360719512,1,0,1
360719544,1,0,1
360730402,2,3,5
360730403,0,1,1
360730404,7,8,15
360730406,2,1,3
360730407,4,2,6
360730408,0,1,1
360734010,4,2,6
360739502,0,1,1
360750201,2,1,3
360750202,0,1,1
360750203,5,2,7
360750204,2,1,3
360750205,1,0,1
360750206,1,3,4
360750207,2,1,3
360750209,3,1,4
360750210,2,1,3
360750211,14,5,19
360750212,1,2,3
360750213,1,0,1
360750214,6,4,10
360750215,0,4,4
360750216,27,28,55
360750401,0,1,1
360779901,14,24,38
360779902,82,164,246
360779903,1,3,4
360779904,0,1,1
360779905,1,1,2
360779906,1,1,2
360779907,0,2,2
360779908,11,3,14
360779909,7,23,30
360779910,9,8,17
360779911,2,5,7
360779912,1,0,1
360779914,1,1,2
360779916,1,1,2
360790102,7,6,13
360790103,2,2,4
360790104,9,6,15
360790105,5,9,14
360790106,5,3,8
360790107,5,9,14
360790108,2,2,4
360790109,11,7,18
360790110,5,5,10
360790111,2,6,8
360790112,7,9,16
360790113,3,4,7
360790114,4,13,17
360790115,5,5,10
360790116,7,27,34
360790117,8,8,16
360790118,9,4,13
360790119,4,4,8
360790149,1,0,1
360810001,9,30,39
360810002,0,1,1
360810004,1,1,2
360810006,1,1,2
360810007,3,10,13
360810008,2,1,3
360810010,7,1,8
360810012,9,4,13
360810014,3,3,6
360810016,0,1,1
360810018,2,0,2
360810019,3,18,21
360810022,0,2,2
360810024,0,1,1
360810025,1,0,1
360810026,3,2,5
360810027,1,2,3
360810028,1,0,1
360810030,3,3,6
360810032,2,0,2
360810034,1,0,1
360810036,1,0,1
360810038,4,3,7
360810039,1,0,1
360810040,3,1,4
360810041,1,0,1
360810042,0,3,3
360810044,1,2,3
360810045,5,2,7
360810047,0,3,3
360810049,1,1,2
360810051,2,0,2
360810052,2,1,3
360810053,8,8,16
360810054,0,2,2
360810055,0,1,1
360810057,3,3,6
360810058,2,2,4
360810059,2,2,4
360810061,5,13,18
360810062,13,7,20
360810063,16,12,28
360810065,5,5,10
360810067,2,2,4
360810069,4,11,15
360810071,11,10,21
360810073,18,21,39
360810075,5,5,10
360810077,0,2,2
360810079,0,4,4
360810081,0,1,1
360810083,0,1,1
360810087,2,0,2
360810088,1,1,2
360810091,4,5,9
360810094,0,1,1
360810095,4,1,5
360810096,2,3,5
360810097,3,7,10
360810098,2,1,3
360810100,1,1,2
360810101,5,3,8
360810102,1,1,2
360810103,3,0,3
360810104,2,0,2
360810105,0,1,1
360810106,2,4,6
360810107,0,1,1
360810108,1,2,3
360810111,0,1,1
360810112,1,2,3
360810113,11,6,17
360810115,1,6,7
360810117,4,9,13
360810118,2,2,4
360810119,0,1,1
360810120,2,2,4
360810121,5,3,8
360810122,4,2,6
360810123,4,2,6
360810124,1,0,1
360810126,0,2,2
360810128,4,1,5
360810130,44,10,54
360810132,1,4,5
360810134,6,14,20
360810135,0,1,1
360810136,5,7,12
360810137,0,2,2
360810138,2,5,7
360810140,8,5,13
360810141,1,0,1
360810142,64,39,103
360810143,6,1,7
360810144,6,1,7
360810145,2,3,5
360810147,5,7,12
360810148,1,0,1
360810149,2,6,8
360810150,1,0,1
360810151,2,0,2
360810152,3,0,3
360810153,7,6,13
360810154,1,2,3
360810155,4,4,8
360810156,5,7,12
360810158,7,6,13
360810159,2,2,4
360810161,1,4,5
360810163,2,0,2
360810164,0,1,1
360810166,4,0,4
360810168,0,1,1
360810169,0,5,5
360810174,1,0,1
360810179,1,1,2
360810181,6,7,13
360810182,2,1,3
360810183,5,4,9
360810185,2,8,10
360810186,0,1,1
360810187,3,2,5
360810188,0,1,1
360810189,0,4,4
360810192,1,0,1
360810198,1,0,1
360810202,0,1,1
360810205,1,1,2
360810208,2,0,2
360810212,6,2,8
360810214,5,2,7
360810216,6,12,18
360810220,16,16,32
360810230,1,0,1
360810232,13,8,21
360810235,8,3,11
360810236,20,21,41
360810238,5,1,6
360810240,1,0,1
360810243,1,7,8
360810245,6,4,10
360810247,2,3,5
360810249,7,4,11
360810251,5,7,12
360810252,1,0,1
360810253,3,8,11
360810255,1,2,3
360810257,4,4,8
360810259,2,4,6
360810261,2,0,2
360810263,2,6,8
360810265,7,9,16
360810266,3,0,3
360810267,72,80,152
360810269,17,8,25
360810270,1,0,1
360810271,4,7,11
360810272,2,0,2
360810273,6,0,6
360810275,13,9,22
360810276,0,1,1
360810277,3,2,5
360810279,1,10,11
360810281,7,8,15
360810282,1,1,2
360810283,9,8,17
360810285,5,7,12
360810287,9,15,24
360810288,1,0,1
360810289,8,15,23
360810291,8,8,16
360810292,2,0,2
360810293,1,1,2
360810295,2,2,4
360810297,2,1,3
360810304,0,3,3
360810309,9,17,26
360810317,7,4,11
360810320,3,4,7
360810327,3,3,6
360810328,1,2,3
360810329,1,0,1
360810330,0,1,1
360810331,2,0,2
360810334,6,5,11
360810339,1,2,3
360810347,1,2,3
360810351,2,3,5
360810352,1,1,2
360810355,0,3,3
360810358,3,0,3
360810361,2,1,3
360810363,1,0,1
360810366,1,0,1
360810367,2,2,4
360810368,0,2,2
360810369,1,0,1
360810371,0,1,1
360810375,3,1,4
360810376,1,0,1
360810377,1,0,1
360810379,1,1,2
360810381,1,1,2
360810383,1,0,1
360810384,1,0,1
360810394,0,1,1
360810399,0,1,1
360810400,2,1,3
360810401,4,1,5
360810403,4,4,8
360810405,3,1,4
360810409,0,1,1
360810413,0,1,1
360810414,1,0,1
360810415,1,0,1
360810422,1,2,3
360810427,2,1,3
360810432,1,1,2
360810437,2,5,7
360810439,2,0,2
360810443,1,4,5
360810446,9,4,13
360810448,4,3,7
360810450,6,5,11
360810452,6,4,10
360810454,20,16,36
360810455,6,1,7
360810456,2,6,8
360810457,2,7,9
360810458,7,6,13
360810459,1,2,3
360810460,2,2,4
360810461,0,3,3
360810462,4,5,9
360810464,8,9,17
360810465,7,3,10
360810466,14,22,36
360810467,5,5,10
360810468,4,0,4
360810469,6,1,7
360810470,1,2,3
360810471,8,8,16
360810472,20,20,40
360810473,22,11,33
360810475,19,10,29
360810476,10,22,32
360810478,27,18,45
360810479,5,6,11
360810480,4,1,5
360810481,4,5,9
360810482,3,2,5
360810483,5,4,9
360810484,2,2,4
360810485,6,5,11
360810489,1,3,4
360810492,6,6,12
360810493,3,2,5
360810497,2,2,4
360810499,2,2,4
360810500,2,0,2
360810502,0,1,1
360810504,1,0,1
360810505,1,3,4
360810506,0,2,2
360810507,1,1,2
360810510,0,1,1
360810511,0,1,1
360810512,1,1,2
360810513,1,1,2
360810515,0,1,1
360810516,1,2,3
360810517,2,3,5
360810518,1,0,1
360810521,4,1,5
360810524,0,1,1
360810525,1,0,1
360810526,0,1,1
360810527,1,0,1
360810528,1,2,3
360810530,3,0,3
360810532,1,0,1
360810534,1,1,2
360810536,2,1,3
360810538,4,1,5
360810539,10,4,14
360810540,2,3,5
360810542,6,5,11
360810547,2,2,4
360810548,2,1,3
360810549,3,3,6
360810551,5,1,6
360810552,7,7,14
360810553,8,0,8
360810554,3,4,7
360810555,1,1,2
360810556,0,1,1
360810557,3,2,5
360810558,2,1,3
360810560,4,1,5
360810562,2,1,3
360810564,2,1,3
360810566,2,2,4
360810567,2,3,5
360810568,4,4,8
360810577,3,1,4
360810578,2,1,3
360810579,1,0,1
360810580,1,2,3
360810581,7,1,8
360810583,5,2,7
360810585,4,2,6
360810587,3,4,7
360810588,2,1,3
360810589,4,1,5
360810590,3,1,4
360810591,3,0,3
360810592,2,1,3
360810593,7,1,8
360810594,0,1,1
360810595,1,2,3
360810596,3,1,4
360810598,0,1,1
360810599,0,1,1
360810600,1,0,1
360810601,1,0,1
360810602,2,0,2
360810603,0,1,1
360810604,2,2,4
360810606,1,1,2
360810607,2,1,3
360810608,3,1,4
360810610,1,1,2
360810612,3,1,4
360810613,4,4,8
360810614,2,2,4
360810616,2,5,7
360810618,2,2,4
360810619,2,1,3
360810621,0,4,4
360810623,3,1,4
360810625,1,0,1
360810626,0,1,1
360810629,1,1,2
360810632,3,2,5
360810633,3,4,7
360810635,0,1,1
360810637,3,2,5
360810638,3,0,3
360810639,7,3,10
360810641,4,9,13
360810645,10,12,22
360810646,4,1,5
360810650,4,0,4
360810654,0,2,2
360810655,0,1,1
360810656,4,3,7
360810657,6,1,7
360810659,1,3,4
360810660,2,1,3
360810663,2,4,6
360810664,7,2,9
360810665,5,2,7
360810667,1,0,1
360810669,4,1,5
360810671,3,6,9
360810677,1,1,2
360810679,5,7,12
360810680,6,1,7
360810682,1,1,2
360810683,14,25,39
360810687,8,7,15
360810690,1,2,3
360810693,17,5,22
360810694,5,2,7
360810695,9,5,14
360810697,21,34,55
360810703,9,12,21
360810707,5,13,18
360810709,5,14,19
360810711,17,39,56
360810713,79,102,181
360810717,35,42,77
360810719,4,6,10
360810721,13,13,26
360810725,3,6,9
360810727,5,14,19
360810729,5,6,11
360810731,5,3,8
360810733,5,8,13
360810735,4,22,26
360810737,7,23,30
360810739,58,75,133
360810741,8,7,15
360810743,10,17,27
360810745,5,5,10
360810747,8,14,22
360810757,40,64,104
360810769,23,35,58
360810771,8,12,20
360810773,5,7,12
360810775,7,8,15
360810779,59,64,123
360810788,1,0,1
360810790,1,0,1
360810792,1,2,3
360810797,26,36,62
360810799,9,23,32
360810803,13,25,38
360810809,12,13,25
360810818,5,2,7
360810837,83,125,208
360810838,5,7,12
360810840,2,0,2
360810845,1,2,3
360810846,3,2,5
360810851,15,14,29
360810853,20,23,43
360810855,6,8,14
360810857,6,11,17
360810859,21,31,52
360810861,10,11,21
360810863,4,2,6
360810865,12,8,20
360810867,2,5,7
360810871,16,17,33
360810884,7,6,13
360810889,5,7,12
360810892,26,21,47
360810916,6,6,12
360810919,3,4,7
360810922,8,10,18
360810928,8,22,30
360810929,5,2,7
360810934,9,17,26
360810938,4,1,5
360810939,2,5,7
360810942,4,5,9
360810945,10,16,26
360810947,2,0,2
360810962,1,0,1
360810964,0,1,1
360810972,6,7,13
360810973,6,5,11
360810981,3,6,9
360810987,6,9,15
360810991,19,25,44
360810992,2,2,4
360810997,46,89,135
360810998,82,14,96
360811008,3,3,6
360811010,11,10,21
360811017,5,8,13
360811029,2,6,8
360811032,8,6,14
360811033,4,10,14
360811039,3,8,11
360811047,8,12,20
360811059,2,7,9
360811072,0,2,2
360811081,9,10,19
360811083,1,3,4
360811091,6,15,21
360811097,6,11,17
360811099,0,2,2
360811113,6,7,13
360811123,2,4,6
360811129,3,7,10
360811133,2,2,4
360811139,4,5,9
360811141,3,10,13
360811147,7,13,20
360811151,7,3,10
360811155,2,1,3
360811157,5,3,8
360811159,3,2,5
360811161,10,6,16
360811163,8,9,17
360811167,1,3,4
360811171,8,9,17
360811175,4,10,14
360811181,4,3,7
360811185,3,2,5
360811187,5,1,6
360811189,4,6,10
360811191,0,3,3
360811199,4,3,7
360811201,103,36,139
360811203,4,3,7
360811205,2,7,9
360811207,7,3,10
360811215,19,19,38
360811223,6,13,19
360811227,10,13,23
360811241,12,9,21
360811247,9,14,23
360811257,9,4,13
360811265,9,14,23
360811267,39,29,68
360811273,14,15,29
360811275,16,35,51
360811291,24,47,71
360811301,1,17,18
360811333,14,17,31
360811339,1,7,8
360811341,7,10,17
360811347,8,9,17
360811367,8,14,22
360811377,6,12,18
360811385,7,15,22
360811399,7,9,16
360811403,6,6,12
360811409,6,11,17
360811417,8,13,21
360811429,4,6,10
360811435,2,0,2
360811441,4,4,8
360811447,2,2,4
360811451,13,3,16
360811459,5,4,9
360811463,1,20,21
360811467,6,5,11
360811471,4,9,13
360811479,6,10,16
360811483,16,22,38
360811507,14,27,41
360811529,15,33,48
360811551,96,222,318
360811567,1,7,8
360811571,27,31,58
360811579,36,32,68
360811617,2,4,6
360811621,3,4,7
360813029,2,1,3
360830401,0,3,3
360830402,0,1,1
360830403,2,0,2
360830404,0,1,1
360830405,16,14,30
360830406,2,1,3
360830407,16,11,27
360830411,1,1,2
360830412,3,3,6
360830413,14,31,45
360830414,6,9,15
360830515,2,1,3
360830516,7,13,20
360830517,7,1,8
360830518,1,3,4
360830519,4,1,5
360830520,8,8,16
360830521,6,3,9
360830522,6,9,15
360830523,11,13,24
360830524,20,27,47
360830525,19,8,27
360830526,2,7,9
360830940,1,0,1
360839903,1,0,1
360850003,0,1,1
360850006,0,7,7
360850007,3,2,5
360850008,3,2,5
360850009,1,1,2
360850011,2,1,3
360850015,2,3,5
360850017,7,4,11
360850020,9,18,27
360850021,0,2,2
360850027,1,2,3
360850029,1,6,7
360850033,3,8,11
360850036,3,0,3
360850039,3,3,6
360850040,4,3,7
360850047,7,14,21
360850050,15,51,66
360850059,9,9,18
360850064,5,9,14
360850065,4,8,12
360850070,130,129,259
360850074,3,5,8
360850075,2,3,5
360850081,2,0,2
360850091,131,106,237
360850096,26,21,47
360850097,7,7,14
360850105,6,18,24
360850112,17,26,43
360850114,18,14,32
360850121,11,10,21
360850122,16,19,35
360850125,0,3,3
360850128,8,12,20
360850132,21,18,39
360850133,1,0,1
360850134,18,11,29
360850138,13,19,32
360850141,2,2,4
360850146,14,26,40
360850147,12,11,23
360850151,12,6,18
360850156,20,28,48
360850169,33,67,100
360850170,24,33,57
360850173,13,12,25
360850176,23,15,38
360850177,42,73,115
360850179,24,40,64
360850187,15,11,26
360850189,34,27,61
360850196,12,18,30
360850197,1,4,5
360850201,1,3,4
360850208,17,29,46
360850213,1,1,2
360850219,1,1,2
360850226,7,5,12
360850231,1,0,1
360850239,2,2,4
360850244,11,17,28
360850247,0,1,1
360850248,1,2,3
360850251,7,4,11
360850273,27,30,57
360850277,30,20,50
360850279,6,14,20
360850291,20,27,47
360850303,6,6,12
360850319,0,1,1
360870101,13,14,27
360870102,1,0,1
360870105,19,32,51
360870106,9,15,24
360870107,4,3,7
360870108,62,122,184
360870109,9,8,17
360870110,7,8,15
360870111,18,27,45
360870112,24,63,87
360870113,34,33,67
360870114,34,48,82
360870115,58,110,168
360870116,61,115,176
360870119,5,8,13
360870120,7,15,22
360870121,11,21,32
360870122,4,3,7
360870123,1,1,2
360870124,10,0,10
360870125,12,23,35
360870126,11,10,21
360870127,4,11,15
360870128,14,22,36
360870130,27,55,82
360870131,9,43,52
360870132,4,11,15
360870133,6,15,21
360870134,22,33,55
360899901,2,0,2
360899902,10,6,16
360899903,5,7,12
360899904,5,4,9
360899905,1,0,1
360899906,2,0,2
360899907,2,0,2
360899908,4,6,10
360899909,10,11,21
360899910,1,1,2
360899912,6,3,9
360899913,2,0,2
360899914,3,13,16
360899915,6,13,19
360899916,7,11,18
360899917,2,5,7
360899919,4,0,4
360899920,3,7,10
360899921,3,5,8
360899923,3,4,7
360899925,1,4,5
360899926,3,0,3
360899927,9,5,14
360899928,3,4,7
360899929,1,0,1
360910325,5,0,5
360910601,2,2,4
360910602,0,1,1
360910603,0,2,2
360910604,3,0,3
360910605,2,0,2
360910606,8,15,23
360910607,22,29,51
360910608,1,0,1
360910609,3,5,8
360910610,7,16,23
360910611,7,24,31
360910612,9,18,27
360910613,33,65,98
360910614,4,7,11
360910615,4,2,6
360910616,5,2,7
360910617,11,11,22
360910618,3,0,3
360910619,8,5,13
360910620,3,0,3
360910621,1,0,1
360910623,6,0,6
360910624,10,8,18
360910625,64,56,120
360910626,15,22,37
360910627,3,1,4
360910628,1,1,2
360910803,1,0,1
360930137,1,0,1
360930146,3,7,10
360930201,7,21,28
360930203,1,1,2
360930204,7,39,46
360930205,4,9,13
360930206,47,28,75
360930208,0,3,3
360930209,3,0,3
360930210,3,18,21
360930211,1,2,3
360930212,3,0,3
360930216,1,2,3
360930218,2,5,7
360930319,21,38,59
360930320,6,9,15
360930321,54,97,151
360930322,4,4,8
360930323,2,0,2
360930324,5,10,15
360930325,6,5,11
360930326,0,1,1
360930327,3,1,4
360930328,3,0,3
360930329,2,3,5
360930330,0,5,5
360930331,7,5,12
360930626,1,0,1
360930721,0,1,1
360939907,0,1,1
360959901,5,0,5
360959902,9,3,12
360959903,1,0,1
360959904,0,3,3
360959906,0,1,1
360959907,1,2,3
360959908,1,0,1
360979501,0,4,4
360979502,2,0,2
360979503,0,1,1
360979504,8,5,13
360979505,4,4,8
360999502,4,3,7
360999503,1,1,2
360999504,1,1,2
360999505,1,1,2
360999506,1,0,1
360999507,2,2,4
360999508,2,3,5
360999510,5,2,7
361019501,1,0,1
361019601,0,1,1
361019602,1,0,1
361019603,1,0,1
361019604,5,1,6
361019605,0,2,2
361019606,2,6,8
361019607,3,5,8
361019608,8,4,12
361019609,4,12,16
361019610,2,0,2
361019611,8,4,12
361019612,2,2,4
361019614,8,3,11
361019615,0,1,1
361019616,0,1,1
361019617,1,0,1
361019619,1,0,1
361019621,1,0,1
361019623,14,18,32
361019625,6,6,12
361019626,1,1,2
361019627,16,15,31
361019628,1,0,1
361019629,1,2,3
361019630,0,1,1
361031101,29,62,91
361031102,11,23,34
361031103,24,49,73
361031104,20,32,52
361031105,17,26,43
361031106,20,16,36
361031108,23,54,77
361031109,16,28,44
361031110,28,58,86
361031111,6,6,12
361031112,1,1,2
361031113,16,43,59
361031114,6,7,13
361031115,17,22,39
361031116,1,2,3
361031117,14,8,22
361031118,15,16,31
361031119,12,22,34
361031120,15,18,33
361031121,47,82,129
361031122,171,266,437
361031223,3,6,9
361031224,6,6,12
361031225,2,1,3
361031226,12,11,23
361031227,10,12,22
361031228,17,6,23
361031229,10,3,13
361031230,3,4,7
361031231,5,7,12
361031232,5,3,8
361031233,4,0,4
361031234,2,6,8
361031235,10,43,53
361031236,3,5,8
361031237,3,0,3
361031238,3,3,6
361031239,8,13,21
361031240,8,4,12
361031241,1,1,2
361031242,1,0,1
361031243,2,1,3
361031244,4,0,4
361031245,4,8,12
361031246,21,25,46
361031347,29,46,75
361031349,73,130,203
361031350,42,65,107
361031351,16,37,53
361031352,24,39,63
361031353,20,35,55
361031354,25,38,63
361031455,0,6,6
361031456,11,6,17
361031457,11,12,23
361031458,21,28,49
361031459,3,1,4
361031460,11,13,24
361031461,8,4,12
361031462,4,7,11
361031463,3,3,6
361031464,3,3,6
361031465,3,3,6
361031466,18,29,47
361031467,1,4,5
361031468,1,5,6
361031469,49,65,114
361031470,16,27,43
361031471,13,16,29
361031472,10,14,24
361031473,61,71,132
361031474,19,21,40
361031475,27,31,58
361031476,8,3,11
361031477,7,2,9
361031478,12,13,25
361031479,10,18,28
361031580,294,755,1049
361031581,36,47,83
361031582,103,159,262
361031583,71,116,187
361031584,20,26,46
361031585,26,31,57
361031586,16,13,29
361031587,23,18,41
361031588,13,8,21
361031589,12,8,20
361031590,1,2,3
361031591,28,71,99
361031592,9,10,19
361031593,5,4,9
361031594,24,16,40
361031595,8,5,13
361031596,14,11,25
361031697,17,15,32
361031698,6,20,26
361031699,10,20,30
361031700,14,22,36
361031701,1,4,5
361031702,12,13,25
361031803,6,15,21
361031904,9,9,18
361031905,13,13,26
361031906,12,20,32
361031907,24,43,67
361031908,27,39,66
361032009,10,13,23
361032010,12,22,34
361035200,0,1,1
361050109,1,0,1
361059501,1,0,1
361059502,1,0,1
361059504,1,0,1
361059505,3,6,9
361059507,4,4,8
361059508,1,6,7
361059509,4,5,9
361059510,1,0,1
361059511,0,1,1
361059512,1,3,4
361059513,2,2,4
361059515,1,10,11
361059516,3,0,3
361059517,9,12,21
361059518,10,8,18
361059519,1,2,3
361059520,5,6,11
361059521,1,1,2
361059522,1,0,1
361059524,3,2,5
361070201,1,1,2
361070202,1,3,4
361070203,4,2,6
361070204,3,9,12
361070205,10,3,13
361070207,5,10,15
361090001,8,8,16
361090002,3,2,5
361090003,3,12,15
361090004,2,0,2
361090005,9,15,24
361090006,18,22,40
361090007,10,4,14
361090008,3,5,8
361090009,19,38,57
361090010,2,3,5
361090011,6,3,9
361090013,4,8,12
361090014,3,5,8
361090015,15,29,44
361090016,5,6,11
361090017,1,2,3
361090018,1,0,1
361090019,4,4,8
361090020,11,1,12
361090021,2,0,2
361090022,2,1,3
361090023,3,3,6
361119501,4,5,9
361119502,7,1,8
361119503,1,0,1
361119504,0,1,1
361119505,7,9,16
361119506,5,6,11
361119508,0,1,1
361119509,0,1,1
361119510,0,2,2
361119511,4,4,8
361119512,7,1,8
361119513,2,0,2
361119515,6,4,10
361119516,7,6,13
361119517,7,19,26
361119519,15,24,39
361119520,6,7,13
361119521,7,3,10
361119522,33,9,42
361119523,8,12,20
361119524,12,19,31
361119525,3,4,7
361119526,6,2,8
361119527,1,2,3
361119528,0,1,1
361119529,5,7,12
361119530,0,2,2
361119533,4,7,11
361119534,7,5,12
361119535,8,3,11
361119536,6,3,9
361119537,5,4,9
361119538,3,0,3
361119539,2,2,4
361119540,0,1,1
361119541,1,1,2
361119542,4,8,12
361119543,1,1,2
361119544,3,1,4
361119545,1,3,4
361119546,2,0,2
361119547,1,1,2
361119548,5,1,6
361119549,0,2,2
361119550,5,5,10
361130701,3,20,23
361130702,15,21,36
361130703,11,13,24
361130704,8,14,22
361130705,6,1,7
361130706,10,25,35
361130707,17,35,52
361130708,8,8,16
361130709,14,10,24
361130710,0,3,3
361130720,2,7,9
361130730,5,1,6
361130740,2,1,3
361130750,2,1,3
361130760,0,1,1
361130780,2,4,6
361130810,2,0,2
361150802,2,0,2
361150803,0,1,1
361150810,0,1,1
361150820,1,2,3
361150840,3,1,4
361150850,1,1,2
361150860,1,0,1
361150870,1,0,1
361150880,6,0,6
361150890,4,0,4
361150900,2,3,5
361150910,1,1,2
361150920,5,2,7
361150930,4,1,5
361170201,4,3,7
361170202,5,3,8
361170203,2,6,8
361170204,6,5,11
361170205,2,0,2
361170207,3,0,3
361170208,4,3,7
361170209,1,2,3
361170210,1,0,1
361170211,7,5,12
361170212,3,8,11
361170214,2,1,3
361170215,4,1,5
361170216,1,0,1
361170218,1,0,1
361190001,8,8,16
361190002,17,16,33
361190003,29,14,43
361190004,5,2,7
361190005,1,0,1
361190006,3,7,10
361190007,19,21,40
361190008,47,54,101
361190010,1,0,1
361190011,1,3,4
361190012,3,1,4
361190013,11,13,24
361190014,22,12,34
361190015,15,15,30
361190016,7,8,15
361190017,6,5,11
361190018,0,1,1
361190019,3,2,5
361190020,6,10,16
361190021,39,61,100
361190022,53,38,91
361190023,5,7,12
361190024,26,28,54
361190026,3,1,4
361190027,1,0,1
361190028,0,1,1
361190029,5,4,9
361190030,0,1,1
361190031,1,1,2
361190032,2,1,3
361190033,4,2,6
361190034,1,3,4
361190036,41,19,60
361190037,1,0,1
361190038,5,5,10
361190039,8,9,17
361190040,4,3,7
361190041,3,4,7
361190042,7,11,18
361190043,4,3,7
361190044,17,21,38
361190045,4,8,12
361190046,25,75,100
361190047,12,26,38
361190048,10,16,26
361190049,5,19,24
361190050,35,49,84
361190051,7,7,14
361190052,19,28,47
361190053,14,15,29
361190054,12,20,32
361190055,32,62,94
361190057,10,18,28
361190058,1,3,4
361190059,31,28,59
361190060,9,24,33
361190061,10,18,28
361190062,2,2,4
361190063,52,75,127
361190064,7,10,17
361190065,9,12,21
361190066,14,29,43
361190067,31,94,125
361190068,81,147,228
361190069,19,53,72
361190070,19,50,69
361190071,30,79,109
361190072,17,31,48
361190073,4,12,16
361190074,17,41,58
361190075,34,46,80
361190076,8,24,32
361190077,11,30,41
361190078,2,8,10
361190079,12,4,16
361190080,1,0,1
361190081,4,1,5
361190082,5,8,13
361190083,28,76,104
361190084,12,40,52
361190085,12,47,59
361190086,15,50,65
361190087,8,20,28
361190088,23,45,68
361190089,16,16,32
361190090,6,26,32
361190091,1,4,5
361190092,5,10,15
361190093,10,48,58
361190094,25,48,73
361190095,26,43,69
361190096,20,30,50
361190097,47,141,188
361190098,45,113,158
361190099,25,72,97
361190100,44,88,132
361190101,35,66,101
361190102,27,41,68
361190103,10,15,25
361190104,11,12,23
361190105,28,59,87
361190106,37,62,99
361190107,94,165,259
361190108,51,78,129
361190109,61,118,179
361190110,5,11,16
361190111,27,55,82
361190112,5,7,12
361190113,26,68,94
361190114,16,36,52
361190115,13,30,43
361190116,3,7,10
361190117,10,19,29
361190118,35,84,119
361190119,242,289,531
361190120,14,12,26
361190121,23,53,76
361190122,21,26,47
361190123,51,92,143
361190124,12,30,42
361190125,21,70,91
361190126,17,24,41
361190127,21,29,50
361190128,7,27,34
361190129,17,33,50
361190130,34,62,96
361190131,87,204,291
361190132,40,86,126
361190133,11,9,20
361190134,4,6,10
361190135,4,10,14
361190136,7,15,22
361190137,6,14,20
361190138,2,7,9
361190139,15,16,31
361190140,1,0,1
361190141,3,0,3
361190142,0,1,1
361190143,3,4,7
361190144,4,7,11
361190145,3,4,7
361190146,34,62,96
361190147,11,11,22
361190148,66,97,163
361190149,58,57,115
361190150,10,14,24
361190435,0,1,1
361219514,1,0,1
361219901,2,0,2
361219902,1,2,3
361219903,1,0,1
361219904,1,0,1
361219905,16,16,32
361219906,3,1,4
361219909,1,1,2
361219910,3,1,4
361239901,4,1,5
361239902,4,4,8
361239903,4,1,5
361239904,4,2,6
361239905,2,6,8
370010111,0,1,1
370010172,0,2,2
370010201,8,9,17
370010203,8,4,12
370010204,1,0,1
370010205,0,1,1
370010206,8,13,21
370010207,8,8,16
370010208,5,9,14
370010209,3,1,4
370010210,3,0,3
370010211,3,2,5
370010212,9,6,15
370010213,6,3,9
370010214,1,0,1
370010216,1,3,4
370010217,55,65,120
370010218,3,1,4
370010219,2,6,8
370010220,3,1,4
370019905,1,1,2
370019906,0,1,1
370030401,1,0,1
370030403,0,2,2
370030404,4,1,5
370030406,5,2,7
370030407,0,3,3
370059501,2,1,3
370059502,9,3,12
370059503,2,2,4
370079802,1,0,1
370079804,3,0,3
370079805,11,3,14
370099701,2,1,3
370099702,0,2,2
370099704,3,4,7
370099705,16,7,23
370099706,1,0,1
370099707,3,4,7
370119809,7,1,8
370119810,1,0,1
370119901,2,3,5
370119902,3,10,13
370119903,3,4,7
370119904,2,3,5
370139901,4,0,4
370139902,0,3,3
370139903,4,2,6
370139904,21,20,41
370139905,6,8,14
370139906,2,4,6
370139907,1,5,6
370139908,1,0,1
370139909,3,5,8
370139910,0,2,2
370159601,2,0,2
370159602,1,0,1
370159604,3,1,4
370179502,4,2,6
370179503,2,1,3
370179504,7,4,11
370179505,0,1,1
370179506,2,0,2
370190117,1,3,4
370190201,15,3,18
370190202,2,4,6
370190203,29,32,61
370190204,10,15,25
370190205,15,14,29
370190206,3,2,5
370210001,15,59,74
370210002,2,2,4
370210003,9,8,17
370210004,42,3,45
370210005,20,49,69
370210006,3,7,10
370210007,4,16,20
370210008,24,63,87
370210009,66,84,150
370210010,3,2,5
370210011,8,1,9
370210012,8,6,14
370210013,1,0,1
370210014,2,0,2
370210015,1,0,1
370210016,18,36,54
370210017,5,13,18
370210018,37,34,71
370210019,13,8,21
370210020,16,47,63
370210021,33,72,105
370210022,67,119,186
370210023,27,15,42
370210024,9,13,22
370210025,6,9,15
370210026,13,3,16
370210027,10,17,27
370210028,5,4,9
370210030,8,14,22
370210031,18,20,38
370210032,34,42,76
370219905,0,1,1
370219906,1,0,1
370230201,1,0,1
370230202,6,16,22
370230203,5,7,12
370230204,7,3,10
370230205,11,15,26
370230206,6,16,22
370230207,4,9,13
370230208,20,33,53
370230209,15,16,31
370230210,1,0,1
370230211,3,0,3
370230212,1,3,4
370230213,3,4,7
370250055,1,1,2
370250063,2,0,2
370250405,4,4,8
370250406,5,7,12
370250407,5,0,5
370250408,1,0,1
370250409,5,0,5
370250410,7,0,7
370250411,6,0,6
370250412,10,7,17
370250413,14,10,24
370250415,15,9,24
370250416,1,1,2
370250417,6,1,7
370250418,0,6,6
370250419,4,0,4
370250420,1,0,1
370250422,7,8,15
370250423,2,0,2
370250424,82,123,205
370250425,33,29,62
370250426,21,24,45
370270104,1,0,1
370270301,18,12,30
370270303,5,4,9
370270304,1,1,2
370270305,6,9,15
370270306,4,0,4
370270307,3,2,5
370270308,1,0,1
370270309,0,1,1
370270310,2,0,2
370270311,2,1,3
370270312,6,6,12
370270313,3,5,8
370270314,5,2,7
370299501,2,6,8
370299607,0,2,2
370319701,0,2,2
370319703,8,2,10
370319704,22,28,50
370319705,8,6,14
370319706,9,20,29
370319707,2,3,5
370319708,15,8,23
370319709,14,10,24
370319710,0,11,11
370319711,1,2,3
370330108,0,1,1
370339802,1,0,1
370339902,0,2,2
370339903,1,3,4
370339904,0,1,1
370339906,3,2,5
370350101,9,12,21
370350102,4,4,8
370350103,22,25,47
370350104,16,13,29
370350105,31,107,138
370350106,12,14,26
370350108,19,28,47
370350109,2,0,2
370350110,17,48,65
370350111,9,7,16
370350112,9,0,9
370350115,5,3,8
370350116,2,0,2
370350117,4,6,10
370350118,4,6,10
370350407,0,2,2
370350709,1,1,2
370370020,0,2,2
370370107,0,3,3
370370112,0,1,1
370370121,1,4,5
370370122,3,6,9
370370201,34,72,106
370370202,1,11,12
370370204,10,3,13
370370205,0,1,1
370370206,0,1,1
370370207,21,42,63
370370208,13,10,23
370370534,2,6,8
370370536,4,3,7
370399901,3,2,5
370399902,1,0,1
370399903,9,9,18
370399904,4,3,7
370399905,1,2,3
370399906,3,2,5
370419901,12,11,23
370419902,6,5,11
370439501,2,2,4
370439502,4,3,7
370450305,1,0,1
370459502,2,0,2
370459503,3,5,8
370459504,13,3,16
370459505,0,2,2
370459506,3,1,4
370459507,10,20,30
370459508,2,8,10
370459509,34,28,62
370459510,9,13,22
370459511,1,2,3
370459512,1,0,1
370459513,3,1,4
370459514,1,2,3
370459515,2,2,4
370459516,0,1,1
370459611,1,0,1
370479901,1,0,1
370479902,0,1,1
370479903,2,1,3
370479905,1,0,1
370479907,2,1,3
370479908,7,11,18
370479909,13,17,30
370479910,1,1,2
370479911,0,1,1
370479912,1,0,1
370499601,3,7,10
370499602,3,1,4
370499604,62,83,145
370499605,2,2,4
370499606,19,31,50
370499607,2,0,2
370499608,1,1,2
370499609,2,10,12
370499610,11,22,33
370499611,3,3,6
370499612,3,4,7
370499613,3,2,5
370510001,1,3,4
370510002,3,0,3
370510004,1,0,1
370510005,0,1,1
370510006,52,55,107
370510007,85,100,185
370510008,6,9,15
370510009,6,4,10
370510011,3,2,5
370510012,10,13,23
370510014,3,0,3
370510015,0,1,1
370510016,12,3,15
370510017,3,6,9
370510018,37,58,95
370510019,9,16,25
370510020,12,9,21
370510021,21,26,47
370510023,2,1,3
370510025,39,39,78
370510026,1,3,4
370510027,5,7,12
370510028,2,0,2
370510030,5,8,13
370510031,4,2,6
370510032,34,26,60
370510033,22,14,36
370510034,44,39,83
370510035,2,0,2
370510036,0,1,1
370510037,5,7,12
370519701,1,0,1
370531101,1,0,1
370531102,1,1,2
370531103,1,1,2
370531104,4,3,7
370559701,8,11,19
370559702,1,7,8
370559703,0,2,2
370559704,14,7,21
370559705,4,0,4
370559706,4,4,8
370570034,1,0,1
370570036,2,0,2
370570037,1,1,2
370570040,1,1,2
370570137,0,1,1
370570144,0,1,1
370570601,14,19,33
370570602,3,3,6
370570603,4,3,7
370570605,4,1,5
370570607,4,4,8
370570608,15,6,21
370570609,4,1,5
370570611,12,1,13
370570612,1,5,6
370570613,4,3,7
370570614,2,0,2
370570615,8,4,12
370570616,18,9,27
370570617,1,0,1
370570618,0,2,2
370570619,1,0,1
370570620,3,1,4
370590801,1,1,2
370590802,2,3,5
370590803,16,29,45
370590804,4,2,6
370590805,2,3,5
370590806,5,1,6
370590807,1,1,2
370619701,1,0,1
370619902,2,0,2
370619903,3,1,4
370619904,3,4,7
370619905,3,1,4
370619907,9,1,10
370630001,33,48,81
370630002,5,5,10
370630003,11,31,42
370630004,23,50,73
370630005,4,9,13
370630006,8,30,38
370630007,13,28,41
370630008,9,23,32
370630011,0,2,2
370630012,2,0,2
370630013,5,1,6
370630015,175,940,1115
370630016,31,44,75
370630017,116,237,353
370630018,12,40,52
370630020,471,886,1357
370630021,15,28,43
370630121,8,20,28
370630122,2,2,4
370630201,1,1,2
370630207,3,3,6
370630536,1,1,2
370630537,1,1,2
370650106,1,1,2
370650107,0,1,1
370650210,4,2,6
370650211,20,14,34
370650212,1,0,1
370650216,1,0,1
370670001,6,13,19
370670002,2,6,8
370670003,1,0,1
370670004,1,2,3
370670006,1,6,7
370670007,0,7,7
370670009,2,9,11
370670010,21,58,79
370670011,4,15,19
370670012,12,27,39
370670013,2,9,11
370670014,0,1,1
370670016,5,2,7
370670017,3,2,5
370670018,0,1,1
370670019,0,2,2
370670020,1,1,2
370670021,14,60,74
370670022,186,540,726
370670025,26,79,105
370670026,56,103,159
370670027,13,16,29
370670028,7,9,16
370670029,1,3,4
370670030,6,5,11
370670031,3,8,11
370670032,18,8,26
370670033,6,18,24
370670034,1,0,1
370670035,1,0,1
370670036,12,17,29
370670037,33,81,114
370670038,88,178,266
370670039,89,154,243
370670040,68,168,236
370670041,11,20,31
370670159,0,1,1
370670603,2,9,11
370690542,0,1,1
370690602,0,1,1
370690603,9,6,15
370690604,1,1,2
370690605,2,3,5
370690606,0,2,2
370690607,0,1,1
370690608,1,0,1
370710301,1,3,4
370710302,6,0,6
370710306,3,1,4
370710307,3,0,3
370710308,3,0,3
370710309,2,0,2
370710311,4,0,4
370710312,2,0,2
370710313,7,9,16
370710321,34,71,105
370710322,1,0,1
370710323,8,8,16
370710324,9,24,33
370710325,11,20,31
370710326,7,12,19
370710327,25,20,45
370710328,2,3,5
370710329,2,0,2
370710330,1,5,6
370710331,1,0,1
370710332,14,3,17
370710333,31,38,69
370710711,1,0,1
370719503,1,4,5
370739702,1,0,1
370739703,0,1,1
370759802,1,0,1
370759803,3,0,3
370770605,2,0,2
370779701,3,2,5
370779702,15,8,23
370779703,1,0,1
370779704,10,2,12
370779706,6,5,11
370779707,8,14,22
370790016,0,1,1
370799501,1,0,1
370799503,3,0,3
370810032,1,0,1
370810102,3,0,3
370810103,55,80,135
370810104,13,52,65
370810105,17,48,65
370810106,10,4,14
370810107,0,2,2
370810108,19,40,59
370810109,6,2,8
370810110,12,6,18
370810111,0,1,1
370810112,1,14,15
370810113,2,2,4
370810119,2,1,3
370810125,80,136,216
370810126,11,2,13
370810127,26,62,88
370810128,1,0,1
370810136,1,0,1
370810137,27,60,87
370810140,4,5,9
370810144,18,24,42
370810145,0,2,2
370810146,21,42,63
370810151,1,0,1
370810152,2,3,5
370810153,5,2,7
370810154,2,3,5
370810155,1,1,2
370810156,8,14,22
370810157,76,102,178
370810158,13,28,41
370810159,4,2,6
370810160,39,22,61
370810161,20,6,26
370810162,14,18,32
370810163,25,17,42
370810164,24,16,40
370810165,11,18,29
370810167,2,1,3
370810168,1,0,1
370810169,3,0,3
370810170,0,1,1
370810171,0,3,3
370810172,0,3,3
370810313,0,1,1
370810410,0,1,1
370810601,4,8,12
370839501,0,2,2
370839901,1,0,1
370839902,11,17,28
370839903,1,2,3
370839904,12,7,19
370839905,7,13,20
370839907,3,2,5
370839908,1,0,1
370839909,1,1,2
370839911,1,0,1
370850701,9,13,22
370850702,1,0,1
370850703,2,1,3
370850704,2,1,3
370850705,7,2,9
370850707,4,4,8
370850708,0,5,5
370850709,2,0,2
370850710,0,1,1
370850712,7,11,18
370850713,2,11,13
370850714,2,0,2
370879801,3,8,11
370879802,1,1,2
370879803,10,1,11
370879804,1,0,1
370879805,6,10,16
370879806,8,7,15
370879807,1,2,3
370879808,9,8,17
370879809,1,3,4
370879810,19,23,42
370879811,5,8,13
370879812,4,3,7
370879813,1,5,6
370890022,1,0,1
370890032,0,1,1
370899901,4,1,5
370899902,0,3,3
370899903,1,1,2
370899904,6,4,10
370899905,20,19,39
370899906,2,0,2
370899907,8,8,16
370899908,5,10,15
370899909,4,4,8
370899910,6,7,13
370899911,22,25,47
370899912,18,15,33
370899913,6,2,8
370899914,1,1,2
370899915,6,22,28
370899916,2,6,8
370899917,5,9,14
370899918,12,13,25
370899919,4,15,19
370899920,2,3,5
370919501,6,1,7
370919502,3,1,4
370919503,2,1,3
370919504,15,14,29
370939701,6,4,10
370939702,1,3,4
370939703,1,1,2
370939704,1,0,1
370959801,0,1,1
370970064,1,0,1
370970601,28,31,59
370970602,1,1,2
370970603,1,3,4
370970604,3,12,15
370970605,2,1,3
370970606,8,15,23
370970607,6,9,15
370970610,10,10,20
370970611,0,6,6
370970612,13,16,29
370970613,6,1,7
370970614,63,75,138
370970615,10,0,10
370970616,6,1,7
370999501,3,1,4
370999502,1,4,5
370999503,23,22,45
370999504,15,9,24
370999505,7,2,9
370999506,7,5,12
370999508,4,6,10
370999509,4,9,13
370999606,1,0,1
371010401,4,0,4
371010402,5,6,11
371010404,1,0,1
371010405,2,1,3
371010406,1,0,1
371010407,10,10,20
371010408,10,9,19
371010409,10,9,19
371010410,10,5,15
371010411,14,3,17
371010412,3,0,3
371010414,2,1,3
371010415,8,3,11
371010529,0,1,1
371039604,0,1,1
371039610,0,1,1
371039801,7,6,13
371050301,25,14,39
371050302,1,0,1
371050303,9,17,26
371050304,6,0,6
371050305,3,5,8
371050306,6,1,7
371050307,2,0,2
371050711,1,0,1
371050713,2,0,2
371070101,3,2,5
371070103,0,1,1
371070104,1,1,2
371070105,1,5,6
371070106,8,25,33
371070107,6,0,6
371070108,23,27,50
371070110,5,5,10
371070111,0,1,1
371070114,1,0,1
371079905,1,0,1
371090115,1,1,2
371090701,17,6,23
371090702,1,2,3
371090703,12,3,15
371090704,0,1,1
371090705,0,1,1
371090707,0,1,1
371090708,1,0,1
371090709,4,1,5
371090710,0,1,1
371090711,13,3,16
371090712,6,10,16
371119701,2,3,5
371119702,1,0,1
371119704,1,1,2
371119705,13,5,18
371119706,3,1,4
371119707,1,2,3
371119708,1,0,1
371119709,1,3,4
371139701,0,1,1
371139702,1,4,5
371139703,15,14,29
371139704,5,5,10
371139705,14,25,39
371139706,4,6,10
371139707,3,5,8
371150101,2,0,2
371150102,1,1,2
371150105,6,2,8
371150106,3,3,6
371150107,1,0,1
371179701,1,0,1
371179702,6,4,10
371179703,3,1,4
371179705,2,1,3
371179706,1,0,1
371190001,65,136,201
371190003,11,8,19
371190004,1,4,5
371190005,5,5,10
371190006,1,2,3
371190008,0,1,1
371190010,4,6,10
371190011,7,2,9
371190012,2,2,4
371190013,0,2,2
371190014,3,1,4
371190015,7,3,10
371190016,1,2,3
371190017,6,1,7
371190018,4,7,11
371190019,5,2,7
371190020,59,69,128
371190021,5,2,7
371190022,31,52,83
371190023,9,80,89
371190024,48,165,213
371190025,17,35,52
371190026,6,22,28
371190027,54,111,165
371190028,13,40,53
371190029,40,134,174
371190030,131,175,306
371190031,27,35,62
371190032,17,19,36
371190033,3,0,3
371190034,18,38,56
371190035,54,161,215
371190036,1,1,2
371190037,0,1,1
371190038,7,2,9
371190039,1,0,1
371190040,3,3,6
371190041,4,4,8
371190042,1,0,1
371190043,1,0,1
371190045,3,0,3
371190046,3,1,4
371190048,0,2,2
371190051,0,1,1
371190053,5,2,7
371190054,3,1,4
371190055,85,54,139
371190056,7,14,21
371190057,25,19,44
371190058,242,274,516
371190059,16,17,33
371190060,6,6,12
371190061,12,17,29
371190062,72,90,162
371190063,27,26,53
371190064,51,58,109
371190202,1,0,1
371190203,1,0,1
371190210,1,0,1
371190413,5,4,9
371219502,5,1,6
371219503,7,3,10
371219504,7,5,12
371219904,1,0,1
371239601,1,0,1
371239602,6,3,9
371239603,0,5,5
371259502,1,0,1
371259503,10,25,35
371259504,1,3,4
371259505,4,14,18
371259506,53,134,187
371259507,14,44,58
371259508,13,35,48
371259509,14,12,26
371259510,4,25,29
371259511,10,8,18
371259512,3,1,4
371270103,6,6,12
371270104,2,0,2
371270105,52,73,125
371270106,3,3,6
371270107,1,2,3
371270108,7,3,10
371270109,2,1,3
371270110,3,0,3
371270111,4,1,5
371270112,7,4,11
371270113,1,0,1
371270114,0,1,1
371290101,0,1,1
371290102,2,3,5
371290103,1,0,1
371290104,7,13,20
371290105,9,6,15
371290106,61,105,166
371290107,27,96,123
371290110,5,5,10
371290111,9,5,14
371290112,1,8,9
371290113,13,10,23
371290115,4,2,6
371290116,7,10,17
371290117,55,75,130
371290118,5,15,20
371290119,21,23,44
371290120,78,143,221
371290121,36,28,64
371290122,6,9,15
371319801,1,1,2
371319802,2,0,2
371319803,2,0,2
371319804,0,1,1
371330001,18,14,32
371330002,4,2,6
371330003,1,0,1
371330004,9,16,25
371330007,16,20,36
371330009,3,2,5
371330011,3,4,7
371330012,8,3,11
371330013,8,8,16
371330014,6,10,16
371330017,1,2,3
371330018,5,1,6
371330020,12,21,33
371330021,9,9,18
371330022,28,26,54
371330024,2,4,6
371339708,1,6,7
371350017,0,1,1
371350020,15,32,47
371350021,0,1,1
371350107,67,132,199
371350108,4,14,18
371350109,13,36,49
371350110,12,23,35
371350111,7,14,21
371350112,114,261,375
371350113,2,7,9
371350114,23,34,57
371350115,8,25,33
371350116,28,101,129
371350117,93,414,507
371350118,3,21,24
371350119,66,169,235
371350121,46,104,150
371350122,60,118,178
371350201,0,4,4
371379501,4,0,4
371379502,3,6,9
371399601,1,4,5
371399602,4,1,5
371399603,2,0,2
371399604,10,8,18
371399605,16,29,45
371399606,2,3,5
371399607,9,12,21
371419801,5,4,9
371419802,12,12,24
371419804,5,1,6
371419806,0,1,1
371439801,1,2,3
371439802,2,2,4
371459802,1,2,3
371459803,14,10,24
371459804,1,0,1
371459805,0,1,1
371459806,2,3,5
371470001,12,17,29
371470002,9,5,14
371470003,28,56,84
371470004,5,11,16
371470005,34,81,115
371470006,176,332,508
371470007,17,21,38
371470008,3,2,5
371470009,1,5,6
371470010,15,40,55
371470011,3,5,8
371470012,3,3,6
371470013,58,60,118
371470014,4,1,5
371470015,2,1,3
371470016,11,18,29
371470017,16,34,50
371470018,9,5,14
371470019,1,1,2
371470020,1,1,2
371479706,1,0,1
371499801,8,17,25
371499802,3,4,7
371499803,8,13,21
371499920,1,2,3
371510301,3,5,8
371510302,7,7,14
371510303,21,17,38
371510304,16,9,25
371510305,18,17,35
371510306,2,1,3
371510307,1,1,2
371510308,3,1,4
371510310,1,1,2
371510312,3,0,3
371510314,4,2,6
371510315,6,5,11
371510316,1,0,1
371519602,2,0,2
371539701,2,0,2
371539702,1,0,1
371539703,0,1,1
371539704,2,0,2
371539705,5,5,10
371539706,7,5,12
371539709,4,1,5
371539710,3,2,5
371539711,4,4,8
371559601,0,1,1
371559603,4,1,5
371559605,14,1,15
371559606,1,2,3
371559607,0,2,2
371559609,17,19,36
371559610,6,9,15
371559611,2,1,3
371559613,30,30,60
371559614,1,0,1
371559617,2,0,2
371559618,3,0,3
371559620,1,0,1
371570401,2,1,3
371570403,18,18,36
371570405,1,3,4
371570406,2,1,3
371570408,2,1,3
371570409,1,0,1
371570410,2,2,4
371570411,3,2,5
371570412,7,4,11
371570414,1,0,1
371570415,12,10,22
371570416,4,6,10
371590412,0,2,2
371590501,2,2,4
371590502,9,11,20
371590503,3,7,10
371590504,12,9,21
371590505,26,56,82
371590506,4,0,4
371590507,2,0,2
371590508,2,0,2
371590509,3,7,10
371590510,5,3,8
371590511,6,2,8
371590512,7,10,17
371590513,23,35,58
371590514,0,1,1
371590515,0,2,2
371590516,0,1,1
371590517,2,1,3
371590518,1,3,4
371590519,3,1,4
371619515,1,0,1
371619601,0,3,3
371619602,6,2,8
371619603,4,0,4
371619604,4,7,11
371619605,23,26,49
371619606,5,1,6
371619607,6,1,7
371619608,2,5,7
371619609,2,1,3
371619610,2,2,4
371619611,1,0,1
371619612,2,0,2
371639701,2,0,2
371639702,5,0,5
371639703,0,2,2
371639704,1,0,1
371639705,2,1,3
371639706,18,12,30
371639707,6,1,7
371639708,6,4,10
371650101,19,12,31
371650103,11,14,25
371650104,0,1,1
371650105,7,1,8
371650106,0,3,3
371659604,0,1,1
371679901,4,0,4
371679902,1,1,2
371679903,6,1,7
371679904,22,20,42
371679906,4,12,16
371679908,2,1,3
371679909,2,0,2
371679910,0,1,1
371679911,0,1,1
371690702,1,3,4
371690705,8,4,12
371690706,1,3,4
371690707,1,0,1
371719902,1,0,1
371719903,10,6,16
371719904,11,9,20
371719905,14,4,18
371719906,1,2,3
371719908,1,0,1
371719909,23,16,39
371719910,3,0,3
371719911,0,1,1
371719912,4,1,5
371739601,6,3,9
371739602,8,0,8
371739603,3,1,4
371759601,5,2,7
371759602,2,8,10
371759603,22,21,43
371759604,12,10,22
371759605,1,1,2
371759606,2,4,6
371790202,3,4,7
371790203,26,19,45
371790204,5,3,8
371790205,5,9,14
371790206,30,25,55
371790207,2,1,3
371790208,3,1,4
371790209,0,1,1
371790210,67,54,121
371819502,0,1,1
371819601,2,2,4
371819603,17,13,30
371819604,7,9,16
371819605,2,1,3
371819606,2,5,7
371819607,1,0,1
371819610,0,1,1
371830019,1,1,2
371830020,1,1,2
371830207,0,1,1
371830410,1,0,1
371830501,6,9,15
371830503,4,8,12
371830504,0,3,3
371830506,1,2,3
371830507,4,0,4
371830510,2,0,2
371830511,0,1,1
371830512,4,12,16
371830514,3,5,8
371830515,14,53,67
371830516,23,40,63
371830517,9,30,39
371830518,6,14,20
371830519,1,3,4
371830520,25,70,95
371830521,2,0,2
371830522,3,3,6
371830523,5,9,14
371830524,9,29,38
371830525,151,193,344
371830526,50,104,154
371830527,28,78,106
371830528,24,7,31
371830529,8,9,17
371830530,73,69,142
371830531,14,9,23
371830532,18,24,42
371830534,91,119,210
371830535,124,157,281
371830536,70,115,185
371830537,86,134,220
371830538,62,92,154
371830539,5,9,14
371830540,81,98,179
371830541,23,8,31
371830542,66,40,106
371830543,5,4,9
371830544,2,2,4
371830709,1,0,1
371830710,0,1,1
371859501,1,0,1
371859502,2,0,2
371859503,1,1,2
371859504,2,0,2
371879502,5,2,7
371899801,1,2,3
371899802,0,1,1
371899803,0,1,1
371899804,2,4,6
371899805,4,0,4
371899806,32,55,87
371899807,5,14,19
371899808,9,11,20
371899809,2,10,12
371899810,1,1,2
371899901,1,0,1
371910001,5,13,18
371910002,1,0,1
371910003,10,4,14
371910004,9,20,29
371910005,6,2,8
371910007,2,2,4
371910008,5,0,5
371910011,7,6,13
371910012,15,32,47
371910013,20,26,46
371910014,4,5,9
371910016,0,1,1
371910018,7,10,17
371910019,10,9,19
371939604,1,0,1
371939605,5,7,12
371939606,5,1,6
371939607,12,3,15
371939609,0,2,2
371939610,11,11,22
371939611,1,4,5
371939612,3,0,3
371939908,1,0,1
371939909,3,2,5
371950001,3,0,3
371950002,4,3,7
371950004,20,34,54
371950005,11,22,33
371950006,3,5,8
371950007,0,3,3
371950010,0,2,2
371950013,1,0,1
371950014,1,5,6
371950015,1,0,1
371950017,1,0,1
371950019,0,1,1
371950112,1,2,3
371950113,1,0,1
371970501,2,2,4
371970502,1,0,1
371970503,4,0,4
371970504,0,1,1
371970505,7,4,11
371999601,6,0,6
371999602,8,3,11
371999603,8,5,13
371999604,0,1,1
380019656,11,4,15
380039680,2,0,2
380039683,8,3,11
380059401,2,0,2
380099523,1,2,3
380099524,3,0,3
380119652,3,0,3
380139532,0,1,1
380150101,32,56,88
380150102,12,27,39
380150103,1,4,5
380150104,2,2,4
380150105,8,12,20
380150106,7,17,24
380150107,6,0,6
380150108,13,33,46
380150109,1,1,2
380150110,2,7,9
380150111,42,69,111
380150112,6,11,17
380150113,2,2,4
380150114,2,3,5
380150115,0,1,1
380170001,16,59,75
380170002,3,4,7
380170003,4,1,5
380170004,3,6,9
380170005,67,101,168
380170006,7,7,14
380170007,25,22,47
380170008,7,9,16
380170009,20,34,54
380170010,16,18,34
380170101,12,9,21
380170102,15,12,27
380170103,50,95,145
380170402,1,0,1
380170403,1,0,1
380170404,0,1,1
380170405,25,39,64
380170406,0,2,2
380179707,1,0,1
380199509,2,2,4
380219732,1,2,3
380219733,1,0,1
380239545,2,0,2
380299663,3,0,3
380299664,0,1,1
380319595,5,1,6
380350101,1,1,2
380350102,1,0,1
380350103,35,20,55
380350104,4,3,7
380350106,2,3,5
380350108,49,69,118
380350109,1,2,3
380350111,16,18,34
380350112,14,18,32
380350114,0,1,1
380350117,8,9,17
380350119,1,4,5
380350120,1,0,1
380379657,1,0,1
380399685,3,0,3
380439666,0,1,1
380459722,1,0,1
380499558,1,1,2
380519729,4,1,5
380539402,1,0,1
380539624,1,1,2
380559604,1,2,3
380559605,1,0,1
380559608,1,2,3
380579615,0,1,1
380579616,2,0,2
380579617,4,0,4
380590201,3,1,4
380590202,6,1,7
380590203,3,7,10
380619402,3,0,3
380619552,3,1,4
380639587,1,0,1
380639588,0,1,1
380659612,1,0,1
380679502,3,1,4
380679503,1,1,2
380679505,0,1,1
380699562,3,1,4
380719570,1,0,1
380719571,2,0,2
380719572,10,0,10
380719573,2,1,3
380719574,0,3,3
380719575,4,1,5
380739690,0,1,1
380739691,5,3,8
380759529,2,0,2
380779708,8,2,10
380779709,4,2,6
380779710,7,3,10
380799516,3,0,3
380799517,1,0,1
380799519,6,2,8
380859403,1,0,1
380899633,2,1,3
380899634,1,1,2
380899635,3,2,5
380899636,2,2,4
380899637,13,6,19
380899639,0,2,2
380899640,0,1,1
380939670,2,0,2
380939672,1,0,1
380939673,1,1,2
380939674,5,4,9
380939676,4,9,13
380939677,0,3,3
380959514,5,0,5
380970118,1,0,1
380979702,5,0,5
380979704,2,0,2
380999579,1,1,2
380999580,6,1,7
380999582,3,0,3
381010101,27,46,73
381010102,2,1,3
381010103,7,11,18
381010104,5,5,10
381010105,17,9,26
381010106,14,11,25
381010107,2,9,11
381010108,1,4,5
381010109,4,6,10
381010110,2,0,2
381010111,1,0,1
381010112,0,3,3
381039598,2,1,3
381059534,3,0,3
381059535,0,3,3
381059536,2,0,2
381059537,1,3,4
381059538,4,13,17
381059539,11,2,13
381059541,2,4,6
390019901,3,0,3
390019902,1,1,2
390019903,4,1,5
390019904,4,1,5
390019905,0,2,2
390019906,2,0,2
390030101,7,2,9
390030102,3,0,3
390030106,5,3,8
390030108,9,32,41
390030109,5,6,11
390030110,3,1,4
390030112,0,4,4
390030113,2,5,7
390030114,1,1,2
390030115,0,1,1
390030116,1,9,10
390030118,7,18,25
390030119,1,4,5
390030120,11,19,30
390030121,14,25,39
390030126,7,10,17
390030128,3,16,19
390030129,19,38,57
390030130,0,3,3
390030131,1,0,1
390030132,1,4,5
390030133,7,7,14
390030134,0,1,1
390030137,0,6,6
390030138,1,0,1
390030139,1,0,1
390030140,4,0,4
390030201,1,0,1
390030304,1,0,1
390059701,0,1,1
390059702,3,0,3
390059703,3,0,3
390059704,0,1,1
390059705,4,11,15
390059706,7,4,11
390059707,13,5,18
390059708,7,2,9
390059710,0,1,1
390059711,5,2,7
390070001,11,6,17
390070002,1,1,2
390070003,1,5,6
390070004,2,0,2
390070005,2,1,3
390070006,22,13,35
390070007,5,10,15
390070008,3,2,5
390070009,6,2,8
390070010,1,1,2
390070011,5,1,6
390070012,1,0,1
390070013,1,1,2
390070014,1,1,2
390099727,1,0,1
390099728,4,1,5
390099729,8,5,13
390099730,9,12,21
390099731,24,48,72
390099732,10,7,17
390099733,6,9,15
390099734,5,13,18
390099735,2,2,4
390099736,0,1,1
390099737,3,4,7
390099738,4,2,6
390110401,1,0,1
390110402,4,0,4
390110403,5,0,5
390110404,1,0,1
390110405,4,2,6
390110406,5,8,13
390110407,3,2,5
390110409,3,4,7
390110410,3,1,4
390110411,1,1,2
390130101,2,1,3
390130102,2,2,4
390130103,2,5,7
390130106,1,1,2
390130107,3,1,4
390130108,1,1,2
390130109,5,3,8
390130114,0,1,1
390130115,5,0,5
390130117,1,1,2
390130119,3,1,4
390130120,2,1,3
390130121,5,12,17
390130122,1,0,1
390130123,15,14,29
390130124,4,9,13
390150703,0,1,1
390159512,4,1,5
390159513,1,0,1
390159515,2,1,3
390159516,1,0,1
390159517,3,0,3
390159518,12,4,16
390159519,1,0,1
390170001,4,0,4
390170002,1,0,1
390170004,2,0,2
390170006,1,0,1
390170007,2,4,6
390170008,2,2,4
390170009,5,6,11
390170010,12,17,29
390170012,0,3,3
390170013,3,4,7
390170014,3,6,9
390170101,21,22,43
390170102,5,3,8
390170103,0,5,5
390170107,2,5,7
390170108,3,2,5
390170109,59,28,87
390170110,9,15,24
390170111,115,131,246
390170112,8,6,14
390170118,7,0,7
390170119,1,0,1
390170120,0,1,1
390170122,0,1,1
390170123,1,0,1
390170124,3,5,8
390170125,8,17,25
390170126,11,15,26
390170127,2,0,2
390170129,0,3,3
390170130,4,0,4
390170131,2,2,4
390170133,6,6,12
390170136,1,4,5
390170139,1,1,2
390170235,2,4,6
390170316,1,0,1
390197201,0,1,1
390197202,1,2,3
390197203,3,1,4
390197204,5,1,6
390197205,5,1,6
390197206,2,0,2
390210101,0,1,1
390210103,1,1,2
390210104,0,1,1
390210105,6,2,8
390210106,3,1,4
390210107,2,1,3
390230001,3,9,12
390230002,1,0,1
390230004,8,6,14
390230014,19,17,36
390230016,1,2,3
390230017,2,2,4
390230018,8,21,29
390230019,3,9,12
390230020,1,7,8
390230022,1,2,3
390230023,4,12,16
390230024,32,41,73
390230025,1,2,3
390230026,6,3,9
390230027,1,1,2
390230028,2,5,7
390230029,0,3,3
390230030,2,1,3
390230031,2,1,3
390230032,0,2,2
390230033,6,1,7
390250249,3,2,5
390250401,2,0,2
390250402,8,6,14
390250403,19,28,47
390250404,16,13,29
390250405,8,5,13
390250406,6,3,9
390250407,2,2,4
390250408,2,3,5
390250409,2,3,5
390250410,10,14,24
390250411,4,4,8
390250412,4,8,12
390250413,20,11,31
390250414,20,12,32
390250415,11,18,29
390250416,3,2,5
390250417,0,3,3
390250418,4,1,5
390250419,1,0,1
390250420,1,0,1
390279944,0,3,3
390279945,30,12,42
390279946,6,5,11
390279947,13,13,26
390279948,0,1,1
390279949,4,0,4
390279950,3,1,4
390279951,3,1,4
390298133,1,0,1
390298135,1,1,2
390299501,4,0,4
390299502,8,1,9
390299503,0,1,1
390299504,3,2,5
390299505,13,8,21
390299506,11,8,19
390299507,2,1,3
390299508,1,0,1
390299509,1,2,3
390299510,3,0,3
390299511,5,2,7
390299514,1,0,1
390299515,3,1,4
390299516,5,5,10
390299517,0,1,1
390299518,0,1,1
390299519,0,1,1
390299520,8,3,11
390299521,7,5,12
390299522,2,0,2
390299524,7,4,11
390310213,0,1,1
390319909,1,0,1
390319910,2,0,2
390319912,2,0,2
390319914,10,1,11
390319915,2,0,2
390319916,1,0,1
390319917,4,8,12
390319918,2,0,2
390339741,3,0,3
390339742,2,1,3
390339743,4,1,5
390339744,2,0,2
390339745,6,3,9
390339747,0,1,1
390339748,1,1,2
390339749,1,0,1
390339750,2,6,8
390339751,1,0,1
390339752,6,6,12
390351011,13,10,23
390351012,0,4,4
390351013,1,4,5
390351014,2,0,2
390351015,1,0,1
390351018,0,3,3
390351021,0,1,1
390351022,1,0,1
390351028,1,0,1
390351031,1,0,1
390351032,9,28,37
390351033,6,20,26
390351034,1,2,3
390351035,3,1,4
390351036,4,12,16
390351037,0,1,1
390351038,2,1,3
390351039,2,6,8
390351041,0,1,1
390351042,1,5,6
390351043,1,1,2
390351044,1,0,1
390351045,1,2,3
390351046,1,0,1
390351048,1,0,1
390351051,3,2,5
390351055,1,1,2
390351056,160,241,401
390351057,0,2,2
390351059,0,2,2
390351061,1,0,1
390351063,22,10,32
390351066,1,0,1
390351068,5,4,9
390351069,0,5,5
390351070,4,1,5
390351071,19,38,57
390351072,3,3,6
390351073,1,0,1
390351076,4,15,19
390351077,7,6,13
390351078,12,26,38
390351079,1,2,3
390351083,0,1,1
390351085,0,2,2
390351086,0,1,1
390351087,0,1,1
390351088,0,1,1
390351092,0,8,8
390351093,39,34,73
390351096,9,3,12
390351101,2,2,4
390351105,0,3,3
390351108,5,0,5
390351111,2,11,13
390351112,1,1,2
390351114,0,1,1
390351121,1,0,1
390351125,4,0,4
390351128,2,4,6
390351132,0,1,1
390351135,3,0,3
390351153,1,0,1
390351158,2,0,2
390351162,1,0,1
390351165,1,0,1
390351166,3,1,4
390351171,1,0,1
390351172,0,1,1
390351175,2,0,2
390351176,1,1,2
390351177,2,3,5
390351178,0,1,1
390351182,0,1,1
390351183,0,1,1
390351185,2,0,2
390351186,2,0,2
390351187,15,40,55
390351188,33,109,142
390351189,190,1172,1362
390351191,101,417,518
390351192,8,10,18
390351193,10,5,15
390351194,6,15,21
390351195,10,29,39
390351197,0,1,1
390351198,1,0,1
390351199,1,0,1
390351214,1,0,1
390351221,1,0,1
390351223,0,1,1
390351231,3,0,3
390351233,0,1,1
390351234,8,7,15
390351235,4,1,5
390351236,67,57,124
390351237,3,2,5
390351242,0,1,1
390351245,1,0,1
390351261,0,4,4
390351301,32,64,96
390351311,127,303,430
390351321,16,2,18
390351322,7,4,11
390351331,1,2,3
390351341,1,1,2
390351342,11,8,19
390351343,2,2,4
390351351,52,104,156
390351361,53,93,146
390351371,13,12,25
390351381,5,9,14
390351401,1,1,2
390351402,6,18,24
390351403,7,15,22
390351404,8,15,23
390351405,5,15,20
390351406,2,1,3
390351407,9,15,24
390351408,42,63,105
390351409,3,12,15
390351410,6,4,10
390351411,31,60,91
390351412,23,42,65
390351413,21,60,81
390351414,27,46,73
390351415,17,24,41
390351416,14,23,37
390351417,7,16,23
390351504,1,0,1
390351511,1,1,2
390351513,3,0,3
390351514,13,5,18
390351515,56,32,88
390351516,0,1,1
390351517,1,0,1
390351521,10,7,17
390351522,0,2,2
390351523,6,2,8
390351524,2,4,6
390351525,1,1,2
390351526,12,9,21
390351527,4,2,6
390351531,42,46,88
390351545,8,12,20
390351546,11,26,37
390351551,35,80,115
390351561,22,36,58
390351601,5,19,24
390351602,2,3,5
390351603,3,3,6
390351604,3,11,14
390351605,8,6,14
390351606,19,40,59
390351607,1,1,2
390351608,0,1,1
390351609,7,3,10
390351610,1,1,2
390351611,9,5,14
390351612,3,2,5
390351613,18,21,39
390351614,0,3,3
390351615,4,5,9
390351616,1,1,2
390351617,3,0,3
390351701,8,18,26
390351702,21,35,56
390351711,4,1,5
390351712,2,2,4
390351721,15,27,42
390351722,35,74,109
390351731,45,70,115
390351741,15,11,26
390351742,9,13,22
390351751,28,30,58
390351752,12,19,31
390351761,1,2,3
390351762,1,7,8
390351771,22,27,49
390351772,2,3,5
390351773,2,1,3
390351774,3,4,7
390351775,8,12,20
390351776,34,51,85
390351781,9,10,19
390351782,7,11,18
390351791,65,181,246
390351801,15,66,81
390351811,13,39,52
390351812,37,64,101
390351821,16,26,42
390351831,35,70,105
390351832,37,79,116
390351833,57,151,208
390351834,20,41,61
390351835,34,108,142
390351836,25,50,75
390351841,110,204,314
390351851,15,25,40
390351852,42,52,94
390351861,22,35,57
390351862,42,45,87
390351871,53,121,174
390351881,27,66,93
390351891,225,332,557
390351905,14,14,28
390351920,0,1,1
390351928,8,28,36
390351929,1,1,2
390351938,0,1,1
390351940,3,3,6
390351941,0,1,1
390351943,24,24,48
390351945,17,48,65
390351947,6,10,16
390351948,0,6,6
390351949,46,71,117
390351951,0,2,2
390351952,17,70,87
390351953,5,13,18
390351954,0,1,1
390351955,9,22,31
390353115,0,1,1
390375201,1,0,1
390375301,6,0,6
390375401,1,0,1
390375501,3,1,4
390375550,1,3,4
390375551,18,3,21
390375601,2,0,2
390375701,4,0,4
390399581,6,1,7
390399582,1,0,1
390399583,4,0,4
390399584,1,0,1
390399585,13,5,18
390399586,0,1,1
390399587,6,5,11
390399588,7,6,13
390399589,2,4,6
390410062,4,18,22
390410072,0,1,1
390410101,11,3,14
390410102,1,2,3
390410104,15,8,23
390410105,3,3,6
390410111,2,6,8
390410112,3,4,7
390410114,129,246,375
390410115,67,82,149
390410116,7,5,12
390410117,56,90,146
390410506,2,7,9
390430301,1,0,1
390430401,2,4,6
390430402,1,2,3
390430403,1,2,3
390430404,6,12,18
390430405,6,3,9
390430406,2,9,11
390430407,0,2,2
390430408,4,3,7
390430409,0,1,1
390430410,1,2,3
390430411,5,25,30
390430412,3,2,5
390430413,7,20,27
390430414,8,10,18
390430415,7,24,31
390430416,12,16,28
390430417,4,7,11
390430418,4,5,9
390439955,0,1,1
390450301,3,1,4
390450302,1,0,1
390450303,3,0,3
390450304,5,2,7
390450306,14,15,29
390450307,6,4,10
390450308,4,2,6
390450309,8,12,20
390450310,6,7,13
390450311,3,0,3
390450312,1,3,4
390450313,20,27,47
390450314,19,18,37
390450315,1,2,3
390450316,2,0,2
390450317,0,1,1
390450320,7,6,13
390450321,1,0,1
390450322,1,2,3
390450323,0,2,2
390450325,2,4,6
390450326,0,3,3
390450327,4,3,7
390450328,11,8,19
390450329,17,22,39
390450330,8,8,16
390457562,0,1,1
390479858,2,2,4
390479859,0,1,1
390479860,2,0,2
390479861,6,2,8
390479862,5,2,7
390479863,1,1,2
390490001,17,24,41
390490002,14,16,30
390490003,3,1,4
390490004,6,9,15
390490005,3,16,19
390490006,2,0,2
390490007,1,2,3
390490008,1,0,1
390490009,2,0,2
390490010,0,2,2
390490011,113,444,557
390490012,2,2,4
390490013,0,1,1
390490015,1,0,1
390490017,2,10,12
390490018,16,56,72
390490019,23,35,58
390490020,12,26,38
390490021,10,17,27
390490022,4,11,15
390490025,10,21,31
390490026,0,2,2
390490027,13,10,23
390490028,2,3,5
390490030,14,64,78
390490032,7,12,19
390490036,2,0,2
390490037,2,5,7
390490038,1,6,7
390490040,36,80,116
390490043,23,57,80
390490045,1,15,16
390490046,1,3,4
390490050,68,52,120
390490051,0,1,1
390490052,7,18,25
390490053,56,160,216
390490054,2,3,5
390490055,2,0,2
390490056,1,1,2
390490057,10,32,42
390490058,15,17,32
390490061,0,2,2
390490062,146,199,345
390490063,271,467,738
390490064,46,58,104
390490065,18,52,70
390490066,12,40,52
390490067,28,52,80
390490068,8,10,18
390490069,53,97,150
390490070,45,68,113
390490071,58,48,106
390490072,83,163,246
390490073,61,83,144
390490074,34,43,77
390490075,24,25,49
390490077,3,5,8
390490078,107,195,302
390490079,136,169,305
390490080,1,7,8
390490081,39,122,161
390490082,8,17,25
390490083,8,15,23
390490084,13,16,29
390490085,11,17,28
390490087,1,1,2
390490088,6,3,9
390490089,6,10,16
390490090,20,38,58
390490091,12,35,47
390490092,17,21,38
390490093,87,94,181
390490094,21,11,32
390490095,0,3,3
390490096,6,0,6
390490097,48,42,90
390490098,6,2,8
390490114,4,18,22
390490117,1,2,3
390490308,1,0,1
390490327,1,1,2
390490330,1,0,1
390490506,2,6,8
390510093,1,0,1
390510401,3,0,3
390510403,0,3,3
390510404,3,0,3
390510405,0,1,1
390510406,1,0,1
390510407,10,8,18
390510408,2,0,2
390510409,9,5,14
390539535,3,2,5
390539536,1,1,2
390539537,0,1,1
390539539,37,42,79
390539540,4,13,17
390539541,7,4,11
390551953,0,1,1
390553106,16,17,33
390553107,6,3,9
390553108,15,20,35
390553109,1,1,2
390553113,1,2,3
390553114,4,3,7
390553115,14,38,52
390553116,11,14,25
390553117,11,24,35
390553118,22,32,54
390553119,9,20,29
390553120,1,0,1
390553121,0,1,1
390553122,6,18,24
390553123,7,0,7
390570216,3,5,8
390570401,4,1,5
390570903,0,3,3
390570904,2,1,3
390570909,0,1,1
390572001,26,19,45
390572002,6,26,32
390572004,2,1,3
390572005,3,1,4
390572006,1,3,4
390572007,1,1,2
390572009,4,5,9
390572101,39,17,56
390572102,13,11,24
390572103,3,6,9
390572104,30,68,98
390572105,23,41,64
390572106,76,85,161
390572201,18,56,74
390572202,11,23,34
390572301,0,4,4
390572401,4,3,7
390572402,5,1,6
390572403,10,4,14
390572405,14,11,25
390572406,3,3,6
390572407,1,1,2
390572501,2,1,3
390572550,11,14,25
390572601,2,3,5
390572701,1,1,2
390572801,2,3,5
390599771,0,1,1
390599772,1,3,4
390599773,0,5,5
390599774,17,18,35
390599775,4,2,6
390599776,4,6,10
390599777,4,4,8
390599778,0,1,1
390599779,2,0,2
390599780,4,0,4
390610001,1,1,2
390610002,2,0,2
390610003,0,2,2
390610004,0,1,1
390610006,8,11,19
390610007,5,9,14
390610008,1,0,1
390610009,4,2,6
390610010,3,1,4
390610011,0,1,1
390610012,1,2,3
390610013,4,5,9
390610018,1,4,5
390610019,6,12,18
390610020,9,15,24
390610021,0,1,1
390610022,1,1,2
390610023,60,92,152
390610025,2,1,3
390610026,3,11,14
390610027,4,2,6
390610029,50,72,122
390610030,9,8,17
390610032,182,790,972
390610033,2,14,16
390610034,18,27,45
390610037,2,7,9
390610038,4,0,4
390610039,1,0,1
390610040,2,8,10
390610041,1,11,12
390610042,6,28,34
390610043,1,3,4
390610044,1,0,1
390610045,2,9,11
390610046,21,35,56
390610047,19,43,62
390610048,8,43,51
390610049,39,96,135
390610050,30,51,81
390610051,23,35,58
390610052,10,27,37
390610053,24,54,78
390610054,7,6,13
390610055,14,21,35
390610056,1,4,5
390610057,12,22,34
390610058,6,15,21
390610059,4,2,6
390610060,11,6,17
390610061,2,0,2
390610062,7,5,12
390610063,0,2,2
390610064,3,0,3
390610065,11,26,37
390610066,1,0,1
390610067,16,13,29
390610068,6,16,22
390610069,0,1,1
390610070,12,19,31
390610071,29,47,76
390610072,11,23,34
390610074,1,1,2
390610075,2,3,5
390610078,1,3,4
390610080,3,1,4
390610081,2,2,4
390610082,7,3,10
390610083,12,21,33
390610084,5,6,11
390610085,2,5,7
390610091,2,0,2
390610092,1,0,1
390610094,1,0,1
390610096,2,1,3
390610099,2,1,3
390610100,6,7,13
390610101,4,5,9
390610102,21,10,31
390610103,1,0,1
390610104,0,1,1
390610105,0,3,3
390610106,1,0,1
390610107,3,1,4
390610108,0,1,1
390610109,13,15,28
390610110,1,1,2
390610111,1,4,5
390610204,7,10,17
390610205,8,12,20
390610206,17,25,42
390610207,25,15,40
390610208,17,32,49
390610209,12,4,16
390610210,9,10,19
390610211,20,17,37
390610212,25,12,37
390610213,19,19,38
390610214,1,2,3
390610215,34,22,56
390610216,3,5,8
390610217,3,2,5
390610218,2,8,10
390610220,2,1,3
390610221,14,20,34
390610222,7,9,16
390610223,33,28,61
390610224,7,16,23
390610225,10,5,15
390610226,55,71,126
390610227,1,1,2
390610228,1,0,1
390610229,0,1,1
390610230,14,9,23
390610231,17,17,34
390610232,10,7,17
390610233,28,65,93
390610234,2,2,4
390610235,58,136,194
390610236,1,0,1
390610237,12,7,19
390610238,5,8,13
390610239,66,136,202
390610240,62,97,159
390610241,15,24,39
390610242,5,9,14
390610243,65,128,193
390610244,50,169,219
390610245,10,11,21
390610247,1,1,2
390610248,15,26,41
390610249,18,49,67
390610250,45,69,114
390610251,47,82,129
390610252,2,2,4
390610253,3,2,5
390610254,15,25,40
390610255,14,4,18
390610256,1,2,3
390610258,4,9,13
390610259,1,4,5
390610260,6,6,12
390610261,6,0,6
390610320,0,2,2
390610403,1,0,1
390610414,2,3,5
390610415,0,1,1
390630001,4,5,9
390630002,10,25,35
390630003,4,1,5
390630004,2,8,10
390630005,0,3,3
390630006,2,2,4
390630007,10,11,21
390630008,4,7,11
390630009,1,4,5
390630010,22,32,54
390630011,4,4,8
390630012,3,0,3
390630013,2,2,4
390650401,1,0,1
390659831,1,1,2
390659832,0,1,1
390659834,4,1,5
390659835,0,1,1
390659836,5,4,9
390659837,1,0,1
390679756,1,0,1
390679757,2,0,2
390679760,5,2,7
390699801,0,1,1
390699802,1,1,2
390699803,4,1,5
390699804,7,1,8
390699805,1,0,1
390699806,2,0,2
390699807,0,1,1
390719544,3,0,3
390719545,4,1,5
390719546,1,1,2
390719547,2,0,2
390719548,7,6,13
390719549,9,3,12
390719550,1,0,1
390719551,2,1,3
390739649,3,1,4
390739651,2,2,4
390739652,1,0,1
390739653,11,2,13
390739654,2,4,6
390739655,2,0,2
390759763,6,1,7
390759764,1,1,2
390759765,2,0,2
390759766,1,1,2
390759767,13,4,17
390759768,1,2,3
390770028,1,0,1
390779622,1,2,3
390779954,2,0,2
390779955,0,1,1
390779956,15,25,40
390779957,4,2,6
390779958,0,1,1
390779959,1,0,1
390779960,3,2,5
390779961,1,2,3
390779962,5,0,5
390779963,6,3,9
390779965,5,5,10
390779966,2,1,3
390799572,2,1,3
390799574,2,2,4
390799575,9,2,11
390799576,4,4,8
390799578,2,2,4
390810002,3,3,6
390810005,5,12,17
390810006,10,18,28
390810007,8,5,13
390810008,1,0,1
390810010,5,10,15
390810113,2,0,2
390810114,1,2,3
390810115,1,2,3
390810116,3,4,7
390810117,4,2,6
390810118,2,1,3
390810121,1,1,2
390839867,1,0,1
390839868,9,3,12
390839869,5,0,5
390839871,2,1,3
390839872,1,2,3
390839873,23,15,38
390839874,2,4,6
390839875,6,4,10
390839876,3,5,8
390839877,3,2,5
390852001,0,1,1
390852004,0,1,1
390852005,3,1,4
390852008,1,4,5
390852009,0,1,1
390852010,15,15,30
390852011,6,21,27
390852012,3,4,7
390852013,15,42,57
390852014,2,3,5
390852015,8,10,18
390852016,1,1,2
390852017,7,3,10
390852018,1,0,1
390852019,1,0,1
390852020,1,2,3
390852022,2,0,2
390852023,3,1,4
390852025,3,2,5
390852026,2,1,3
390852027,2,3,5
390852028,1,4,5
390852029,1,4,5
390852030,0,2,2
390852031,3,7,10
390852032,1,0,1
390852033,5,2,7
390852034,7,4,11
390852035,12,26,38
390852036,1,4,5
390852037,3,4,7
390852038,4,10,14
390852039,3,5,8
390852040,1,0,1
390852043,1,1,2
390852044,4,4,8
390852045,5,5,10
390852047,2,4,6
390852048,1,2,3
390852049,5,1,6
390852050,10,11,21
390852051,11,27,38
390852053,1,1,2
390852054,1,3,4
390852055,1,0,1
390852057,5,3,8
390852059,1,1,2
390852060,0,1,1
390852061,3,1,4
390870501,1,0,1
390870502,4,5,9
390870503,2,2,4
390870504,1,1,2
390870505,3,1,4
390870508,2,2,4
390870509,4,0,4
390870510,3,1,4
390870511,2,1,3
390870512,4,3,7
390870513,0,1,1
390870514,16,18,34
390897501,0,2,2
390897507,2,0,2
390897510,0,1,1
390897516,0,1,1
390897519,0,1,1
390897522,0,1,1
390897525,2,1,3
390897528,2,0,2
390897533,29,31,60
390897539,22,11,33
390897541,1,4,5
390897547,2,2,4
390897550,1,3,4
390897553,5,0,5
390897556,1,1,2
390897559,3,3,6
390897562,2,3,5
390897565,0,1,1
390897568,1,2,3
390897574,7,2,9
390897577,26,30,56
390897580,5,3,8
390897583,0,1,1
390897586,2,2,4
390897589,1,2,3
390899658,2,0,2
390919839,3,0,3
390919840,1,2,3
390919842,1,0,1
390919843,1,0,1
390919844,1,0,1
390919845,10,13,23
390919846,11,10,21
390919847,1,6,7
390919848,10,3,13
390930101,15,47,62
390930102,10,15,25
390930103,6,8,14
390930104,3,4,7
390930131,21,29,50
390930132,35,45,80
390930211,0,2,2
390930212,1,1,2
390930221,3,2,5
390930223,5,5,10
390930224,1,0,1
390930226,16,26,42
390930227,2,2,4
390930229,0,1,1
390930230,1,0,1
390930231,0,1,1
390930232,0,1,1
390930233,1,0,1
390930234,1,0,1
390930235,4,2,6
390930238,0,2,2
390930240,2,0,2
390930241,4,2,6
390930242,7,3,10
390930281,14,11,25
390930301,3,2,5
390930401,2,0,2
390930403,0,1,1
390930501,2,2,4
390930502,5,5,10
390930503,9,14,23
390930504,1,3,4
390930571,0,1,1
390930601,5,8,13
390930602,19,9,28
390930701,7,9,16
390930702,3,12,15
390930703,2,1,3
390930706,3,4,7
390930707,9,1,10
390930708,2,1,3
390930711,9,23,32
390930712,10,11,21
390930713,4,0,4
390930771,3,2,5
390930801,2,4,6
390930805,8,3,11
390930806,1,1,2
390930807,1,6,7
390930901,0,1,1
390930902,2,2,4
390930911,7,9,16
390930921,1,2,3
390930931,0,1,1
390930951,2,0,2
390930961,1,0,1
390950002,0,1,1
390950003,0,1,1
390950004,2,1,3
390950006,0,1,1
390950007,5,1,6
390950012,1,0,1
390950013,24,56,80
390950016,2,0,2
390950017,5,21,26
390950018,0,4,4
390950021,1,2,3
390950022,20,57,77
390950024,1,4,5
390950027,9,8,17
390950028,10,4,14
390950030,0,2,2
390950032,0,1,1
390950034,0,1,1
390950037,2,1,3
390950038,13,21,34
390950039,1,1,2
390950043,3,8,11
390950044,0,1,1
390950045,12,26,38
390950047,2,0,2
390950050,3,0,3
390950053,1,0,1
390950056,1,4,5
390950057,1,2,3
390950058,4,1,5
390950059,0,7,7
390950060,1,5,6
390950061,0,1,1
390950062,1,0,1
390950063,1,2,3
390950064,1,1,2
390950065,2,10,12
390950068,38,103,141
390950069,1,0,1
390950070,0,6,6
390950071,54,46,100
390950072,62,83,145
390950073,6,9,15
390950074,12,10,22
390950075,4,1,5
390950076,29,83,112
390950077,33,43,76
390950078,21,69,90
390950079,2,0,2
390950080,18,12,30
390950081,0,7,7
390950082,103,134,237
390950083,37,66,103
390950084,8,17,25
390950085,2,8,10
390950086,1,6,7
390950087,6,3,9
390950088,12,22,34
390950089,10,18,28
390950090,34,69,103
390950091,27,54,81
390950092,87,142,229
390950093,0,3,3
390950095,3,3,6
390950096,2,1,3
390950097,2,0,2
390950098,0,1,1
390950099,7,1,8
390950100,12,5,17
390950101,15,33,48
390970401,2,6,8
390970402,4,3,7
390970404,0,1,1
390970405,3,5,8
390970406,12,6,18
390970411,5,0,5
390970412,1,0,1
390970507,0,1,1
390979858,1,0,1
390998004,1,0,1
390998005,2,3,5
390998010,0,1,1
390998012,0,1,1
390998013,3,1,4
390998015,1,0,1
390998019,23,17,40
390998021,1,0,1
390998024,0,1,1
390998026,1,0,1
390998027,6,3,9
390998028,2,0,2
390998031,0,1,1
390998034,0,3,3
390998035,21,32,53
390998037,27,21,48
390998040,0,1,1
390998041,10,11,21
390998042,30,5,35
390998044,1,0,1
390998101,2,4,6
390998103,0,3,3
390998106,3,0,3
390998107,3,1,4
390998109,0,1,1
390998110,25,42,67
390998112,9,18,27
390998113,1,1,2
390998114,3,9,12
390998115,12,15,27
390998116,2,5,7
390998117,4,7,11
390998118,4,3,7
390998119,32,44,76
390998120,28,55,83
390998121,53,68,121
390998122,18,16,34
390998123,3,3,6
390998125,7,4,11
390998126,20,15,35
390998127,1,0,1
390998128,1,0,1
390998129,2,4,6
390998130,2,3,5
390998132,2,3,5
390998133,0,3,3
390998134,4,3,7
390998135,11,16,27
390998136,9,3,12
390999334,0,1,1
391010001,0,1,1
391010005,1,3,4
391010006,30,54,84
391010010,6,6,12
391010101,0,1,1
391010102,3,1,4
391010103,1,0,1
391010104,9,12,21
391010105,2,6,8
391034001,8,21,29
391034020,2,3,5
391034030,0,1,1
391034040,2,4,6
391034050,11,8,19
391034060,6,17,23
391034070,9,7,16
391034080,33,38,71
391034081,4,1,5
391034082,2,1,3
391034083,16,19,35
391034090,1,1,2
391034100,0,1,1
391034110,3,2,5
391034120,1,3,4
391034130,4,2,6
391034151,0,2,2
391034152,1,2,3
391034153,1,2,3
391034154,2,1,3
391034158,3,0,3
391034160,9,0,9
391034161,1,1,2
391034162,2,6,8
391034163,1,2,3
391034164,1,0,1
391034170,17,8,25
391034171,2,6,8
391034172,7,2,9
391034173,2,1,3
391059645,3,2,5
391059646,1,0,1
391070409,0,1,1
391079672,1,0,1
391079673,3,2,5
391079674,0,1,1
391079675,8,4,12
391079676,7,7,14
391079677,5,2,7
391079678,1,1,2
391079679,5,0,5
391079680,3,0,3
391091201,0,1,1
391093001,8,3,11
391093150,1,3,4
391093151,4,8,12
391093201,2,0,2
391093250,1,0,1
391093301,2,1,3
391093401,2,1,3
391093450,2,0,2
391093501,4,4,8
391093550,10,8,18
391093650,15,22,37
391093651,1,2,3
391093652,0,1,1
391093653,19,18,37
391093801,1,1,2
391093901,1,1,2
391095401,1,0,1
391119667,1,1,2
391119668,2,0,2
391119669,1,0,1
391130004,1,1,2
391130005,36,20,56
391130006,2,0,2
391130008,2,2,4
391130009,10,50,60
391130010,1,0,1
391130012,1,1,2
391130013,6,0,6
391130015,13,33,46
391130016,0,13,13
391130017,0,1,1
391130018,28,37,65
391130019,4,1,5
391130020,0,1,1
391130021,27,22,49
391130026,1,2,3
391130027,1,1,2
391130029,3,0,3
391130030,7,4,11
391130031,3,3,6
391130032,10,1,11
391130033,2,1,3
391130034,54,97,151
391130036,5,0,5
391130038,1,0,1
391130039,7,27,34
391130041,3,1,4
391130045,3,10,13
391130101,8,41,49
391130102,28,62,90
391130201,6,23,29
391130202,29,83,112
391130203,11,38,49
391130204,21,53,74
391130205,0,1,1
391130206,18,23,41
391130207,20,18,38
391130208,10,14,24
391130209,3,0,3
391130210,2,0,2
391130211,0,1,1
391130212,8,7,15
391130213,1,3,4
391130214,0,2,2
391130215,10,9,19
391130216,12,7,19
391130217,5,2,7
391130218,4,0,4
391130219,1,2,3
391130301,5,8,13
391130302,0,1,1
391130305,1,1,2
391130309,0,2,2
391130401,46,82,128
391130402,40,40,80
391130403,48,86,134
391130404,122,182,304
391130501,23,43,66
391130503,9,3,12
391130504,4,4,8
391130505,22,17,39
391130701,5,2,7
391130702,1,0,1
391130704,2,0,2
391130705,1,0,1
391130706,1,0,1
391130801,11,5,16
391130802,11,8,19
391130803,4,6,10
391130804,2,2,4
391130805,1,1,2
391130903,5,5,10
391130904,2,2,4
391130907,1,1,2
391130909,0,1,1
391130910,2,3,5
391131001,8,8,16
391131002,6,1,7
391131003,5,0,5
391131004,6,1,7
391131101,1,2,3
391131102,19,24,43
391131150,18,11,29
391131201,34,33,67
391131250,0,1,1
391131251,16,5,21
391131301,8,2,10
391131401,1,1,2
391131501,4,0,4
391131601,0,1,1
391131650,3,2,5
391132101,2,3,5
391132106,1,2,3
391133801,0,1,1
391159689,1,0,1
391170022,0,1,1
391179850,1,0,1
391179851,1,2,3
391179852,4,3,7
391179853,1,0,1
391179855,1,2,3
391199810,0,1,1
391199811,4,10,14
391199812,2,6,8
391199813,1,1,2
391199815,21,31,52
391199816,12,21,33
391199817,2,2,4
391199818,19,30,49
391199819,1,5,6
391199823,5,0,5
391199824,0,1,1
391199825,1,1,2
391199826,0,1,1
391199827,1,0,1
391199828,4,6,10
391219683,1,0,1
391219684,3,2,5
391230501,1,0,1
391230502,5,11,16
391230503,2,4,6
391230504,4,0,4
391230505,5,9,14
391230506,1,1,2
391230507,4,1,5
391230508,1,1,2
391230509,5,3,8
391230510,5,0,5
391230511,1,1,2
391259602,1,0,1
391259603,2,0,2
391259604,8,2,10
391279658,1,1,2
391279659,1,0,1
391279660,1,0,1
391279662,4,0,4
391279663,0,1,1
391290201,1,1,2
391290202,3,1,4
391290203,17,11,28
391290204,2,0,2
391290211,3,2,5
391290212,2,0,2
391290214,3,5,8
391290215,1,0,1
391290217,1,2,3
391299556,0,1,1
391319522,0,1,1
391319523,3,0,3
391319524,8,5,13
391319525,5,1,6
391319527,0,4,4
391335309,0,1,1
391336001,5,1,6
391336002,3,0,3
391336003,25,39,64
391336004,14,11,25
391336005,0,1,1
391336006,1,0,1
391336007,1,3,4
391336008,2,3,5
391336009,8,13,21
391336010,2,1,3
391336011,0,3,3
391336012,2,9,11
391336013,7,6,13
391336014,4,3,7
391336015,2,9,11
391336016,4,4,8
391336017,10,11,21
391336018,12,12,24
391336019,1,0,1
391336020,1,0,1
391336021,4,0,4
391354001,1,0,1
391354201,3,1,4
391354301,2,0,2
391354401,1,1,2
391354501,2,0,2
391354550,6,1,7
391354701,1,1,2
391370301,1,0,1
391370302,1,0,1
391370303,5,2,7
391370304,4,1,5
391370305,1,0,1
391370306,1,0,1
391370307,3,1,4
391390001,2,0,2
391390002,1,4,5
391390004,1,0,1
391390005,9,38,47
391390006,2,7,9
391390007,0,1,1
391390009,3,0,3
391390011,6,10,16
391390012,22,36,58
391390013,3,0,3
391390014,1,8,9
391390020,2,3,5
391390021,15,18,33
391390022,4,6,10
391390023,5,4,9
391390024,13,12,25
391390025,3,3,6
391390026,4,2,6
391390027,3,1,4
391390028,1,1,2
391390029,2,0,2
391390030,4,1,5
391399964,1,0,1
391419526,0,1,1
391419555,5,4,9
391419556,8,4,12
391419557,2,1,3
391419558,2,4,6
391419559,18,13,31
391419560,15,8,23
391419561,18,5,23
391419562,2,0,2
391419563,23,34,57
391419566,0,6,6
391419567,1,0,1
391419568,0,1,1
391419569,0,1,1
391430508,0,1,1
391439608,0,1,1
391439609,2,1,3
391439610,3,2,5
391439611,0,1,1
391439612,1,0,1
391439613,17,16,33
391439614,7,3,10
391439616,2,1,3
391439617,3,1,4
391439618,1,0,1
391439620,3,3,6
391439621,1,0,1
391439622,14,3,17
391459905,1,0,1
391459921,2,0,2
391459922,3,2,5
391459923,0,1,1
391459924,1,2,3
391459927,5,5,10
391459928,1,0,1
391459929,15,12,27
391459930,1,0,1
391459931,0,1,1
391459932,0,1,1
391459933,19,37,56
391459934,0,3,3
391459936,5,7,12
391459937,2,7,9
391459938,12,24,36
391459939,1,1,2
391459940,4,3,7
391470001,1,0,1
391479626,3,0,3
391479628,1,0,1
391479629,4,0,4
391479631,1,0,1
391479632,4,2,6
391479633,4,2,6
391479635,1,0,1
391479636,5,10,15
391479637,4,3,7
391479638,0,3,3
391499714,2,0,2
391499715,2,0,2
391499716,2,2,4
391499717,4,5,9
391499718,5,0,5
391499719,13,9,22
391499720,1,1,2
391499721,4,5,9
391499722,1,0,1
391499723,1,1,2
391515314,3,0,3
391516021,0,1,1
391517001,3,5,8
391517002,0,2,2
391517004,4,0,4
391517005,0,3,3
391517006,2,3,5
391517007,5,4,9
391517008,11,24,35
391517011,4,1,5
391517012,3,2,5
391517013,59,74,133
391517015,2,1,3
391517025,0,1,1
391517102,1,0,1
391517103,2,2,4
391517104,0,1,1
391517105,6,10,16
391517106,5,4,9
391517107,9,4,13
391517108,6,4,10
391517109,1,4,5
391517110,10,1,11
391517111,21,24,45
391517112,4,5,9
391517113,99,154,253
391517114,39,66,105
391517115,24,35,59
391517116,15,14,29
391517117,3,6,9
391517118,20,15,35
391517119,11,3,14
391517120,6,11,17
391517121,20,29,49
391517122,20,24,44
391517123,6,2,8
391517124,1,3,4
391517126,6,1,7
391517127,3,0,3
391517128,2,6,8
391517129,2,1,3
391517130,0,3,3
391517132,1,2,3
391517133,0,1,1
391517134,5,8,13
391517135,18,44,62
391517136,4,5,9
391517137,0,1,1
391517138,1,2,3
391517143,1,3,4
391517144,2,4,6
391517146,2,0,2
391517147,2,2,4
391517148,3,1,4
391517149,4,2,6
391531351,0,1,1
391535011,3,6,9
391535012,40,91,131
391535013,49,78,127
391535017,1,0,1
391535018,7,1,8
391535019,0,4,4
391535021,1,4,5
391535022,2,11,13
391535023,2,2,4
391535025,1,0,1
391535027,2,1,3
391535028,3,1,4
391535033,1,0,1
391535034,1,0,1
391535035,2,0,2
391535036,3,0,3
391535037,12,5,17
391535038,0,1,1
391535041,1,0,1
391535045,4,0,4
391535046,1,0,1
391535048,0,3,3
391535051,1,0,1
391535054,0,1,1
391535058,0,2,2
391535059,3,0,3
391535061,25,37,62
391535062,0,3,3
391535063,0,1,1
391535064,0,3,3
391535066,1,1,2
391535068,89,109,198
391535071,27,39,66
391535072,37,49,86
391535073,4,7,11
391535075,1,1,2
391535076,2,7,9
391535080,13,24,37
391535101,3,6,9
391535103,49,36,85
391535201,12,14,26
391535202,11,35,46
391535203,17,15,32
391535204,8,11,19
391535205,3,1,4
391535206,1,2,3
391535301,31,34,65
391535304,7,6,13
391535305,9,6,15
391535306,34,40,74
391535307,11,13,24
391535308,7,9,16
391535309,27,15,42
391535310,8,3,11
391535311,3,2,5
391535314,42,28,70
391535315,5,9,14
391535316,6,10,16
391535317,7,6,13
391535318,6,9,15
391535320,7,3,10
391535322,35,35,70
391535323,74,162,236
391535325,16,30,46
391535326,5,8,13
391535327,27,33,60
391535329,20,22,42
391535330,3,2,5
391535331,18,31,49
391535332,8,17,25
391535333,33,54,87
391535334,9,8,17
391535335,52,82,134
391536003,1,0,1
391559201,0,1,1
391559202,2,2,4
391559203,2,8,10
391559204,8,12,20
391559206,0,1,1
391559207,2,0,2
391559209,2,2,4
391559210,5,1,6
391559211,1,0,1
391559212,1,0,1
391559213,2,0,2
391559214,16,20,36
391559215,15,41,56
391559216,0,1,1
391559301,5,1,6
391559302,1,0,1
391559304,1,0,1
391559306,1,0,1
391559307,3,0,3
391559308,5,2,7
391559309,19,9,28
391559310,5,6,11
391559311,1,1,2
391559312,4,5,9
391559313,4,7,11
391559314,0,1,1
391559315,1,2,3
391559316,5,2,7
391559317,1,0,1
391559319,64,59,123
391559320,13,26,39
391559322,2,1,3
391559323,2,5,7
391559325,2,0,2
391559326,3,2,5
391559327,11,2,13
391559328,0,1,1
391559329,3,8,11
391559330,48,51,99
391559331,0,1,1
391559333,2,0,2
391559336,2,0,2
391570201,0,1,1
391570202,2,4,6
391570203,1,2,3
391570204,2,2,4
391570205,5,5,10
391570206,5,9,14
391570207,6,3,9
391570208,5,2,7
391570209,4,5,9
391570210,4,2,6
391570211,20,21,41
391570213,4,3,7
391570214,0,2,2
391570215,5,3,8
391570216,3,1,4
391570217,2,1,3
391570220,2,0,2
391590062,2,5,7
391590114,3,3,6
391590502,2,0,2
391590503,3,3,6
391590504,7,3,10
391590505,14,11,25
391590506,4,8,12
391590507,5,4,9
391610201,3,1,4
391610202,1,1,2
391610203,1,0,1
391610204,2,1,3
391610205,1,0,1
391610207,0,1,1
391610208,8,3,11
391610209,3,5,8
391639530,1,0,1
391639531,1,0,1
391639532,1,1,2
391650301,2,1,3
391650302,2,0,2
391650305,35,35,70
391650306,2,0,2
391650307,7,4,11
391650308,5,8,13
391650309,30,47,77
391650310,7,6,13
391650311,2,2,4
391650312,3,6,9
391650313,7,3,10
391650314,0,1,1
391650315,9,5,14
391650316,5,6,11
391650319,60,102,162
391650320,60,67,127
391650321,3,5,8
391650322,23,19,42
391650323,2,4,6
391650324,2,2,4
391650325,3,6,9
391650403,1,0,1
391650404,1,2,3
391650501,1,6,7
391652301,0,1,1
391659948,1,0,1
391670201,4,3,7
391670202,4,4,8
391670203,1,0,1
391670204,0,3,3
391670205,3,2,5
391670208,17,34,51
391670209,10,12,22
391670210,3,5,8
391670211,2,2,4
391670213,3,1,4
391670214,3,7,10
391670215,0,1,1
391670216,2,3,5
391670217,4,1,5
391679669,1,0,1
391679688,3,0,3
391690001,0,1,1
391690002,33,21,54
391690003,12,14,26
391690004,0,1,1
391690005,1,2,3
391690006,2,1,3
391690007,10,10,20
391690008,13,22,35
391690011,6,3,9
391690013,4,1,5
391690017,3,0,3
391690018,1,1,2
391690020,1,1,2
391690022,1,1,2
391690023,0,2,2
391690024,1,0,1
391690025,0,1,1
391690029,8,3,11
391690030,0,1,1
391690032,2,0,2
391690033,0,2,2
391690034,3,0,3
391690035,4,0,4
391719503,5,1,6
391719506,1,3,4
391719507,20,13,33
391719508,2,3,5
391730201,2,1,3
391730202,3,3,6
391730203,10,11,21
391730204,19,26,45
391730205,0,6,6
391730206,52,67,119
391730207,11,7,18
391730208,1,2,3
391730209,1,5,6
391730210,0,3,3
391730211,3,0,3
391730212,4,6,10
391730213,1,6,7
391730215,1,0,1
391730216,16,18,34
391730217,2,0,2
391730218,2,0,2
391730219,10,10,20
391730220,2,0,2
391730222,2,0,2
391730223,0,1,1
391730224,2,0,2
391759880,5,0,5
391759881,1,0,1
391759883,10,2,12
400019767,1,0,1
400019769,9,3,12
400019782,1,1,2
400039560,0,1,1
400059877,1,0,1
400059878,1,0,1
400059957,0,1,1
400079518,3,0,3
400099661,8,12,20
400099662,11,4,15
400099668,3,1,4
400119586,4,1,5
400119589,3,1,4
400139960,4,2,6
400139961,15,14,29
400139962,2,4,6
400139963,5,5,10
400139966,0,1,1
400150022,1,0,1
400159616,3,0,3
400159618,3,0,3
400159621,7,0,7
400171086,1,0,1
400173002,1,2,3
400173003,0,1,1
400173005,1,3,4
400173006,2,0,2
400173007,5,1,6
400173008,6,4,10
400173009,9,8,17
400173010,9,8,17
400173011,4,5,9
400173012,4,1,5
400173013,18,5,23
400173014,10,16,26
400199716,1,0,1
400199923,4,0,4
400199925,1,6,7
400199926,18,18,36
400199927,1,3,4
400199928,1,1,2
400199929,7,14,21
400199930,11,12,23
400199931,2,2,4
400219776,3,1,4
400219777,3,1,4
400219778,2,0,2
400219779,4,5,9
400219780,7,9,16
400219781,29,20,49
400219782,1,5,6
400219783,5,1,6
400239971,9,3,12
400239972,0,1,1
400259501,2,1,3
400271072,4,3,7
400272001,7,22,29
400272002,9,30,39
400272003,18,9,27
400272004,2,2,4
400272005,0,9,9
400272006,8,5,13
400272007,0,1,1
400272008,10,16,26
400272009,12,16,28
400272010,6,3,9
400272011,7,25,32
400272012,3,9,12
400272013,1,2,3
400272014,11,23,34
400272015,36,79,115
400272016,30,33,63
400272018,12,14,26
400272019,17,17,34
400272020,9,22,31
400272021,14,13,27
400272022,10,8,18
400272023,4,4,8
400272024,4,7,11
400272025,1,1,2
400272026,1,0,1
400274002,0,1,1
400299881,2,0,2
400310001,4,6,10
400310003,1,10,11
400310004,19,30,49
400310005,46,32,78
400310006,11,31,42
400310007,1,0,1
400310009,1,0,1
400310010,11,1,12
400310011,1,1,2
400310012,3,3,6
400310014,2,4,6
400310015,1,1,2
400310017,1,0,1
400310019,9,4,13
400310020,12,10,22
400310021,2,4,6
400310022,7,5,12
400310023,4,7,11
400310024,10,9,19
400339711,2,2,4
400359733,5,9,14
400359734,4,1,5
400359735,1,1,2
400370065,0,1,1
400370077,1,0,1
400370201,4,11,15
400370206,3,1,4
400370207,4,1,5
400370208,4,0,4
400370209,4,0,4
400370210,1,0,1
400370211,1,1,2
400370212,1,0,1
400370213,12,1,13
400370214,3,2,5
400399508,1,0,1
400399604,12,10,22
400399607,9,1,10
400399610,2,0,2
400399617,1,0,1
400419756,2,2,4
400419757,17,9,26
400419758,2,2,4
400419759,3,1,4
400419760,1,0,1
400419766,1,0,1
400439591,2,0,2
400459526,6,1,7
400470001,6,11,17
400470002,7,3,10
400470005,1,0,1
400470006,14,12,26
400470007,6,26,32
400470010,4,8,12
400470011,2,2,4
400470013,13,23,36
400470014,11,9,20
400499913,4,1,5
400499914,7,2,9
400499915,2,1,3
400499918,2,1,3
400499919,1,0,1
400499921,0,1,1
400510003,3,3,6
400510004,17,5,22
400510005,10,5,15
400510006,1,4,5
400510007,1,0,1
400510008,2,0,2
400510009,2,1,3
400539564,1,0,1
400559671,1,0,1
400559672,7,1,8
400579678,3,0,3
400599521,1,0,1
400619792,4,3,7
400639849,5,2,7
400639850,1,0,1
400659684,5,6,11
400659685,6,7,13
400659686,1,0,1
400659687,4,3,7
400659688,8,2,10
400679718,2,1,3
400699878,0,1,1
400699901,0,1,1
400699902,7,0,7
400710001,7,0,7
400710002,10,14,24
400710003,9,6,15
400710004,1,2,3
400710005,1,0,1
400710006,3,4,7
400710007,0,1,1
400710010,3,1,4
400710011,3,1,4
400739581,2,2,4
400739583,7,1,8
400739584,1,0,1
400759636,1,0,1
400759637,5,1,6
400759642,1,2,3
400770407,3,3,6
400779872,4,2,6
400790402,3,0,3
400790403,0,1,1
400790404,14,9,23
400790405,3,3,6
400790406,1,0,1
400790407,9,4,13
400819811,4,0,4
400819812,0,1,1
400819814,1,0,1
400819815,1,1,2
400819816,1,0,1
400819817,4,1,5
400831081,1,0,1
400831082,0,8,8
400836001,2,4,6
400836002,1,1,2
400836003,1,1,2
400836004,4,3,7
400836005,0,2,2
400836006,1,1,2
400836007,0,1,1
400836008,5,8,13
400859941,5,0,5
400874001,7,4,11
400874002,2,4,6
400874003,7,1,8
400899982,1,0,1
400899983,1,0,1
400899986,4,2,6
400899987,1,1,2
400899988,13,2,15
400919797,3,0,3
400919802,4,5,9
400939551,1,0,1
400939553,5,1,6
400959947,4,1,5
400959948,4,1,5
400970401,8,9,17
400970402,6,2,8
400970404,1,2,3
400970405,2,0,2
400970406,3,1,4
400970407,0,1,1
400999907,2,0,2
400999908,5,3,8
401010001,28,47,75
401010002,1,1,2
401010003,1,0,1
401010004,0,5,5
401010007,2,1,3
401010008,11,13,24
401010009,0,1,1
401010010,4,2,6
401010011,0,1,1
401010012,3,10,13
401010013,4,6,10
401010014,4,1,5
401039566,1,0,1
401039569,2,4,6
401039570,4,0,4
401059724,2,1,3
401079809,5,0,5
401091001,5,5,10
401091002,8,6,14
401091003,11,33,44
401091004,1,1,2
401091005,1,12,13
401091006,8,15,23
401091007,1,1,2
401091008,1,4,5
401091009,2,1,3
401091010,3,3,6
401091011,0,1,1
401091012,0,1,1
401091015,10,21,31
401091016,4,6,10
401091017,6,20,26
401091018,7,2,9
401091019,6,5,11
401091020,2,2,4
401091021,5,4,9
401091023,3,2,5
401091025,15,52,67
401091026,0,4,4
401091027,86,162,248
401091030,0,4,4
401091031,2,0,2
401091032,40,33,73
401091036,2,6,8
401091037,21,73,94
401091038,13,53,66
401091039,0,1,1
401091042,1,0,1
401091050,0,1,1
401091051,6,13,19
401091052,1,2,3
401091053,1,0,1
401091055,1,0,1
401091057,2,0,2
401091059,7,12,19
401091060,3,11,14
401091061,4,1,5
401091062,8,15,23
401091063,6,6,12
401091064,29,84,113
401091065,18,55,73
401091066,90,206,296
401091067,12,15,27
401091068,7,1,8
401091069,23,17,40
401091070,3,3,6
401091071,1,0,1
401091072,39,88,127
401091073,3,2,5
401091074,5,8,13
401091075,4,2,6
401091076,9,2,11
401091077,20,16,36
401091078,6,4,10
401091080,21,35,56
401091081,77,266,343
401091082,86,194,280
401091083,121,206,327
401091084,4,10,14
401091085,159,361,520
401091086,1,4,5
401091087,9,12,21
401091088,5,3,8
401091089,1,2,3
401091090,4,0,4
401092016,1,0,1
401093010,1,0,1
401096004,0,1,1
401096005,1,4,5
401096008,1,1,2
401110002,2,2,4
401110003,2,1,3
401110004,10,8,18
401110005,0,1,1
401110006,0,1,1
401110009,6,2,8
401110016,0,2,2
401130007,0,1,1
401130012,0,1,1
401130055,1,0,1
401130079,1,0,1
401130093,1,1,2
401130094,0,1,1
401130101,2,1,3
401130102,2,3,5
401130104,2,0,2
401130105,1,3,4
401130106,6,0,6
401159741,1,0,1
401159744,1,1,2
401159745,18,9,27
401159746,2,1,3
401159747,2,1,3
401159748,1,1,2
401159758,1,2,3
401179571,3,1,4
401179574,2,1,3
401179575,3,1,4
401190101,1,1,2
401190102,5,2,7
401190103,2,2,4
401190104,3,3,6
401190105,0,2,2
401190107,2,5,7
401190108,26,24,50
401190109,15,14,29
401190110,6,4,10
401190111,0,1,1
401190113,15,6,21
401190114,1,0,1
401219792,1,0,1
401219858,1,1,2
401219859,0,1,1
401219860,1,5,6
401219861,12,14,26
401219864,9,10,19
401219865,7,7,14
401219866,8,4,12
401219867,1,0,1
401219876,2,0,2
401239886,1,1,2
401239887,1,1,2
401239888,17,22,39
401239889,7,10,17
401239890,1,4,5
401239891,0,1,1
401239892,10,10,20
401239893,3,3,6
401239895,0,1,1
401239911,1,0,1
401255002,5,3,8
401255003,0,1,1
401255004,1,2,3
401255005,1,2,3
401255006,3,2,5
401255007,20,12,32
401255008,13,5,18
401255009,5,3,8
401255010,6,6,12
401255011,2,1,3
401255013,1,0,1
401279976,1,2,3
401279977,3,1,4
401299600,2,1,3
401310501,21,9,30
401310502,19,12,31
401310503,6,3,9
401310504,12,13,25
401310505,1,0,1
401310506,5,6,11
401310507,0,1,1
401310508,6,2,8
401339809,0,1,1
401339831,1,0,1
401339834,4,2,6
401339835,1,1,2
401339836,2,1,3
401339838,4,0,4
401350301,1,1,2
401350302,4,1,5
401350303,9,1,10
401350304,3,2,5
401370001,17,9,26
401370002,5,5,10
401370003,1,3,4
401370004,1,0,1
401370008,3,1,4
401370009,4,0,4
401370011,1,0,1
401399508,7,1,8
401399509,6,5,11
401419703,5,1,6
401430002,0,1,1
401430003,0,1,1
401430007,1,2,3
401430009,1,0,1
401430012,4,0,4
401430014,1,0,1
401430016,1,1,2
401430017,1,0,1
401430018,1,0,1
401430019,1,0,1
401430020,0,12,12
401430023,4,2,6
401430025,23,92,115
401430029,2,4,6
401430031,6,5,11
401430032,4,8,12
401430033,77,124,201
401430034,38,62,100
401430035,3,2,5
401430036,4,8,12
401430037,3,3,6
401430038,0,1,1
401430039,5,5,10
401430040,5,5,10
401430041,14,36,50
401430042,13,29,42
401430043,18,70,88
401430044,5,2,7
401430045,11,23,34
401430046,10,12,22
401430049,1,0,1
401430050,11,13,24
401430051,13,21,34
401430052,75,41,116
401430053,19,4,23
401430054,4,1,5
401430055,2,6,8
401430058,46,13,59
401430065,3,1,4
401430066,2,1,3
401430067,40,56,96
401430068,6,3,9
401430069,35,22,57
401430070,4,2,6
401430071,1,2,3
401430073,4,8,12
401430074,27,20,47
401430075,105,66,171
401430076,369,595,964
401430077,6,5,11
401430078,1,5,6
401430079,1,0,1
401430080,1,4,5
401430083,4,1,5
401430084,2,1,3
401430085,13,3,16
401430086,3,7,10
401430087,7,8,15
401430089,0,2,2
401430090,15,45,60
401430091,1,0,1
401430092,7,0,7
401430093,4,0,4
401430094,6,3,9
401430095,1,1,2
401430102,0,2,2
401430111,0,3,3
401430201,1,9,10
401430207,3,1,4
401430213,2,1,3
401430504,2,2,4
401450301,6,5,11
401450302,0,1,1
401450304,1,2,3
401450305,16,8,24
401450306,7,3,10
401450307,2,0,2
401470002,0,1,1
401470003,0,4,4
401470004,17,25,42
401470005,3,2,5
401470006,7,5,12
401470007,5,14,19
401470008,2,2,4
401470011,2,0,2
401470012,3,3,6
401470013,7,2,9
401499649,1,0,1
401499651,4,0,4
401519542,2,2,4
401519543,4,0,4
401539532,1,3,4
401539533,1,1,2
401539534,4,3,7
401539535,9,3,12
410019501,2,0,2
410019502,0,2,2
410019505,13,7,20
410019506,0,3,3
410030001,3,2,5
410030002,6,13,19
410030003,8,18,26
410030004,35,41,76
410030005,46,76,122
410030006,1,3,4
410030007,9,13,22
410030008,6,4,10
410030009,16,13,29
410030010,6,10,16
410030011,5,3,8
410030101,24,10,34
410030102,8,10,18
410030103,1,1,2
410030104,2,1,3
410030105,1,1,2
410050063,1,1,2
410050064,1,4,5
410050201,13,34,47
410050202,8,49,57
410050203,48,93,141
410050204,42,75,117
410050205,44,90,134
410050206,10,17,27
410050207,6,5,11
410050208,18,11,29
410050209,14,13,27
410050210,0,3,3
410050211,4,5,9
410050212,3,7,10
410050213,6,3,9
410050214,1,2,3
410050215,3,4,7
410050216,1,0,1
410050217,1,4,5
410050218,4,2,6
410050219,0,1,1
410050220,3,3,6
410050221,71,95,166
410050222,46,58,104
410050223,9,13,22
410050224,14,26,40
410050225,4,1,5
410050226,5,3,8
410050227,30,75,105
410050228,4,18,22
410050229,11,7,18
410050230,0,6,6
410050231,1,5,6
410050232,13,16,29
410050233,7,4,11
410050234,11,3,14
410050235,0,2,2
410050236,0,3,3
410050237,5,2,7
410050238,1,0,1
410050239,3,1,4
410050241,0,3,3
410050242,5,3,8
410050243,3,6,9
410050301,0,1,1
410050320,20,15,35
410079501,3,3,6
410079502,6,2,8
410079503,12,15,27
410079504,1,1,2
410079505,3,0,3
410079506,2,0,2
410079507,1,0,1
410079509,0,1,1
410079511,16,12,28
410079513,0,1,1
410099703,2,0,2
410099704,0,1,1
410099705,2,3,5
410099706,2,1,3
410099708,10,1,11
410099710,1,0,1
410110001,1,5,6
410110002,3,3,6
410110003,2,4,6
410110004,3,12,15
410110005,3,4,7
410110006,45,38,83
410110007,8,12,20
410110008,2,5,7
410110009,6,3,9
410110010,9,5,14
410110011,6,1,7
410139501,4,5,9
410139503,7,0,7
410139504,1,0,1
410159501,0,5,5
410159502,6,5,11
410159503,12,8,20
410159504,0,3,3
410179603,0,1,1
410179902,2,9,11
410179903,2,1,3
410179904,3,6,9
410179905,4,13,17
410179906,11,11,22
410179907,8,15,23
410179908,1,6,7
410179909,20,4,24
410179910,1,0,1
410179911,7,11,18
410179912,7,39,46
410179913,29,63,92
410179914,14,26,40
410179915,10,5,15
410179916,20,18,38
410179917,57,126,183
410179918,10,8,18
410179919,8,7,15
410179920,10,19,29
410190100,3,3,6
410190200,9,1,10
410190300,2,5,7
410190400,1,0,1
410190500,4,3,7
410190600,1,0,1
410190900,10,8,18
410191000,1,1,2
410191100,0,1,1
410191200,4,5,9
410191300,1,6,7
410191400,2,9,11
410191700,1,0,1
410191800,3,0,3
410191900,1,0,1
410192000,2,0,2
410192100,5,3,8
410219601,1,0,1
410239601,0,1,1
410239602,8,1,9
410259801,7,1,8
410279501,0,2,2
410279502,14,20,34
410279503,40,23,63
410279504,2,4,6
410290001,1,1,2
410290002,7,7,14
410290004,19,22,41
410290005,30,43,73
410290006,77,160,237
410290007,3,6,9
410290008,4,0,4
410290009,3,5,8
410290010,11,2,13
410290012,0,2,2
410290013,14,26,40
410290014,4,2,6
410290015,2,12,14
410290016,7,6,13
410290017,2,8,10
410290018,19,27,46
410290019,4,3,7
410290020,3,6,9
410290021,34,30,64
410290022,13,21,34
410290023,5,6,11
410290024,4,11,15
410290025,9,12,21
410290026,3,0,3
410290027,1,2,3
410290028,2,0,2
410290029,3,1,4
410290030,5,18,23
410319601,1,1,2
410319602,14,7,21
410319603,1,1,2
410319604,2,0,2
410333601,1,0,1
410333603,0,2,2
410333604,8,5,13
410333605,9,7,16
410333606,23,18,41
410333607,2,3,5
410333608,4,3,7
410333609,4,1,5
410333610,3,0,3
410333611,6,2,8
410333612,29,22,51
410333613,1,3,4
410333614,2,1,3
410333615,1,0,1
410333616,7,0,7
410359702,1,1,2
410359703,1,2,3
410359709,8,14,22
410359710,4,9,13
410359711,2,5,7
410359712,0,1,1
410359713,2,1,3
410359714,2,0,2
410359715,2,2,4
410359716,4,0,4
410359717,14,8,22
410359718,2,2,4
410359719,2,7,9
410359720,51,30,81
410379601,0,1,1
410379602,5,0,5
410390001,3,7,10
410390002,3,11,14
410390003,2,4,6
410390004,7,2,9
410390005,1,1,2
410390007,23,22,45
410390008,1,2,3
410390009,6,2,8
410390010,6,10,16
410390011,6,11,17
410390012,3,2,5
410390013,14,6,20
410390015,1,1,2
410390016,0,5,5
410390017,5,4,9
410390018,2,2,4
410390019,3,2,5
410390020,11,3,14
410390021,23,73,96
410390022,32,28,60
410390023,8,5,13
410390024,10,3,13
410390025,2,0,2
410390026,11,0,11
410390027,1,0,1
410390028,8,24,32
410390029,10,20,30
410390030,55,67,122
410390031,21,37,58
410390032,2,3,5
410390033,0,1,1
410390034,9,20,29
410390035,0,1,1
410390036,6,20,26
410390037,12,5,17
410390038,11,70,81
410390039,28,24,52
410390040,3,4,7
410390041,7,0,7
410390043,2,2,4
410390044,23,19,42
410390045,3,4,7
410390046,2,0,2
410390047,9,22,31
410390048,4,11,15
410390049,14,23,37
410390050,17,16,33
410390051,6,2,8
410390052,5,8,13
410390053,9,6,15
410390054,24,26,50
410419501,0,2,2
410419503,11,8,19
410419504,3,3,6
410419506,2,10,12
410419508,2,4,6
410419509,3,6,9
410419510,1,3,4
410419511,11,6,17
410419512,1,4,5
410419513,3,0,3
410419514,2,0,2
410419515,2,3,5
410419516,4,2,6
410419517,1,1,2
410419518,2,2,4
410430101,1,0,1
410430201,1,4,5
410430202,1,0,1
410430203,30,22,52
410430204,2,0,2
410430205,2,2,4
410430206,12,2,14
410430207,1,0,1
410430208,7,0,7
410430301,1,1,2
410430302,2,2,4
410430303,1,0,1
410430304,8,0,8
410430305,1,2,3
410430306,1,1,2
410430308,18,10,28
410430309,7,7,14
410459701,1,1,2
410459702,4,8,12
410459703,11,12,23
410459704,2,5,7
410459705,2,2,4
410470002,25,86,111
410470003,18,11,29
410470004,1,1,2
410470006,7,8,15
410470007,5,0,5
410470008,1,5,6
410470009,4,13,17
410470010,16,14,30
410470011,3,4,7
410470012,12,23,35
410470013,14,23,37
410470014,7,3,10
410470015,7,2,9
410470016,17,7,24
410470017,1,13,14
410470018,4,2,6
410470020,16,24,40
410470021,8,18,26
410470022,8,13,21
410470023,26,23,49
410470024,21,40,61
410470025,4,3,7
410470026,0,1,1
410470027,6,7,13
410470028,8,24,32
410470101,1,1,2
410470102,1,4,5
410470103,20,5,25
410470104,3,2,5
410470105,37,15,52
410470106,1,0,1
410470107,15,9,24
410470108,4,6,10
410499701,1,0,1
410499702,1,2,3
410510001,29,25,54
410510002,13,15,28
410510003,41,61,102
410510004,10,5,15
410510005,2,2,4
410510006,1,1,2
410510007,5,5,10
410510008,17,9,26
410510009,12,7,19
410510010,9,7,16
410510011,10,5,15
410510012,23,24,47
410510013,20,23,43
410510014,13,8,21
410510015,9,16,25
410510016,17,20,37
410510017,6,2,8
410510018,71,95,166
410510019,34,46,80
410510020,13,7,20
410510021,10,6,16
410510022,61,97,158
410510023,13,25,38
410510024,20,33,53
410510025,44,57,101
410510026,17,9,26
410510027,32,16,48
410510028,20,17,37
410510029,14,5,19
410510030,17,9,26
410510031,18,25,43
410510032,12,6,18
410510033,6,4,10
410510034,8,7,15
410510035,33,58,91
410510036,11,4,15
410510037,5,2,7
410510038,6,5,11
410510039,12,3,15
410510040,2,0,2
410510041,2,2,4
410510042,4,2,6
410510043,1,1,2
410510044,1,1,2
410510045,14,37,51
410510046,46,108,154
410510047,22,92,114
410510048,45,98,143
410510049,50,77,127
410510050,21,171,192
410510051,29,62,91
410510052,19,28,47
410510053,25,44,69
410510054,2,4,6
410510055,5,5,10
410510056,16,29,45
410510057,21,30,51
410510058,221,779,1000
410510059,37,82,119
410510060,23,35,58
410510061,16,36,52
410510062,12,10,22
410510063,14,45,59
410510064,22,71,93
410510065,27,49,76
410510066,37,36,73
410510067,17,24,41
410510068,29,72,101
410510069,14,55,69
410510070,46,111,157
410510071,4,7,11
410510072,4,0,4
410510073,9,9,18
410510075,1,0,1
410510076,0,1,1
410510079,1,1,2
410510080,6,8,14
410510081,29,49,78
410510082,38,65,103
410510083,7,0,7
410510084,1,2,3
410510085,1,0,1
410510087,3,0,3
410510088,0,1,1
410510089,5,5,10
410510090,1,0,1
410510091,1,2,3
410510092,2,2,4
410510093,2,2,4
410510094,4,4,8
410510095,8,3,11
410510096,6,2,8
410510097,0,1,1
410510098,14,2,16
410510099,7,14,21
410510100,19,18,37
410510101,3,4,7
410510102,0,1,1
410510103,13,4,17
410510104,33,28,61
410510105,1,2,3
410510232,0,1,1
410510301,2,2,4
410510302,0,1,1
410530051,0,3,3
410530052,28,32,60
410530053,10,15,25
410530201,0,1,1
410530202,14,10,24
410530203,9,1,10
410530204,1,1,2
410559501,1,0,1
410579601,8,5,13
410579602,0,1,1
410579603,1,0,1
410579604,9,6,15
410579605,7,6,13
410579606,2,2,4
410579608,4,4,8
410599501,0,1,1
410599502,1,2,3
410599504,5,8,13
410599505,1,1,2
410599506,21,17,38
410599507,6,2,8
410599508,1,2,3
410599509,2,0,2
410599510,20,8,28
410599511,1,2,3
410599512,5,5,10
410599513,2,0,2
410599514,1,2,3
410619702,0,1,1
410619703,1,1,2
410619704,1,4,5
410619705,3,0,3
410619706,14,16,30
410619707,7,5,12
410619708,2,1,3
410639601,4,3,7
410639603,6,2,8
410659701,10,18,28
410659702,3,4,7
410659703,6,6,12
410659704,3,3,6
410659706,2,2,4
410659707,5,5,10
410659708,0,2,2
410670049,1,5,6
410670070,1,0,1
410670227,2,0,2
410670301,129,247,376
410670302,21,44,65
410670303,20,34,54
410670304,49,37,86
410670305,10,12,22
410670306,5,6,11
410670307,7,9,16
410670308,26,16,42
410670309,9,12,21
410670310,14,21,35
410670311,4,7,11
410670312,6,1,7
410670313,3,10,13
410670314,10,14,24
410670315,91,129,220
410670316,52,35,87
410670317,2,3,5
410670318,32,36,68
410670319,33,24,57
410670320,25,26,51
410670321,21,28,49
410670322,9,6,15
410670323,3,2,5
410670324,5,11,16
410670325,26,51,77
410670326,35,23,58
410670327,5,3,8
410670328,0,1,1
410670329,6,2,8
410670330,3,5,8
410670331,10,5,15
410670333,8,2,10
410670334,1,1,2
410670336,2,2,4
410710204,1,0,1
410710301,23,17,40
410710302,14,4,18
410710303,6,8,14
410710304,2,3,5
410710305,6,2,8
410710306,28,22,50
410710307,14,19,33
410710308,12,10,22
410710309,0,1,1
410710310,3,2,5
410710330,1,0,1
420010301,7,3,10
420010302,3,1,4
420010303,0,1,1
420010304,3,2,5
420010305,5,1,6
420010306,5,7,12
420010307,0,1,1
420010308,3,9,12
420010309,4,3,7
420010311,3,1,4
420010312,5,4,9
420010313,4,1,5
420010314,15,20,35
420010315,13,13,26
420010316,6,8,14
420010317,3,2,5
420013001,1,0,1
420030103,58,113,171
420030201,34,45,79
420030203,3,23,26
420030305,3,3,6
420030402,123,615,738
420030403,10,109,119
420030404,17,78,95
420030405,121,205,326
420030406,0,1,1
420030409,47,60,107
420030501,1,1,2
420030506,1,2,3
420030507,11,31,42
420030510,5,2,7
420030603,7,3,10
420030703,14,29,43
420030705,9,59,68
420030706,12,45,57
420030708,22,53,75
420030709,99,183,282
420030802,5,6,11
420030804,17,21,38
420030806,8,18,26
420030807,9,6,15
420030809,51,104,155
420030901,1,2,3
420030902,5,20,25
420030903,4,15,19
420031005,2,0,2
420031011,1,5,6
420031014,6,9,15
420031018,3,4,7
420031102,18,33,51
420031106,13,24,37
420031113,3,4,7
420031114,2,0,2
420031115,23,16,39
420031201,29,75,104
420031207,1,0,1
420031208,1,0,1
420031303,1,0,1
420031304,0,1,1
420031306,2,0,2
420031401,18,53,71
420031402,21,46,67
420031403,48,73,121
420031404,29,56,85
420031405,1,3,4
420031406,21,42,63
420031408,27,53,80
420031410,4,12,16
420031411,9,8,17
420031413,27,67,94
420031414,33,74,107
420031501,0,4,4
420031516,3,5,8
420031517,15,17,32
420031608,0,2,2
420031609,7,25,32
420031702,7,46,53
420031706,1,3,4
420031803,1,3,4
420031807,2,3,5
420031809,2,0,2
420031903,3,7,10
420031911,2,12,14
420031914,5,4,9
420031915,0,1,1
420031916,1,3,4
420031917,2,3,5
420031918,1,3,4
420031919,1,0,1
420032018,0,1,1
420032023,2,6,8
420032107,0,1,1
420032108,1,3,4
420032201,1,4,5
420032204,1,9,10
420032205,3,12,15
420032206,92,238,330
420032304,2,12,14
420032406,9,15,24
420032412,0,1,1
420032503,0,3,3
420032507,0,2,2
420032509,3,12,15
420032602,1,1,2
420032609,1,0,1
420032612,0,1,1
420032614,1,3,4
420032615,0,1,1
420032620,1,3,4
420032701,1,3,4
420032703,1,0,1
420032704,1,0,1
420032708,2,4,6
420032808,1,1,2
420032811,0,4,4
420032812,2,0,2
420032814,1,1,2
420032901,1,0,1
420032902,1,1,2
420032904,1,0,1
420033102,1,1,2
420033204,0,1,1
420033206,0,2,2
420033207,0,1,1
420034011,5,8,13
420034012,7,6,13
420034013,5,10,15
420034020,0,4,4
420034035,2,7,9
420034040,0,1,1
420034060,3,0,3
420034070,8,5,13
420034080,22,25,47
420034090,43,138,181
420034100,4,5,9
420034110,36,88,124
420034120,46,130,176
420034131,15,65,80
420034132,16,24,40
420034133,11,12,23
420034134,8,31,39
420034135,19,65,84
420034141,28,44,72
420034142,21,35,56
420034150,22,56,78
420034171,1,1,2
420034180,0,1,1
420034190,8,10,18
420034200,1,2,3
420034211,39,78,117
420034212,16,56,72
420034220,58,221,279
420034230,7,9,16
420034240,2,5,7
420034263,2,6,8
420034264,11,6,17
420034267,3,5,8
420034268,6,11,17
420034270,4,0,4
420034271,7,11,18
420034272,3,6,9
420034282,2,7,9
420034291,4,1,5
420034292,25,61,86
420034293,4,15,19
420034294,3,16,19
420034295,11,16,27
420034296,4,14,18
420034297,1,2,3
420034301,1,0,1
420034302,5,5,10
420034311,2,1,3
420034315,3,6,9
420034323,0,1,1
420034324,2,6,8
420034330,1,2,3
420034340,4,7,11
420034360,2,1,3
420034370,9,33,42
420034380,3,2,5
420034390,7,10,17
420034400,10,27,37
420034410,3,6,9
420034420,0,1,1
420034440,3,10,13
420034455,20,36,56
420034460,10,40,50
420034470,5,5,10
420034480,0,6,6
420034490,1,2,3
420034507,3,3,6
420034508,2,1,3
420034511,22,23,45
420034513,14,28,42
420034520,5,2,7
420034530,5,11,16
420034550,2,0,2
420034560,14,22,36
420034571,1,1,2
420034572,1,0,1
420034580,15,36,51
420034591,7,7,14
420034592,11,13,24
420034600,10,5,15
420034626,1,0,1
420034644,3,0,3
420034656,2,1,3
420034658,1,1,2
420034660,1,3,4
420034670,1,2,3
420034687,3,0,3
420034688,0,4,4
420034689,3,2,5
420034690,14,16,30
420034703,13,41,54
420034704,1,12,13
420034705,7,15,22
420034706,2,1,3
420034721,0,3,3
420034722,2,0,2
420034723,1,1,2
420034724,1,0,1
420034731,7,29,36
420034732,2,13,15
420034733,8,15,23
420034734,24,54,78
420034735,12,22,34
420034736,33,73,106
420034741,20,74,94
420034742,38,88,126
420034751,13,22,35
420034752,5,2,7
420034753,6,6,12
420034754,7,7,14
420034761,6,4,10
420034762,0,1,1
420034771,2,3,5
420034772,3,3,6
420034773,9,14,23
420034781,7,4,11
420034782,1,2,3
420034790,2,0,2
420034801,1,2,3
420034802,2,0,2
420034803,1,11,12
420034825,3,0,3
420034838,2,5,7
420034843,4,5,9
420034845,2,1,3
420034846,1,0,1
420034867,1,0,1
420034883,0,1,1
420034884,3,1,4
420034885,7,3,10
420034886,1,9,10
420034890,14,12,26
420034900,3,3,6
420034911,7,13,20
420034912,10,39,49
420034928,1,0,1
420034929,1,0,1
420034940,3,1,4
420034950,1,1,2
420034961,7,1,8
420034962,4,9,13
420034994,1,0,1
420035010,2,0,2
420035030,19,18,37
420035041,1,1,2
420035044,2,1,3
420035070,1,0,1
420035080,1,0,1
420035094,1,3,4
420035100,0,1,1
420035138,1,7,8
420035140,0,1,1
420035151,1,0,1
420035152,0,3,3
420035153,3,4,7
420035154,1,5,6
420035155,7,10,17
420035161,6,17,23
420035162,10,18,28
420035170,0,1,1
420035180,13,39,52
420035190,18,24,42
420035200,14,26,40
420035211,6,3,9
420035212,12,6,18
420035213,33,35,68
420035214,49,55,104
420035215,7,13,20
420035220,0,3,3
420035231,2,1,3
420035232,6,2,8
420035233,2,2,4
420035234,9,10,19
420035235,4,1,5
420035236,2,5,7
420035237,5,4,9
420035238,7,2,9
420035251,4,2,6
420035252,4,2,6
420035253,6,10,16
420035261,7,9,16
420035262,5,1,6
420035263,5,2,7
420035509,24,22,46
420035512,7,2,9
420035513,0,1,1
420035519,1,7,8
420035520,0,1,1
420035521,1,0,1
420035604,9,4,13
420035605,9,10,19
420035606,1,2,3
420035610,0,1,1
420035612,0,1,1
420035614,2,5,7
420035615,1,4,5
420037463,0,1,1
420038021,0,2,2
420038023,1,0,1
420039123,1,0,1
420039124,2,3,5
420058013,1,2,3
420058017,0,1,1
420059114,1,2,3
420059606,1,0,1
420059801,1,2,3
420059803,1,0,1
420059804,3,1,4
420059805,17,17,34
420059806,1,0,1
420059809,0,2,2
420059810,5,1,6
420059811,5,6,11
420059812,2,4,6
420059815,5,0,5
420059817,1,0,1
420059819,2,0,2
420070114,1,0,1
420070118,1,0,1
420074110,0,1,1
420074370,0,1,1
420074390,0,1,1
420074400,1,7,8
420074520,0,1,1
420076001,1,4,5
420076005,0,1,1
420076006,0,1,1
420076007,13,17,30
420076009,3,0,3
420076010,4,5,9
420076012,6,1,7
420076013,13,1,14
420076014,1,0,1
420076015,2,4,6
420076018,2,1,3
420076019,0,1,1
420076021,0,3,3
420076022,3,13,16
420076023,25,13,38
420076024,4,8,12
420076025,1,10,11
420076026,30,37,67
420076027,0,1,1
420076028,1,1,2
420076032,18,6,24
420076034,1,0,1
420076037,1,0,1
420076038,2,4,6
420076041,3,2,5
420076042,6,0,6
420076045,1,0,1
420076046,4,3,7
420076047,1,1,2
420076048,2,2,4
420076049,4,2,6
420076050,4,2,6
420099803,3,0,3
420099804,1,0,1
420099806,5,0,5
420099807,1,4,5
420099808,4,2,6
420099809,0,2,2
420099810,9,9,18
420110001,9,5,14
420110002,1,4,5
420110006,65,44,109
420110009,2,1,3
420110016,3,1,4
420110018,2,2,4
420110022,0,1,1
420110023,1,0,1
420110026,0,2,2
420110027,13,4,17
420110054,0,1,1
420110101,1,0,1
420110102,5,4,9
420110103,6,13,19
420110104,5,8,13
420110105,6,3,9
420110106,22,32,54
420110107,2,7,9
420110108,18,15,33
420110109,22,59,81
420110110,16,27,43
420110111,69,119,188
420110112,29,60,89
420110113,2,2,4
420110114,7,9,16
420110115,2,1,3
420110116,20,37,57
420110117,8,9,17
420110118,0,2,2
420110119,9,4,13
420110120,7,9,16
420110121,43,31,74
420110122,2,2,4
420110123,2,2,4
420110124,4,0,4
420110125,1,1,2
420110127,11,4,15
420110128,1,2,3
420110129,4,5,9
420110130,2,1,3
420110131,1,2,3
420110132,2,1,3
420110133,4,4,8
420110134,2,8,10
420110135,2,3,5
420110136,4,1,5
420110137,4,1,5
420110138,4,2,6
420110139,0,4,4
420110140,7,1,8
420110141,3,3,6
420110142,6,4,10
420112082,1,0,1
420130101,6,5,11
420130104,3,0,3
420130105,1,2,3
420130106,4,9,13
420130107,3,0,3
420130108,2,0,2
420130109,37,60,97
420130110,11,14,25
420130111,5,6,11
420130112,9,17,26
420130113,4,1,5
420130114,11,5,16
420130115,0,1,1
420130130,0,1,1
420131002,3,4,7
420131003,2,0,2
420131006,7,5,12
420131007,32,38,70
420131008,0,1,1
420131011,1,2,3
420131012,5,13,18
420131014,5,4,9
420131015,4,10,14
420131016,16,8,24
420131017,4,1,5
420131018,2,0,2
420131019,11,19,30
420139802,3,0,3
420159801,1,0,1
420159802,0,1,1
420159803,81,96,177
420159804,8,16,24
420159805,9,29,38
420159806,1,0,1
420159807,3,6,9
420159808,2,2,4
420159809,7,3,10
420159810,10,8,18
420159811,1,2,3
420159814,3,0,3
420170069,0,1,1
420171001,10,10,20
420171002,49,62,111
420171003,5,3,8
420171004,10,4,14
420171006,8,2,10
420171007,6,15,21
420171008,88,135,223
420171009,4,7,11
420171012,2,2,4
420171013,0,4,4
420171014,16,16,32
420171015,17,20,37
420171016,34,24,58
420171017,1,1,2
420171018,27,29,56
420171019,4,1,5
420171020,26,23,49
420171021,15,19,34
420171022,1,0,1
420171023,8,2,10
420171024,4,1,5
420171025,2,11,13
420171026,1,0,1
420171027,16,46,62
420171028,6,5,11
420171030,5,7,12
420171031,23,6,29
420171033,1,1,2
420171034,4,3,7
420171035,1,4,5
420171037,0,2,2
420171038,0,1,1
420171039,3,4,7
420171040,3,14,17
420171041,2,0,2
420171042,18,16,34
420171043,14,47,61
420171044,8,3,11
420171045,34,66,100
420171046,51,90,141
420171047,9,28,37
420171048,1,4,5
420171049,26,30,56
420171050,79,123,202
420171051,8,13,21
420171052,49,79,128
420171053,9,6,15
420171054,31,73,104
420171055,126,203,329
420171056,4,9,13
420171057,4,4,8
420171058,17,12,29
420171059,2,2,4
420172006,5,9,14
420172010,0,3,3
420172071,0,1,1
420172072,3,0,3
420194090,1,2,3
420199021,1,1,2
420199023,1,2,3
420199024,16,15,31
420199025,2,2,4
420199026,0,3,3
420199028,5,6,11
420199029,9,7,16
420199030,4,6,10
420199031,2,1,3
420199101,1,0,1
420199102,1,0,1
420199103,3,2,5
420199104,2,2,4
420199105,1,0,1
420199106,0,1,1
420199107,0,1,1
420199108,3,1,4
420199109,14,12,26
420199110,0,5,5
420199111,3,4,7
420199112,1,1,2
420199114,3,0,3
420199115,2,3,5
420199116,4,8,12
420199117,1,2,3
420199118,3,4,7
420199119,2,0,2
420199120,20,24,44
420199121,4,2,6
420199122,3,5,8
420199123,12,19,31
420199124,25,43,68
420199127,7,10,17
420199128,4,0,4
420210001,8,17,25
420210002,2,3,5
420210007,48,83,131
420210012,4,1,5
420210101,1,1,2
420210102,1,0,1
420210103,1,0,1
420210105,3,0,3
420210106,3,5,8
420210107,5,6,11
420210108,28,47,75
420210110,1,0,1
420210111,21,14,35
420210112,14,22,36
420210113,19,37,56
420210114,5,3,8
420210115,1,0,1
420210116,2,1,3
420210117,1,0,1
420210118,3,0,3
420210119,5,2,7
420210120,5,1,6
420210121,0,1,1
420210122,2,0,2
420210123,1,0,1
420210124,6,1,7
420210125,11,4,15
420210126,4,1,5
420210128,8,3,11
420210130,1,2,3
420210131,1,0,1
420210133,6,4,10
420239601,2,2,4
420239602,1,0,1
420250201,13,3,16
420250202,4,0,4
420250203,2,2,4
420250204,1,0,1
420250205,4,9,13
420250206,6,7,13
420250207,6,1,7
420250208,1,1,2
420250209,11,7,18
420270101,1,3,4
420270103,3,2,5
420270104,5,1,6
420270105,1,1,2
420270106,1,0,1
420270107,1,0,1
420270109,2,8,10
420270110,7,3,10
420270111,4,3,7
420270112,2,9,11
420270113,1,14,15
420270114,21,16,37
420270115,7,28,35
420270116,18,31,49
420270117,10,36,46
420270118,16,25,41
420270119,19,14,33
420270120,6,14,20
420270121,3,3,6
420270123,4,7,11
420270124,5,6,11
420270125,3,11,14
420270126,3,0,3
420270127,1,6,7
420270128,3,6,9
420290117,1,0,1
420292059,1,10,11
420292061,3,0,3
420293001,87,175,262
420293002,51,90,141
420293003,28,94,122
420293004,1,4,5
420293005,22,44,66
420293006,1,1,2
420293007,8,9,17
420293008,6,14,20
420293009,9,9,18
420293010,6,7,13
420293011,1,1,2
420293012,3,3,6
420293013,2,6,8
420293014,12,12,24
420293015,0,1,1
420293016,4,5,9
420293017,1,2,3
420293018,11,12,23
420293019,6,21,27
420293020,13,24,37
420293021,19,37,56
420293022,43,44,87
420293023,9,7,16
420293024,7,2,9
420293025,1,3,4
420293027,53,63,116
420293028,26,61,87
420293029,17,23,40
420293030,11,9,20
420293031,10,29,39
420293032,8,28,36
420293033,17,39,56
420293034,6,7,13
420293035,13,18,31
420293036,10,18,28
420293037,0,4,4
420293038,6,13,19
420293039,18,25,43
420293040,11,12,23
420293041,7,3,10
420293042,11,10,21
420293043,8,6,14
420293044,14,25,39
420293045,18,19,37
420293046,4,5,9
420293047,0,1,1
420293048,1,3,4
420293049,2,3,5
420293050,1,0,1
420293051,1,2,3
420293052,15,14,29
420293053,1,1,2
420293054,1,1,2
420293055,1,0,1
420293057,0,1,1
420293058,1,0,1
420293060,3,2,5
420293062,9,7,16
420293063,0,1,1
420293064,1,0,1
420293065,25,32,57
420293066,4,7,11
420293067,7,9,16
420293068,2,0,2
420293069,3,4,7
420293070,10,11,21
420293071,2,3,5
420293072,1,1,2
420293073,2,1,3
420293074,2,0,2
420293075,0,1,1
420293076,1,1,2
420293077,1,2,3
420293078,1,0,1
420293079,0,3,3
420293080,7,6,13
420293081,1,1,2
420293082,1,0,1
420293102,2,4,6
420293105,6,8,14
420294098,1,3,4
420294101,1,0,1
420294102,4,4,8
420319901,8,6,14
420319902,2,1,3
420319903,5,4,9
420319904,1,0,1
420319905,2,1,3
420319906,10,4,14
420319907,1,1,2
420319908,8,13,21
420319909,1,2,3
420333301,4,14,18
420333302,8,16,24
420333303,21,22,43
420333304,14,43,57
420333305,1,0,1
420333306,1,1,2
420333307,1,0,1
420333308,1,1,2
420333309,1,1,2
420333310,0,1,1
420333311,2,0,2
420333312,11,13,24
420333313,5,2,7
420333314,2,0,2
420333317,1,0,1
420350119,1,0,1
420359701,2,1,3
420359702,4,2,6
420359703,5,5,10
420359704,3,5,8
420359705,5,2,7
420359706,1,1,2
420359707,8,7,15
420359708,1,1,2
420359709,1,0,1
420370501,1,1,2
420370502,3,3,6
420370503,7,9,16
420370504,2,1,3
420370505,1,2,3
420370506,14,8,22
420370507,2,2,4
420370508,1,2,3
420370509,16,15,31
420370510,3,3,6
420370511,11,4,15
420370512,5,4,9
420370513,3,2,5
420370514,3,2,5
420370515,2,3,5
420379501,0,1,1
420379609,1,0,1
420391101,3,1,4
420391102,2,0,2
420391104,3,1,4
420391105,6,5,11
420391106,2,1,3
420391107,3,4,7
420391108,2,2,4
420391109,0,1,1
420391110,1,0,1
420391111,6,4,10
420391112,5,7,12
420391113,4,0,4
420391114,4,6,10
420391115,19,29,48
420391116,9,17,26
420391117,7,10,17
420391118,3,7,10
420391120,0,1,1
420410101,2,2,4
420410102,43,78,121
420410103,5,33,38
420410104,9,20,29
420410105,4,16,20
420410106,17,21,38
420410107,8,3,11
420410108,2,2,4
420410109,3,10,13
420410110,1,1,2
420410111,7,23,30
420410112,1,0,1
420410113,84,102,186
420410114,2,3,5
420410115,1,2,3
420410116,25,36,61
420410117,8,8,16
420410118,26,34,60
420410119,6,2,8
420410120,7,6,13
420410124,22,29,51
420410125,19,23,42
420410126,1,0,1
420410127,5,17,22
420410128,3,4,7
420410129,1,0,1
420410130,1,0,1
420410131,4,1,5
420410132,8,0,8
420430023,1,0,1
420430201,39,34,73
420430203,0,1,1
420430204,2,3,5
420430205,0,8,8
420430206,2,1,3
420430208,2,6,8
420430209,20,24,44
420430212,0,1,1
420430214,1,0,1
420430215,1,0,1
420430216,0,1,1
420430217,3,3,6
420430218,2,9,11
420430219,33,45,78
420430220,3,1,4
420430221,1,4,5
420430222,1,1,2
420430223,15,44,59
420430224,16,11,27
420430225,20,32,52
420430226,42,65,107
420430227,4,12,16
420430228,7,9,16
420430229,2,5,7
420430230,0,1,1
420430231,1,0,1
420430233,1,1,2
420430234,2,0,2
420430235,2,1,3
420430236,3,4,7
420430238,3,0,3
420430239,4,1,5
420430240,17,22,39
420430241,165,529,694
420430242,13,22,35
420430243,103,183,286
420430244,9,9,18
420430245,28,70,98
420430246,12,21,33
420430247,8,4,12
420430248,5,2,7
420430250,1,0,1
420430251,1,1,2
420430252,1,1,2
420430253,3,0,3
420430254,2,0,2
420452049,2,5,7
420452050,0,5,5
420452051,0,3,3
420452052,1,1,2
420452055,0,2,2
420452059,9,5,14
420453001,5,5,10
420453003,3,7,10
420453030,0,1,1
420453031,0,2,2
420453033,3,3,6
420454001,1,2,3
420454002,3,4,7
420454003,3,1,4
420454004,8,8,16
420454005,1,4,5
420454006,0,1,1
420454007,10,33,43
420454008,13,10,23
420454009,3,12,15
420454010,5,4,9
420454011,16,24,40
420454012,9,5,14
420454013,7,7,14
420454014,5,9,14
420454015,14,11,25
420454016,2,4,6
420454017,1,0,1
420454018,3,7,10
420454019,7,7,14
420454020,0,3,3
420454021,3,1,4
420454022,0,3,3
420454025,21,9,30
420454026,32,51,83
420454028,3,1,4
420454029,1,0,1
420454031,5,2,7
420454032,5,0,5
420454033,2,0,2
420454034,1,3,4
420454035,3,1,4
420454036,2,1,3
420454037,2,1,3
420454038,3,0,3
420454039,11,32,43
420454040,6,5,11
420454041,10,8,18
420454042,0,4,4
420454044,2,0,2
420454045,2,5,7
420454046,1,0,1
420454047,4,0,4
420454050,1,0,1
420454051,14,2,16
420454053,2,0,2
420454061,0,1,1
420454062,5,3,8
420454063,48,81,129
420454064,7,0,7
420454067,2,0,2
420454068,8,8,16
420454069,10,5,15
420454070,3,8,11
420454071,14,19,33
420454072,44,82,126
420454073,8,21,29
420454074,52,98,150
420454075,16,17,33
420454076,26,63,89
420454077,2,2,4
420454078,48,48,96
420454079,44,99,143
420454080,25,45,70
420454081,22,30,52
420454083,15,26,41
420454084,13,48,61
420454085,6,14,20
420454086,5,15,20
420454087,11,21,32
420454088,7,12,19
420454089,15,21,36
420454090,8,14,22
420454091,4,4,8
420454092,13,14,27
420454093,12,10,22
420454094,1,11,12
420454095,2,9,11
420454096,56,122,178
420454097,48,113,161
420454098,45,96,141
420454099,53,99,152
420454100,18,36,54
420454101,19,34,53
420454102,11,15,26
420454103,43,40,83
420454104,0,3,3
420479901,0,1,1
420479902,1,0,1
420479904,6,9,15
420479905,3,1,4
420479910,3,3,6
420479911,6,17,23
420479912,2,2,4
420479913,1,1,2
420490001,4,12,16
420490002,15,18,33
420490003,18,39,57
420490004,9,41,50
420490008,2,1,3
420490009,2,2,4
420490010,9,5,14
420490011,0,3,3
420490012,11,1,12
420490017,1,0,1
420490018,0,2,2
420490019,15,34,49
420490021,3,4,7
420490022,1,1,2
420490023,2,6,8
420490024,6,22,28
420490025,2,1,3
420490026,0,2,2
420490027,17,15,32
420490028,6,2,8
420490029,18,26,44
420490030,5,7,12
420490101,2,2,4
420490102,9,2,11
420490103,22,62,84
420490104,2,27,29
420490105,13,6,19
420490106,6,17,23
420490107,3,5,8
420490108,7,4,11
420490109,44,80,124
420490110,18,36,54
420490111,16,21,37
420490112,5,3,8
420490114,3,2,5
420490115,18,14,32
420490117,5,5,10
420490118,1,0,1
420490119,6,4,10
420490120,2,2,4
420490121,3,2,5
420490122,8,7,15
420512602,3,0,3
420512604,6,0,6
420512606,4,0,4
420512607,1,0,1
420512608,6,1,7
420512609,1,3,4
420512610,1,0,1
420512611,1,0,1
420512613,1,0,1
420512614,3,5,8
420512616,0,2,2
420512618,4,1,5
420512619,3,6,9
420512620,26,17,43
420512621,6,8,14
420512622,9,25,34
420512623,0,2,2
420512624,2,1,3
420512626,1,0,1
420512627,3,4,7
420512628,3,2,5
420512630,3,0,3
420512631,0,1,1
420512632,0,3,3
420518058,2,2,4
420518059,6,6,12
420539801,0,1,1
420550103,2,1,3
420550104,16,10,26
420550105,13,4,17
420550106,6,7,13
420550107,1,8,9
420550108,3,8,11
420550109,27,57,84
420550110,3,0,3
420550111,10,9,19
420550112,0,3,3
420550113,5,4,9
420550114,2,0,2
420550115,5,0,5
420550116,1,1,2
420550117,2,9,11
420550118,8,2,10
420550119,4,1,5
420550120,5,3,8
420550121,3,2,5
420550122,1,1,2
420550123,10,9,19
420550124,4,0,4
420550125,5,8,13
420550131,1,0,1
420579901,6,0,6
420599701,3,1,4
420599702,2,0,2
420599704,2,0,2
420599705,9,8,17
420599706,3,1,4
420599708,3,1,4
420610101,1,0,1
420619502,1,2,3
420619503,2,2,4
420619504,20,17,37
420619505,3,0,3
420619506,3,1,4
420619509,2,0,2
420619510,1,0,1
420619513,1,1,2
420639601,0,1,1
420639602,7,1,8
420639604,1,0,1
420639605,2,1,3
420639606,1,3,4
420639607,8,16,24
420639608,11,31,42
420639609,2,10,12
420639610,3,7,10
420639611,7,6,13
420639612,0,1,1
420639613,1,1,2
420639615,0,1,1
420639616,2,0,2
420639617,0,1,1
420639619,4,1,5
420639620,6,2,8
420639621,4,0,4
420639622,0,1,1
420659501,2,1,3
420659503,2,3,5
420659504,4,6,10
420659505,5,6,11
420659506,3,2,5
420659507,3,1,4
420659508,2,0,2
420659509,0,1,1
420659511,6,9,15
420659512,4,2,6
420659513,2,1,3
420659909,0,2,2
420679701,6,1,7
420679702,2,1,3
420679804,1,0,1
420691002,6,35,41
420691003,2,2,4
420691004,2,11,13
420691005,1,0,1
420691006,64,58,122
420691008,1,4,5
420691009,1,2,3
420691010,6,4,10
420691011,2,0,2
420691012,3,1,4
420691013,1,0,1
420691017,1,1,2
420691018,5,11,16
420691023,8,0,8
420691025,1,0,1
420691026,0,1,1
420691027,3,2,5
420691028,3,9,12
420691029,8,12,20
420691030,1,0,1
420691031,1,0,1
420691101,1,1,2
420691102,3,1,4
420691103,12,17,29
420691104,40,64,104
420691105,17,40,57
420691106,2,0,2
420691107,8,5,13
420691108,6,5,11
420691110,1,1,2
420691111,7,5,12
420691112,8,7,15
420691113,5,0,5
420691114,4,2,6
420691115,2,0,2
420691116,5,10,15
420691117,2,11,13
420691118,16,14,30
420691120,7,5,12
420691121,2,22,24
420691122,4,6,10
420691123,4,8,12
420691124,4,16,20
420691125,2,3,5
420691126,6,2,8
420691127,3,3,6
420691128,7,15,22
420694003,1,0,1
420699610,1,2,3
420710001,3,1,4
420710002,4,16,20
420710003,4,1,5
420710004,37,43,80
420710005,3,5,8
420710006,9,3,12
420710008,1,0,1
420710009,1,2,3
420710012,3,0,3
420710014,1,0,1
420710016,2,0,2
420710101,2,2,4
420710102,5,4,9
420710103,3,3,6
420710104,5,0,5
420710105,9,12,21
420710106,19,10,29
420710107,10,10,20
420710108,5,6,11
420710109,3,3,6
420710110,0,1,1
420710111,10,2,12
420710113,5,3,8
420710114,1,0,1
420710115,11,7,18
420710116,7,10,17
420710117,89,113,202
420710118,77,145,222
420710119,37,82,119
420710120,16,1,17
420710121,25,27,52
420710122,4,2,6
420710123,11,14,25
420710124,6,2,8
420710125,4,1,5
420710126,2,0,2
420710127,3,1,4
420710128,7,0,7
420710129,1,2,3
420710130,11,1,12
420710131,5,2,7
420710132,25,24,49
420710133,32,39,71
420710134,3,0,3
420710135,43,48,91
420710136,6,4,10
420710137,8,10,18
420710138,5,3,8
420710139,5,5,10
420710140,7,3,10
420710141,4,1,5
420710142,6,4,10
420710143,2,1,3
420710144,3,2,5
420710145,0,3,3
420710146,3,5,8
420730001,0,1,1
420730003,2,6,8
420730004,4,4,8
420730009,3,0,3
420730010,0,1,1
420730102,21,21,42
420730103,4,1,5
420730104,2,1,3
420730105,1,1,2
420730106,1,2,3
420730107,1,0,1
420730108,15,23,38
420730109,2,1,3
420730110,2,0,2
420730111,0,3,3
420730113,0,3,3
420730116,4,2,6
420730118,1,2,3
420750001,12,8,20
420750002,10,5,15
420750003,1,0,1
420750005,6,3,9
420750020,1,0,1
420750021,1,0,1
420750022,4,1,5
420750024,0,2,2
420750025,6,1,7
420750026,2,20,22
420750027,1,3,4
420750028,1,1,2
420750029,1,1,2
420750030,2,0,2
420750031,2,1,3
420750032,5,7,12
420750033,3,5,8
420750034,3,8,11
420750035,38,62,100
420750036,1,0,1
420750037,1,4,5
420750038,19,20,39
420750039,7,7,14
420750040,9,27,36
420750041,7,7,14
420750042,8,12,20
420770001,3,4,7
420770002,2,2,4
420770003,2,2,4
420770004,0,1,1
420770006,0,1,1
420770007,3,0,3
420770009,24,6,30
420770010,7,17,24
420770011,22,18,40
420770012,1,2,3
420770013,0,2,2
420770014,5,13,18
420770015,9,4,13
420770017,5,1,6
420770019,5,4,9
420770020,0,1,1
420770021,11,6,17
420770022,34,27,61
420770023,46,68,114
420770051,1,0,1
420770052,1,0,1
420770053,3,3,6
420770054,11,16,27
420770055,22,25,47
420770056,8,2,10
420770057,18,4,22
420770058,0,1,1
420770059,4,3,7
420770060,43,80,123
420770061,40,34,74
420770062,60,99,159
420770063,77,120,197
420770064,16,20,36
420770065,9,1,10
420770066,2,4,6
420770067,80,190,270
420770068,72,89,161
420770069,30,110,140
420770070,7,9,16
420770091,5,22,27
420770092,5,3,8
420770093,3,5,8
420770094,2,3,5
420770095,5,2,7
420770102,0,1,1
420770103,2,3,5
420770142,2,1,3
420770177,2,16,18
420790501,0,1,1
420790514,1,0,1
420792001,1,7,8
420792002,4,2,6
420792003,1,0,1
420792004,6,4,10
420792005,6,1,7
420792006,0,1,1
420792007,1,2,3
420792008,1,1,2
420792009,6,0,6
420792012,24,17,41
420792013,4,0,4
420792014,4,1,5
420792015,9,29,38
420792016,3,7,10
420792101,2,2,4
420792102,1,1,2
420792103,2,0,2
420792105,0,4,4
420792106,1,1,2
420792107,1,1,2
420792108,2,1,3
420792110,5,4,9
420792111,2,1,3
420792112,31,42,73
420792113,8,28,36
420792114,20,23,43
420792115,1,1,2
420792116,5,3,8
420792117,12,17,29
420792118,7,15,22
420792119,2,8,10
420792120,5,17,22
420792121,8,11,19
420792122,0,2,2
420792123,2,1,3
420792127,42,17,59
420792128,19,30,49
420792129,6,6,12
420792130,1,2,3
420792131,3,10,13
420792132,6,4,10
420792134,0,1,1
420792136,3,0,3
420792138,0,1,1
420792139,0,1,1
420792140,4,2,6
420792141,2,0,2
420792142,0,2,2
420792143,1,0,1
420792144,3,1,4
420792145,2,1,3
420792146,6,3,9
420792147,1,0,1
420792150,1,0,1
420792152,12,16,28
420792153,3,8,11
420792154,1,2,3
420792155,36,66,102
420792157,2,0,2
420792158,1,1,2
420792159,1,1,2
420792160,1,0,1
420792161,4,4,8
420792162,2,0,2
420792164,0,1,1
420792165,12,20,32
420792166,13,12,25
420792167,2,1,3
420792168,2,0,2
420792169,0,1,1
420792170,9,8,17
420792171,1,0,1
420792173,10,13,23
420792174,1,2,3
420792175,6,7,13
420792176,1,3,4
420792177,3,3,6
420792178,2,0,2
420792179,2,0,2
420810001,13,31,44
420810002,11,17,28
420810003,6,1,7
420810004,27,40,67
420810005,1,1,2
420810006,0,3,3
420810009,1,1,2
420810010,3,0,3
420810101,0,1,1
420810102,1,1,2
420810104,0,9,9
420810105,4,6,10
420810106,0,2,2
420810107,4,0,4
420810108,9,11,20
420810109,4,4,8
420810110,14,1,15
420810111,11,19,30
420810112,12,20,32
420810113,5,2,7
420810114,1,0,1
420810116,6,2,8
420810118,0,1,1
420810119,3,3,6
420819601,1,1,2
420834201,3,4,7
420834202,3,4,7
420834203,4,7,11
420834204,3,8,11
420834205,3,2,5
420834206,1,2,3
420834207,3,1,4
420834208,1,2,3
420834209,1,0,1
420834210,1,4,5
420834211,2,3,5
420834212,6,0,6
420850301,2,0,2
420850302,2,5,7
420850303,5,8,13
420850304,1,8,9
420850305,1,0,1
420850309,5,6,11
420850311,0,1,1
420850312,11,18,29
420850313,22,29,51
420850314,25,35,60
420850315,0,1,1
420850316,2,1,3
420850317,3,3,6
420850318,2,2,4
420850319,9,18,27
420850320,2,1,3
420850321,7,6,13
420850322,4,16,20
420850323,1,3,4
420850324,3,2,5
420850325,4,4,8
420850326,4,3,7
420850327,3,2,5
420850328,3,8,11
420850329,11,11,22
420850330,1,1,2
420850331,1,3,4
420851120,0,2,2
420879602,7,5,12
420879603,3,1,4
420879605,1,0,1
420879606,1,2,3
420879608,4,2,6
420879609,3,0,3
420879610,0,4,4
420879611,17,20,37
420893001,3,6,9
420893002,8,6,14
420893003,16,8,24
420893004,11,12,23
420893005,18,33,51
420893006,7,10,17
420893007,17,32,49
420893008,2,7,9
420893009,5,7,12
420893010,14,10,24
420893011,14,12,26
420893012,6,4,10
420893013,4,4,8
420910097,4,10,14
420911021,1,1,2
420912001,67,120,187
420912002,2,0,2
420912003,46,63,109
420912004,6,10,16
420912005,48,77,125
420912006,38,52,90
420912007,21,28,49
420912008,1,2,3
420912009,17,20,37
420912010,28,43,71
420912011,0,1,1
420912012,49,112,161
420912013,5,4,9
420912014,108,180,288
420912015,37,93,130
420912016,106,184,290
420912017,16,15,31
420912018,18,28,46
420912019,68,155,223
420912020,6,9,15
420912021,41,24,65
420912022,28,40,68
420912023,48,86,134
420912024,33,54,87
420912025,27,23,50
420912026,22,35,57
420912030,10,35,45
420912031,47,90,137
420912032,78,149,227
420912033,23,44,67
420912034,19,28,47
420912035,1,4,5
420912036,51,44,95
420912037,2,19,21
420912038,3,2,5
420912039,2,0,2
420912040,41,63,104
420912041,15,16,31
420912042,4,7,11
420912043,33,113,146
420912044,61,125,186
420912045,49,128,177
420912046,50,167,217
420912047,41,118,159
420912048,60,157,217
420912049,35,116,151
420912050,2,14,16
420912051,21,81,102
420912052,19,62,81
420912053,4,4,8
420912054,70,204,274
420912055,139,354,493
420912056,26,55,81
420912057,1,4,5
420912058,21,55,76
420912059,28,64,92
420912060,26,41,67
420912061,30,51,81
420912062,2,0,2
420912063,7,3,10
420912064,3,4,7
420912065,7,5,12
420912066,1,1,2
420912067,18,13,31
420912068,20,45,65
420912069,10,17,27
420912070,18,20,38
420912071,11,12,23
420912072,1,2,3
420912073,1,1,2
420912074,3,6,9
420912075,5,4,9
420912076,1,1,2
420912078,7,0,7
420912079,0,1,1
420912080,3,1,4
420912081,1,1,2
420912082,2,2,4
420912083,1,1,2
420912085,4,3,7
420912086,14,13,27
420912087,14,29,43
420912088,5,24,29
420912089,4,8,12
420912091,0,1,1
420912101,2,5,7
420912102,6,9,15
420912103,19,32,51
420912104,6,22,28
420912105,22,34,56
420913001,0,6,6
420913005,2,1,3
420914083,7,41,48
420914088,0,3,3
420914096,1,5,6
420930515,1,0,1
420939501,3,1,4
420939502,184,333,517
420939503,32,77,109
420939504,10,38,48
420939602,1,0,1
420950101,0,6,6
420950102,17,28,45
420950103,7,10,17
420950104,5,3,8
420950105,2,0,2
420950106,3,7,10
420950107,3,4,7
420950108,7,7,14
420950109,0,3,3
420950110,1,2,3
420950111,2,0,2
420950112,1,2,3
420950113,0,3,3
420950141,1,9,10
420950142,1,0,1
420950143,0,1,1
420950144,1,0,1
420950147,5,1,6
420950151,4,1,5
420950152,3,3,6
420950153,3,0,3
420950154,1,4,5
420950155,2,1,3
420950156,1,2,3
420950157,4,1,5
420950158,10,8,18
420950159,4,1,5
420950160,7,5,12
420950161,1,0,1
420950162,4,0,4
420950163,1,1,2
420950164,6,1,7
420950165,4,0,4
420950166,2,1,3
420950167,3,1,4
420950168,7,3,10
420950169,18,37,55
420950170,2,0,2
420950171,8,11,19
420950172,55,55,110
420950173,0,1,1
420950174,22,28,50
420950175,14,14,28
420950176,54,55,109
420950177,39,55,94
420950178,1,0,1
420950179,3,6,9
420950180,20,63,83
420950181,5,9,14
420970253,1,0,1
420979501,1,0,1
420979503,1,0,1
420979504,1,0,1
420979601,0,1,1
420979602,2,1,3
420979603,6,3,9
420979604,1,2,3
420979605,1,2,3
420979606,3,0,3
420979607,6,26,32
420979608,8,7,15
420979609,2,0,2
420979610,2,2,4
420979611,2,1,3
420979612,2,0,2
420979614,1,1,2
420979615,3,2,5
420979616,4,0,4
420979617,1,0,1
420979619,1,2,3
420979620,3,3,6
420979621,1,2,3
420979622,3,7,10
420979623,1,0,1
420979624,1,4,5
420990301,1,2,3
420990302,6,1,7
420990303,2,1,3
420990304,1,3,4
420990305,5,1,6
420990306,4,2,6
421010001,28,63,91
421010002,19,57,76
421010003,69,222,291
421010004,54,124,178
421010005,58,140,198
421010006,198,495,693
421010007,48,91,139
421010008,81,269,350
421010009,82,267,349
421010010,60,187,247
421010011,85,198,283
421010012,82,196,278
421010013,20,82,102
421010014,19,41,60
421010015,7,22,29
421010016,12,21,33
421010017,18,25,43
421010018,14,22,36
421010019,11,16,27
421010020,1,0,1
421010021,1,12,13
421010022,2,5,7
421010023,5,8,13
421010024,27,18,45
421010025,4,16,20
421010027,5,13,18
421010028,5,6,11
421010029,10,23,33
421010030,10,10,20
421010032,2,0,2
421010033,1,1,2
421010036,1,0,1
421010037,1,1,2
421010038,12,11,23
421010039,13,17,30
421010040,7,24,31
421010041,1,2,3
421010042,4,2,6
421010044,1,0,1
421010045,1,2,3
421010047,4,11,15
421010048,1,0,1
421010051,2,0,2
421010054,0,3,3
421010055,2,2,4
421010056,1,1,2
421010058,0,1,1
421010060,6,0,6
421010061,1,1,2
421010065,1,0,1
421010066,1,0,1
421010067,1,0,1
421010072,2,2,4
421010073,0,2,2
421010074,3,0,3
421010076,145,728,873
421010077,0,2,2
421010078,4,9,13
421010079,23,20,43
421010080,4,13,17
421010081,0,1,1
421010083,3,0,3
421010084,2,0,2
421010085,5,1,6
421010086,9,14,23
421010087,13,36,49
421010088,15,30,45
421010089,18,98,116
421010090,10,29,39
421010091,73,201,274
421010092,3,2,5
421010093,0,2,2
421010094,0,1,1
421010098,8,5,13
421010099,6,3,9
421010100,2,0,2
421010102,2,0,2
421010104,0,4,4
421010106,4,2,6
421010107,0,1,1
421010109,1,0,1
421010111,2,0,2
421010112,2,0,2
421010114,2,0,2
421010115,0,2,2
421010116,6,21,27
421010117,1,4,5
421010118,1,1,2
421010119,3,5,8
421010120,4,3,7
421010121,5,4,9
421010122,36,74,110
421010124,0,1,1
421010125,37,118,155
421010126,7,21,28
421010127,1,1,2
421010128,2,6,8
421010129,1,5,6
421010130,3,7,10
421010131,3,9,12
421010132,0,1,1
421010133,13,26,39
421010134,30,71,101
421010135,6,18,24
421010136,37,59,96
421010137,3,5,8
421010138,1,2,3
421010140,3,3,6
421010141,1,2,3
421010142,8,16,24
421010143,1,3,4
421010144,1,3,4
421010145,1,1,2
421010146,0,1,1
421010150,1,1,2
421010151,2,0,2
421010152,3,1,4
421010154,1,1,2
421010157,1,4,5
421010158,2,5,7
421010159,0,2,2
421010160,3,6,9
421010162,1,1,2
421010163,6,26,32
421010165,3,0,3
421010166,1,1,2
421010169,1,0,1
421010170,6,7,13
421010172,2,0,2
421010173,1,1,2
421010174,1,0,1
421010175,3,0,3
421010176,4,3,7
421010177,3,3,6
421010178,2,19,21
421010179,4,6,10
421010180,4,8,12
421010183,4,3,7
421010186,3,4,7
421010187,6,8,14
421010188,2,0,2
421010191,6,0,6
421010192,1,0,1
421010194,6,15,21
421010196,1,1,2
421010197,4,2,6
421010198,8,10,18
421010199,0,1,1
421010200,53,166,219
421010201,43,60,103
421010205,1,0,1
421010206,87,89,176
421010207,18,71,89
421010208,13,24,37
421010209,9,9,18
421010210,5,24,29
421010211,9,10,19
421010212,3,10,13
421010213,3,9,12
421010214,6,21,27
421010215,9,20,29
421010216,6,11,17
421010217,15,22,37
421010218,10,22,32
421010219,3,10,13
421010220,5,13,18
421010221,2,3,5
421010222,6,4,10
421010223,0,2,2
421010224,4,7,11
421010225,3,2,5
421010226,26,15,41
421010227,6,18,24
421010228,5,33,38
421010229,0,3,3
421010230,8,10,18
421010231,18,31,49
421010232,6,5,11
421010233,17,17,34
421010234,10,7,17
421010235,8,10,18
421010236,23,31,54
421010237,11,11,22
421010238,3,7,10
421010239,2,2,4
421010240,7,9,16
421010241,5,0,5
421010242,9,13,22
421010243,0,3,3
421010244,3,1,4
421010246,2,1,3
421010247,1,0,1
421010248,1,0,1
421010250,0,2,2
421010251,1,2,3
421010252,4,0,4
421010253,2,4,6
421010254,4,3,7
421010255,4,9,13
421010256,14,14,28
421010257,6,16,22
421010258,0,3,3
421010259,0,1,1
421010260,2,1,3
421010261,1,1,2
421010262,1,1,2
421010263,3,1,4
421010264,2,1,3
421010265,1,1,2
421010266,1,1,2
421010267,1,0,1
421010268,5,0,5
421010269,1,2,3
421010270,4,3,7
421010272,1,2,3
421010273,4,3,7
421010274,4,1,5
421010275,3,1,4
421010277,1,1,2
421010278,18,10,28
421010279,1,1,2
421010281,1,1,2
421010282,148,247,395
421010283,1,3,4
421010284,1,0,1
421010287,1,1,2
421010288,1,2,3
421010289,3,0,3
421010291,2,0,2
421010292,12,23,35
421010293,2,0,2
421010296,0,1,1
421010298,1,0,1
421010299,0,1,1
421010300,2,7,9
421010301,2,10,12
421010302,3,4,7
421010303,1,0,1
421010305,6,2,8
421010306,5,6,11
421010307,4,10,14
421010308,2,4,6
421010309,1,2,3
421010310,2,2,4
421010311,5,0,5
421010312,2,2,4
421010313,2,5,7
421010314,12,3,15
421010315,8,1,9
421010317,2,0,2
421010319,0,1,1
421010320,2,0,2
421010321,1,3,4
421010323,2,0,2
421010324,0,1,1
421010325,2,3,5
421010326,4,2,6
421010328,1,1,2
421010329,0,1,1
421010330,2,0,2
421010331,10,10,20
421010332,2,0,2
421010333,10,22,32
421010334,4,6,10
421010335,2,0,2
421010336,3,8,11
421010337,10,19,29
421010338,2,4,6
421010339,23,80,103
421010340,0,3,3
421010341,6,3,9
421010342,3,8,11
421010343,0,2,2
421010344,8,7,15
421010345,15,16,31
421010346,2,4,6
421010347,4,7,11
421010348,6,21,27
421010349,2,0,2
421010351,9,6,15
421010352,2,5,7
421010353,6,7,13
421010354,10,21,31
421010355,13,19,32
421010356,10,8,18
421010357,7,8,15
421010358,5,7,12
421010359,7,4,11
421010360,1,0,1
421010361,2,3,5
421010362,13,14,27
421010363,4,8,12
421010365,3,7,10
421010366,7,13,20
421012043,3,5,8
421039501,5,4,9
421039502,3,1,4
421039503,0,1,1
421039505,7,6,13
421039506,16,7,23
421039507,3,3,6
421039508,2,0,2
421039509,1,2,3
421059501,1,1,2
421059502,2,0,2
421059503,10,11,21
421059504,2,2,4
421059505,1,0,1
421070001,1,3,4
421070003,5,0,5
421070004,1,0,1
421070005,4,0,4
421070006,4,0,4
421070007,2,0,2
421070008,2,0,2
421070009,3,4,7
421070010,3,3,6
421070012,4,2,6
421070015,4,1,5
421070016,1,5,6
421070017,9,9,18
421070018,6,3,9
421070019,10,11,21
421070020,11,21,32
421070021,2,0,2
421070022,2,9,11
421070023,0,3,3
421070024,0,1,1
421070025,0,2,2
421070026,1,2,3
421070027,1,2,3
421070028,1,0,1
421070029,5,2,7
421070030,9,12,21
421070031,11,6,17
421070032,5,12,17
421070033,5,2,7
421070034,1,4,5
421070035,2,0,2
421070037,1,2,3
421070038,6,0,6
421099801,10,12,22
421099802,6,4,10
421099803,8,3,11
421099804,1,2,3
421099805,0,1,1
421099806,1,0,1
421099807,3,3,6
421099904,0,2,2
421110109,0,1,1
421110201,4,7,11
421110202,3,2,5
421110203,10,6,16
421110205,1,0,1
421110206,1,2,3
421110207,1,0,1
421110208,5,7,12
421110209,2,1,3
421110210,9,10,19
421110211,8,16,24
421110212,2,5,7
421110213,0,1,1
421110214,1,1,2
421110216,7,0,7
421110217,2,2,4
421110218,0,1,1
421110219,1,1,2
421130501,0,1,1
421139801,2,1,3
421139802,1,4,5
421150320,1,1,2
421150321,0,2,2
421150322,3,3,6
421150323,6,2,8
421150324,2,2,4
421150326,4,6,10
421150327,1,0,1
421150328,2,2,4
421150329,1,1,2
421151101,1,0,1
421159801,1,0,1
421179901,1,0,1
421179902,3,0,3
421179903,1,0,1
421179904,1,0,1
421179905,1,0,1
421179906,5,1,6
421179907,3,2,5
421179908,15,15,30
421179909,4,5,9
421179910,1,0,1
421190117,0,2,2
421199901,1,0,1
421199902,2,2,4
421199903,3,0,3
421199904,6,4,10
421199905,23,35,58
421199906,24,47,71
421199907,7,15,22
421212000,3,3,6
421212001,0,2,2
421212002,3,6,9
421212003,1,0,1
421212004,7,11,18
421212005,0,3,3
421212006,7,8,15
421212007,1,1,2
421212008,1,3,4
421212009,1,4,5
421212010,6,2,8
421212011,2,2,4
421212012,1,18,19
421212013,12,6,18
421212014,1,2,3
421212015,1,0,1
421239702,5,6,11
421239703,1,0,1
421239705,3,0,3
421239706,9,18,27
421239707,4,1,5
421239708,5,18,23
421239709,2,1,3
421239710,1,3,4
421239711,5,4,9
421239714,1,1,2
421254560,1,3,4
421257041,4,4,8
421257110,1,4,5
421257127,1,0,1
421257137,2,2,4
421257140,1,0,1
421257157,2,1,3
421257210,1,3,4
421257227,3,2,5
421257310,2,1,3
421257320,1,4,5
421257411,3,1,4
421257412,2,1,3
421257413,1,1,2
421257414,6,9,15
421257421,1,0,1
421257422,0,3,3
421257437,1,1,2
421257441,4,0,4
421257451,7,12,19
421257452,2,7,9
421257461,9,26,35
421257462,8,16,24
421257463,47,58,105
421257511,3,1,4
421257512,1,0,1
421257527,2,8,10
421257537,7,3,10
421257543,43,21,64
421257544,0,4,4
421257545,3,4,7
421257551,6,9,15
421257552,13,12,25
421257557,1,4,5
421257610,1,2,3
421257640,4,0,4
421257711,0,3,3
421257712,2,0,2
421257727,2,1,3
421257731,4,5,9
421257732,0,1,1
421257747,3,7,10
421257752,2,1,3
421257753,0,1,1
421257817,2,3,5
421257827,0,1,1
421257832,3,1,4
421257840,3,1,4
421257921,4,0,4
421257947,2,2,4
421259702,0,1,1
421271129,3,2,5
421279502,0,1,1
421279601,0,1,1
421279602,3,3,6
421279603,0,2,2
421279604,4,5,9
421279605,1,1,2
421279606,4,1,5
421279607,14,15,29
421279608,3,3,6
421279609,3,0,3
421279610,1,1,2
421279611,1,0,1
421279612,3,0,3
421292603,1,0,1
421292604,0,1,1
421298004,0,1,1
421298005,3,3,6
421298007,10,6,16
421298008,1,0,1
421298009,2,3,5
421298010,6,5,11
421298011,3,3,6
421298012,1,2,3
421298016,2,0,2
421298017,2,2,4
421298018,0,1,1
421298019,2,0,2
421298020,15,27,42
421298021,47,42,89
421298022,5,0,5
421298023,17,10,27
421298024,3,4,7
421298026,1,0,1
421298027,12,8,20
421298029,1,1,2
421298030,4,3,7
421298031,4,2,6
421298032,1,1,2
421298033,5,2,7
421298034,1,2,3
421298035,9,7,16
421298036,3,2,5
421298037,7,8,15
421298038,7,15,22
421298039,9,12,21
421298040,0,8,8
421298041,9,26,35
421298042,7,13,20
421298043,1,1,2
421298044,3,1,4
421298045,16,36,52
421298046,1,1,2
421298047,2,5,7
421298048,10,4,14
421298049,3,1,4
421298050,3,1,4
421298051,2,0,2
421298054,1,1,2
421298055,1,2,3
421298056,3,1,4
421298058,1,0,1
421298059,1,3,4
421298060,1,1,2
421298062,3,0,3
421298063,2,0,2
421298064,3,2,5
421298065,4,3,7
421298067,8,7,15
421298068,2,1,3
421298069,5,4,9
421298071,0,1,1
421298072,19,28,47
421298073,2,6,8
421298074,21,43,64
421298075,21,9,30
421298076,9,10,19
421298077,14,11,25
421298078,4,0,4
421298079,2,0,2
421298081,2,0,2
421298082,3,5,8
421298083,6,3,9
421298084,12,10,22
421298085,4,2,6
421298086,0,2,2
421299813,0,1,1
421310327,0,1,1
421314003,3,1,4
421314004,4,0,4
421314005,3,1,4
421314006,4,4,8
421314007,2,0,2
421330001,6,3,9
421330002,0,3,3
421330004,4,0,4
421330006,1,0,1
421330007,1,0,1
421330008,54,67,121
421330010,2,1,3
421330012,0,2,2
421330013,0,1,1
421330014,1,5,6
421330016,3,2,5
421330101,17,31,48
421330102,21,17,38
421330103,7,15,22
421330104,10,21,31
421330105,50,66,116
421330201,4,1,5
421330202,14,18,32
421330203,4,10,14
421330204,3,8,11
421330205,6,8,14
421330206,1,3,4
421330207,6,4,10
421330208,3,3,6
421330209,6,3,9
421330210,7,5,12
421330211,2,4,6
421330212,25,19,44
421330213,1,0,1
421330214,8,12,20
421330215,9,4,13
421330217,10,5,15
421330218,11,16,27
421330219,0,2,2
421330220,1,0,1
421330221,10,3,13
421330222,19,29,48
421330223,4,1,5
421330224,3,7,10
421330225,0,3,3
421330226,8,4,12
421330227,44,84,128
421330228,28,63,91
421330229,41,43,84
421330230,2,0,2
421330231,2,1,3
421330232,8,1,9
421330233,8,13,21
421330234,2,1,3
421330235,10,6,16
421330236,1,4,5
421330237,0,1,1
421330238,6,4,10
421330239,8,2,10
421330240,3,2,5
421330312,1,1,2
440010301,17,32,49
440010302,19,23,42
440010303,35,30,65
440010304,31,58,89
440010306,7,14,21
440010307,1,3,4
440010308,1,2,3
440010309,18,20,38
440030201,1,5,6
440030202,4,6,10
440030203,4,0,4
440030205,2,2,4
440030206,4,6,10
440030207,6,5,11
440030208,3,8,11
440030209,73,141,214
440030210,12,14,26
440030211,6,7,13
440030212,5,4,9
440030213,9,9,18
440030214,1,2,3
440030215,3,7,10
440030216,2,11,13
440030217,1,3,4
440030218,0,3,3
440030219,6,13,19
440030220,5,10,15
440030221,27,33,60
440030222,38,87,125
440030223,8,6,14
440030224,3,4,7
440050401,26,33,59
440050403,2,10,12
440050404,14,14,28
440050405,2,0,2
440050406,11,18,29
440050407,6,9,15
440050408,11,11,22
440050409,1,8,9
440050410,3,2,5
440050411,5,4,9
440050412,9,7,16
440050413,13,20,33
440050414,4,8,12
440050416,13,8,21
440050417,6,13,19
440070001,2,3,5
440070002,0,2,2
440070003,8,7,15
440070004,3,9,12
440070006,155,411,566
440070007,24,17,41
440070008,23,60,83
440070009,1,1,2
440070010,0,2,2
440070011,9,8,17
440070012,3,4,7
440070013,3,2,5
440070014,0,2,2
440070015,3,0,3
440070019,1,3,4
440070020,0,6,6
440070021,2,4,6
440070022,7,21,28
440070023,58,73,131
440070024,3,14,17
440070025,11,18,29
440070026,2,0,2
440070027,1,0,1
440070028,2,0,2
440070029,6,25,31
440070031,26,35,61
440070032,19,28,47
440070033,46,93,139
440070034,75,178,253
440070035,59,90,149
440070036,36,118,154
440070037,18,24,42
440070101,15,14,29
440070102,2,8,10
440070103,5,1,6
440070104,16,21,37
440070105,21,32,53
440070106,5,13,18
440070107,7,7,14
440070108,1,1,2
440070109,4,3,7
440070112,3,0,3
440070113,10,13,23
440070114,32,43,75
440070115,10,12,22
440070116,37,31,68
440070117,7,4,11
440070118,5,1,6
440070119,17,20,37
440070120,14,23,37
440070121,8,11,19
440070122,4,1,5
440070123,5,5,10
440070124,12,19,31
440070125,2,2,4
440070126,9,15,24
440070127,10,9,19
440070128,14,17,31
440070129,1,0,1
440070130,5,1,6
440070131,6,4,10
440070132,6,7,13
440070133,6,7,13
440070134,17,25,42
440070135,18,9,27
440070136,2,5,7
440070137,11,11,22
440070138,3,4,7
440070139,8,22,30
440070140,6,16,22
440070141,0,2,2
440070142,8,4,12
440070143,16,23,39
440070144,8,10,18
440070145,11,12,23
440070146,10,14,24
440070147,5,3,8
440070148,4,4,8
440070150,1,0,1
440070151,0,1,1
440070152,4,8,12
440070156,1,1,2
440070157,2,1,3
440070158,0,1,1
440070159,0,2,2
440070160,9,4,13
440070161,52,17,69
440070163,5,1,6
440070164,1,1,2
440070165,21,31,52
440070166,5,10,15
440070167,41,39,80
440070168,2,1,3
440070169,2,3,5
440070170,0,1,1
440070171,4,3,7
440070173,0,5,5
440070175,0,1,1
440070179,0,11,11
440070180,5,4,9
440070182,1,0,1
440070183,0,1,1
440070184,2,2,4
440070185,8,19,27
440090415,2,2,4
440090501,9,20,29
440090503,17,18,35
440090504,13,23,36
440090505,1,0,1
440090506,2,2,4
440090507,7,4,11
440090508,27,38,65
440090509,13,19,32
440090510,3,10,13
440090511,10,14,24
440090512,22,46,68
440090513,25,23,48
440090514,1,1,2
440090515,22,26,48
450019501,1,0,1
450019502,4,2,6
450019503,0,1,1
450019504,9,4,13
450019505,1,1,2
450019506,0,1,1
450030202,1,3,4
450030203,16,31,47
450030204,2,0,2
450030205,4,8,12
450030206,3,1,4
450030207,6,8,14
450030208,12,28,40
450030209,1,0,1
450030211,1,2,3
450030212,28,45,73
450030213,5,15,20
450030214,10,5,15
450030215,3,6,9
450030216,1,4,5
450030220,3,5,8
450039705,0,3,3
450059702,2,0,2
450059704,6,2,8
450070001,0,1,1
450070002,31,20,51
450070003,15,25,40
450070004,10,23,33
450070007,1,0,1
450070008,0,1,1
450070009,4,4,8
450070010,0,2,2
450070011,12,22,34
450070101,28,25,53
450070102,3,2,5
450070103,1,0,1
450070104,4,3,7
450070105,4,6,10
450070106,2,5,7
450070107,4,3,7
450070108,3,5,8
450070109,1,2,3
450070110,4,5,9
450070111,2,0,2
450070112,73,61,134
450070113,0,3,3
450070114,1,2,3
450070115,4,1,5
450070117,2,0,2
450070120,4,0,4
450070122,0,1,1
450099601,1,0,1
450099602,9,1,10
450119702,0,1,1
450119703,4,0,4
450119704,4,3,7
450119705,1,1,2
450130001,0,4,4
450130002,0,1,1
450130003,1,0,1
450130005,18,18,36
450130006,2,4,6
450130007,35,36,71
450130008,3,4,7
450130009,26,23,49
450130010,3,1,4
450130011,5,11,16
450130012,1,1,2
450130021,37,50,87
450130022,20,37,57
450130101,6,17,23
450130102,6,16,22
450130103,7,33,40
450130104,8,11,19
450130105,7,18,25
450130106,19,38,57
450130107,18,42,60
450130108,11,15,26
450130109,1,10,11
450130110,3,3,6
450130111,3,12,15
450130112,0,1,1
450130113,0,1,1
450150031,1,1,2
450150105,1,0,1
450150201,0,1,1
450150202,3,0,3
450150203,2,0,2
450150204,30,73,103
450150205,6,10,16
450150206,4,0,4
450150207,18,4,22
450150208,8,3,11
450150209,4,3,7
450150210,0,1,1
450179501,2,0,2
450179502,1,0,1
450179504,0,1,1
450190001,12,37,49
450190002,8,15,23
450190003,3,3,6
450190004,3,19,22
450190005,15,28,43
450190006,149,633,782
450190007,5,7,12
450190008,2,3,5
450190009,4,5,9
450190010,4,10,14
450190011,2,6,8
450190012,5,14,19
450190016,1,6,7
450190017,9,12,21
450190018,0,2,2
450190019,29,54,83
450190020,76,161,237
450190021,31,69,100
450190022,2,9,11
450190023,0,1,1
450190024,0,1,1
450190025,7,8,15
450190026,118,209,327
450190027,8,11,19
450190028,32,32,64
450190029,15,24,39
450190030,33,57,90
450190031,67,142,209
450190032,5,5,10
450190034,1,1,2
450190035,1,0,1
450190037,6,8,14
450190039,7,4,11
450190042,1,1,2
450190044,1,3,4
450190046,191,406,597
450190047,10,33,43
450190048,11,25,36
450190049,16,40,56
450190050,4,2,6
450219702,7,7,14
450219703,22,10,32
450219704,1,0,1
450219705,3,1,4
450219706,4,0,4
450219707,1,1,2
450230201,0,1,1
450230202,6,5,11
450230203,1,2,3
450230206,4,2,6
450230207,6,0,6
450230210,1,0,1
450259501,2,0,2
450259502,1,0,1
450259503,1,0,1
450259504,5,1,6
450259505,9,5,14
450259506,3,3,6
450279601,2,0,2
450279605,3,2,5
450279607,19,10,29
450279608,1,2,3
450299702,0,1,1
450299703,2,2,4
450299704,14,11,25
450299705,8,6,14
450299706,1,1,2
450299707,1,1,2
450299708,2,2,4
450310101,4,0,4
450310102,0,1,1
450310103,1,0,1
450310104,11,8,19
450310105,9,4,13
450310106,10,3,13
450310108,2,0,2
450310109,4,3,7
450310110,1,0,1
450310111,6,1,7
450310113,0,4,4
450310114,0,1,1
450310115,2,1,3
450310116,1,0,1
450339504,0,1,1
450339702,1,0,1
450339703,11,4,15
450339704,5,1,6
450339705,1,0,1
450339706,2,0,2
450350031,1,1,2
450350101,0,1,1
450350102,3,0,3
450350105,6,7,13
450350106,8,6,14
450350107,14,7,21
450350108,41,29,70
450370205,1,2,3
450379702,7,3,10
450379703,1,3,4
450379704,1,1,2
450379705,3,8,11
450390102,0,1,1
450399601,0,1,1
450399602,2,1,3
450399603,1,1,2
450399604,6,1,7
450399605,1,1,2
450410001,20,8,28
450410002,15,22,37
450410003,0,1,1
450410004,2,9,11
450410005,1,1,2
450410006,25,22,47
450410007,33,62,95
450410009,0,2,2
450410010,14,24,38
450410011,16,33,49
450410012,15,21,36
450410013,5,12,17
450410014,13,22,35
450410015,12,6,18
450410016,5,1,6
450410017,1,2,3
450410019,1,0,1
450410020,0,1,1
450410022,10,4,14
450410024,2,0,2
450410026,1,1,2
450410109,0,1,1
450430514,10,11,21
450439802,2,1,3
450439803,10,23,33
450439805,41,65,106
450439806,7,4,11
450439807,0,3,3
450439808,1,0,1
450450001,4,5,9
450450002,5,7,12
450450003,1,7,8
450450004,2,4,6
450450005,4,7,11
450450007,2,4,6
450450010,2,1,3
450450011,8,5,13
450450012,5,2,7
450450013,1,1,2
450450014,25,26,51
450450015,34,41,75
450450016,3,2,5
450450018,99,115,214
450450019,32,59,91
450450020,2,4,6
450450021,136,264,400
450450022,1,0,1
450450023,3,9,12
450450024,1,7,8
450450025,40,18,58
450450026,34,36,70
450450027,9,4,13
450450028,126,159,285
450450029,27,16,43
450450030,49,33,82
450450031,2,2,4
450450032,0,1,1
450450033,14,6,20
450450035,1,0,1
450450036,0,1,1
450450037,3,9,12
450450038,4,4,8
450450039,16,4,20
450450040,1,9,10
450450041,2,1,3
450479501,1,0,1
450479701,4,3,7
450479702,11,15,26
450479703,21,22,43
450479704,67,60,127
450479705,0,8,8
450479706,1,5,6
450479707,2,1,3
450479708,20,17,37
450499801,0,1,1
450499802,8,3,11
450499803,0,1,1
450499804,1,0,1
450510101,1,0,1
450510202,13,8,21
450510203,0,1,1
450510301,1,2,3
450510401,15,10,25
450510402,1,2,3
450510403,13,5,18
450510404,5,3,8
450510405,14,16,30
450510501,3,17,20
450510502,3,4,7
450510503,27,73,100
450510504,2,6,8
450510505,4,22,26
450510506,3,3,6
450510507,0,4,4
450510508,1,1,2
450510509,1,0,1
450510510,2,1,3
450510511,3,1,4
450510512,4,4,8
450510513,4,4,8
450510514,19,10,29
450510515,2,5,7
450510516,6,20,26
450510601,1,7,8
450510602,19,16,35
450510603,14,20,34
450510604,16,30,46
450510701,1,0,1
450510702,6,1,7
450510703,8,9,17
450510704,1,0,1
450510705,0,1,1
450510706,1,3,4
450510801,2,0,2
450510802,1,0,1
450519805,2,3,5
450539502,7,9,16
450539503,4,3,7
450550102,0,1,1
450550114,0,1,1
450559702,0,1,1
450559704,7,2,9
450559705,5,11,16
450559706,4,3,7
450559707,0,3,3
450559708,18,20,38
450559709,7,4,11
450570102,3,2,5
450570105,7,7,14
450570107,6,6,12
450570108,6,8,14
450570109,7,8,15
450570110,3,2,5
450570111,2,1,3
450570112,9,13,22
450570610,1,0,1
450599801,4,3,7
450599802,2,0,2
450599803,1,4,5
450599804,10,2,12
450599805,1,1,2
450599806,7,3,10
450599807,6,4,10
450599808,10,2,12
450599809,1,1,2
450599810,1,0,1
450610005,0,1,1
450619802,3,0,3
450630103,2,4,6
450630202,1,1,2
450630203,3,5,8
450630205,39,86,125
450630206,9,6,15
450630207,0,3,3
450630208,2,2,4
450630209,2,0,2
450630210,80,89,169
450630211,41,49,90
450630212,19,21,40
450630213,4,6,10
450630214,5,1,6
450639603,0,1,1
450659802,5,0,5
450679502,7,5,12
450679503,2,4,6
450679505,10,2,12
450679506,8,1,9
450699602,1,0,1
450699603,10,7,17
450699604,2,0,2
450719501,2,0,2
450719502,18,14,32
450719505,1,2,3
450719506,8,1,9
450730302,5,13,18
450730303,3,13,16
450730304,7,0,7
450730305,4,5,9
450730306,21,46,67
450730307,9,12,21
450730308,21,8,29
450730309,1,2,3
450730310,2,0,2
450730311,0,1,1
450750101,1,0,1
450750102,2,1,3
450750103,1,1,2
450750104,2,1,3
450750105,1,0,1
450750107,1,1,2
450750108,1,1,2
450750109,28,14,42
450750110,6,14,20
450750111,12,28,40
450750112,0,1,1
450750114,13,15,28
450750115,0,2,2
450750116,1,1,2
450750117,2,0,2
450750118,1,0,1
450750120,1,0,1
450770101,3,4,7
450770103,0,1,1
450770104,9,5,14
450770105,2,2,4
450770106,4,6,10
450770107,8,2,10
450770108,30,23,53
450770109,18,4,22
450770110,4,0,4
450770111,2,3,5
450770112,20,17,37
450790001,0,1,1
450790002,3,12,15
450790003,5,2,7
450790004,0,1,1
450790005,80,130,210
450790006,5,6,11
450790007,7,11,18
450790009,10,7,17
450790010,1,0,1
450790011,25,57,82
450790012,3,12,15
450790013,6,0,6
450790014,9,73,82
450790015,42,91,133
450790016,3,13,16
450790018,4,6,10
450790019,5,5,10
450790020,3,5,8
450790021,4,6,10
450790022,0,3,3
450790023,8,27,35
450790024,21,30,51
450790025,10,13,23
450790026,2,2,4
450790027,8,9,17
450790101,29,38,67
450790102,3,5,8
450790103,49,51,100
450790104,8,14,22
450790105,1,0,1
450790106,9,47,56
450790107,2,2,4
450790108,4,14,18
450790111,8,8,16
450790112,13,18,31
450790113,27,43,70
450790114,140,197,337
450790115,3,4,7
450790116,70,92,162
450790117,1,1,2
450790119,1,2,3
450790120,0,2,2
450790211,0,1,1
450790212,0,1,1
450799603,1,0,1
450799709,0,3,3
450810201,1,0,1
450810213,0,1,1
450819506,1,1,2
450819602,2,1,3
450830025,2,3,5
450830201,1,0,1
450830203,65,114,179
450830206,11,5,16
450830207,0,1,1
450830209,6,7,13
450830211,3,1,4
450830212,14,26,40
450830213,37,45,82
450830214,23,31,54
450830215,1,19,20
450830216,14,33,47
450830218,1,0,1
450830219,24,27,51
450830220,18,6,24
450830221,13,16,29
450830222,2,2,4
450830223,1,3,4
450830224,17,8,25
450830225,3,2,5
450830226,7,0,7
450830227,1,4,5
450830228,3,3,6
450830229,4,0,4
450830230,1,1,2
450830231,4,1,5
450830232,1,3,4
450830233,0,1,1
450830234,17,14,31
450830235,0,2,2
450830236,2,2,4
450830237,2,0,2
450830238,8,22,30
450830239,1,0,1
450839701,1,1,2
450850002,1,1,2
450850003,0,2,2
450850004,3,4,7
450850006,1,1,2
450850007,0,1,1
450850008,5,0,5
450850009,11,24,35
450850010,24,10,34
450850013,7,23,30
450850016,1,0,1
450850017,18,23,41
450850018,4,8,12
450850019,4,2,6
450870206,1,0,1
450870301,4,0,4
450870302,1,4,5
450870303,12,4,16
450870304,1,1,2
450870305,1,1,2
450870308,3,0,3
450899703,1,0,1
450899705,5,0,5
450899706,4,0,4
450899707,0,1,1
450899708,1,1,2
450910601,0,2,2
450910602,0,1,1
450910603,3,0,3
450910605,5,3,8
450910607,21,53,74
450910608,19,10,29
450910609,33,73,106
450910610,28,31,59
450910611,11,12,23
450910612,2,2,4
450910613,1,2,3
450910614,8,14,22
450910615,5,3,8
450910616,5,1,6
450910617,8,11,19
450910618,2,1,3
460059566,0,1,1
460059569,7,5,12
460059570,0,1,1
460059571,4,4,8
460079410,2,0,2
460099676,5,1,6
460099677,2,0,2
460119586,2,0,2
460119588,4,2,6
460119589,16,5,21
460119590,3,1,4
460139512,0,2,2
460139513,6,16,22
460139514,5,6,11
460139515,19,25,44
460139516,0,1,1
460139517,2,3,5
460139518,11,3,14
460159732,8,2,10
460179401,2,0,2
460199976,1,0,1
460199977,5,0,5
460239701,4,0,4
460239702,1,0,1
460239703,6,0,6
460259556,0,2,2
460279656,5,1,6
460279657,2,2,4
460279658,3,2,5
460299541,2,3,5
460299542,0,1,1
460299543,11,24,35
460299544,16,3,19
460299545,5,7,12
460319405,1,0,1
460339951,4,1,5
460339952,4,1,5
460359627,11,12,23
460359628,11,6,17
460359629,3,3,6
460379526,1,0,1
460379528,2,0,2
460399536,1,0,1
460399537,3,0,3
460419415,4,0,4
460439696,1,0,1
460459821,1,4,5
460479941,0,1,1
460479942,13,6,19
460499811,1,0,1
460519531,5,3,8
460519532,1,0,1
460539711,5,1,6
460559901,1,1,2
460579551,1,0,1
460599757,3,0,3
460619641,2,3,5
460659777,12,4,16
460659778,2,1,3
460659779,7,7,14
460679686,5,0,5
460679687,7,0,7
460739741,2,1,3
460779582,5,0,5
460799601,2,0,2
460799602,7,2,9
460799603,3,2,5
460810117,0,1,1
460819961,10,6,16
460819962,20,8,28
460819963,7,5,12
460819964,2,0,2
460819965,1,2,3
460830101,52,159,211
460830102,5,1,6
460830103,2,2,4
460830104,1,2,3
460870103,0,1,1
460879646,1,0,1
460879647,2,0,2
460899831,2,1,3
460919507,2,0,2
460930114,0,1,1
460930201,1,1,2
460930202,3,3,6
460930203,15,14,29
460930204,9,1,10
460939961,1,0,1
460990001,1,2,3
460990002,3,5,8
460990004,10,2,12
460990005,69,56,125
460990006,0,1,1
460990007,36,46,82
460990009,0,1,1
460990010,5,4,9
460990011,23,26,49
460990012,27,28,55
460990013,36,81,117
460990015,22,47,69
460990016,3,13,16
460990017,7,21,28
460990018,23,20,43
460990019,19,39,58
460990101,16,32,48
460990103,0,1,1
460990104,6,15,21
460990105,7,6,13
461019596,0,2,2
461019597,3,1,4
461030102,6,8,14
461030103,2,0,2
461030104,10,0,10
461030105,13,31,44
461030107,0,2,2
461030108,13,28,41
461030109,47,95,142
461030110,31,65,96
461030111,2,1,3
461030112,5,3,8
461030113,15,13,28
461030114,0,1,1
461030117,3,2,5
461039951,2,1,3
461059983,1,0,1
461079851,2,0,2
461099403,1,0,1
461099404,7,2,9
461099405,0,1,1
461099531,0,1,1
461119621,1,1,2
461139402,1,0,1
461139404,6,1,7
461150001,1,0,1
461150002,3,3,6
461179891,3,0,3
461219401,3,3,6
461239716,1,0,1
461239717,4,3,7
461259651,0,1,1
461259652,4,0,4
461270104,0,1,1
461270201,0,1,1
461270203,16,71,87
461299851,1,0,1
461299852,6,2,8
461359661,12,18,30
461359662,6,6,12
461359663,16,34,50
461359664,3,4,7
470010201,4,5,9
470010202,23,50,73
470010203,1,1,2
470010204,24,57,81
470010206,0,4,4
470010208,2,1,3
470010209,10,2,12
470010210,2,2,4
470010211,1,3,4
470010212,5,3,8
470010213,0,4,4
470010301,0,1,1
470039501,1,2,3
470039502,1,0,1
470039504,15,12,27
470039505,1,0,1
470039506,3,3,6
470039507,1,0,1
470059632,1,0,1
470059633,4,1,5
470059634,0,2,2
470079532,6,4,10
470090101,13,11,24
470090102,9,1,10
470090103,11,12,23
470090104,3,2,5
470090105,10,9,19
470090106,2,10,12
470090107,7,12,19
470090109,3,3,6
470090110,12,21,33
470090111,20,29,49
470090112,5,2,7
470090113,5,6,11
470090114,4,4,8
470090115,1,10,11
470090116,7,16,23
470090803,1,0,1
470110101,21,11,32
470110102,4,12,16
470110105,4,1,5
470110106,23,36,59
470110107,0,2,2
470110111,2,1,3
470110112,13,9,22
470110113,7,2,9
470110114,3,11,14
470110115,1,1,2
470110116,1,0,1
470119503,2,0,2
470139502,9,4,13
470139503,1,2,3
470139504,0,1,1
470139505,5,1,6
470139506,1,1,2
470139507,10,7,17
470139508,2,0,2
470139511,2,0,2
470159601,0,1,1
470159602,4,3,7
470159603,1,0,1
470179620,2,0,2
470179621,7,6,13
470179622,11,2,13
470179751,2,1,3
470190609,1,0,1
470190702,16,13,29
470190703,3,1,4
470190704,2,0,2
470190705,3,0,3
470190706,0,2,2
470190707,0,3,3
470190708,1,0,1
470190709,6,2,8
470190710,1,2,3
470190711,1,0,1
470190712,1,0,1
470190713,0,1,1
470190714,0,1,1
470190715,0,1,1
470190716,0,2,2
470190717,2,0,2
470210701,1,2,3
470210702,8,2,10
470210703,7,1,8
470210704,3,4,7
470210807,1,0,1
470211018,0,1,1
470239702,3,0,3
470239703,2,0,2
470259701,3,3,6
470259703,3,2,5
470259705,2,1,3
470259706,1,1,2
470259707,5,3,8
470259708,2,2,4
470259709,5,1,6
470279550,4,2,6
470299801,0,2,2
470299802,1,0,1
470299803,2,0,2
470299805,3,1,4
470299806,15,1,16
470299807,1,0,1
470319701,3,1,4
470319702,1,0,1
470319704,2,4,6
470319705,10,6,16
470319706,1,0,1
470319707,0,1,1
470319708,15,36,51
470319709,5,8,13
470319710,15,12,27
470339611,2,1,3
470339612,1,0,1
470339614,1,1,2
470359701,8,7,15
470359702,5,2,7
470359703,4,4,8
470359704,17,19,36
470359705,18,17,35
470359706,4,6,10
470359707,5,4,9
470359708,0,2,2
470370101,12,10,22
470370102,5,8,13
470370103,17,23,40
470370104,12,3,15
470370105,2,3,5
470370106,2,6,8
470370107,1,4,5
470370108,10,2,12
470370109,10,34,44
470370110,1,1,2
470370111,4,0,4
470370112,4,8,12
470370114,1,2,3
470370115,3,2,5
470370116,2,2,4
470370117,2,4,6
470370119,1,0,1
470370120,1,4,5
470370121,3,5,8
470370122,4,3,7
470370123,4,0,4
470370124,2,1,3
470370125,0,1,1
470370126,0,1,1
470370127,4,3,7
470370128,7,5,12
470370130,1,0,1
470370131,1,4,5
470370132,1,3,4
470370134,18,35,53
470370135,8,9,17
470370136,1,0,1
470370137,4,5,9
470370138,2,0,2
470370139,25,10,35
470370140,3,8,11
470370141,4,7,11
470370142,34,32,66
470370143,1,0,1
470370144,83,166,249
470370145,37,75,112
470370146,13,11,24
470370147,2,2,4
470370149,2,0,2
470370150,1,3,4
470370151,11,11,22
470370152,0,1,1
470370153,2,5,7
470370154,14,20,34
470370155,7,8,15
470370156,78,90,168
470370157,2,3,5
470370158,3,4,7
470370159,1,0,1
470370160,0,1,1
470370161,1,1,2
470370162,3,1,4
470370163,0,3,3
470370164,8,42,50
470370165,169,641,810
470370166,17,85,102
470370167,54,173,227
470370168,29,71,100
470370169,18,54,72
470370170,9,14,23
470370171,8,14,22
470370172,1,6,7
470370173,0,1,1
470370174,1,3,4
470370176,4,3,7
470370177,22,42,64
470370178,31,61,92
470370179,51,149,200
470370180,43,111,154
470370181,30,70,100
470370182,62,77,139
470370183,27,56,83
470370184,64,130,194
470370185,24,84,108
470370186,31,125,156
470370187,22,50,72
470370188,24,41,65
470370189,15,18,33
470370190,18,23,41
470370191,38,57,95
470370303,0,2,2
470370502,2,1,3
470370503,0,2,2
470370504,0,2,2
470370506,1,0,1
470370806,1,0,1
470399550,7,1,8
470399551,2,0,2
470419801,0,3,3
470419802,13,0,13
470419803,2,0,2
470430601,1,0,1
470430604,1,3,4
470430605,11,7,18
470430606,10,12,22
470459640,0,2,2
470459641,2,3,5
470459642,21,14,35
470459643,15,10,25
470459644,2,1,3
470459646,1,1,2
470459647,0,2,2
470470206,0,1,1
470470208,1,1,2
470470210,3,2,5
470470215,0,1,1
470470602,1,0,1
470470604,8,3,11
470470605,5,1,6
470470606,2,1,3
470470607,2,1,3
470499650,0,1,1
470499651,11,2,13
470499653,1,0,1
470519601,3,2,5
470519602,7,8,15
470519603,0,2,2
470519604,11,6,17
470519605,9,7,16
470519606,4,2,6
470519607,7,2,9
470519710,1,0,1
470530015,1,0,1
470530016,3,0,3
470539663,1,1,2
470539664,1,0,1
470539665,6,1,7
470539667,3,2,5
470539669,1,0,1
470539670,10,3,13
470539671,7,2,9
470559801,2,1,3
470559802,2,0,2
470559803,10,7,17
470559804,8,2,10
470559806,0,1,1
470559808,4,0,4
470575002,0,1,1
470575003,5,1,6
470575004,2,1,3
470590901,3,0,3
470590902,3,1,4
470590903,13,20,33
470590904,15,10,25
470590905,23,15,38
470590906,2,3,5
470590908,0,2,2
470590909,1,1,2
470590910,1,4,5
470590911,0,1,1
470590915,0,2,2
470610503,1,0,1
470619550,1,0,1
470619552,2,1,3
470619553,1,0,1
470631001,1,2,3
470631002,4,6,10
470631003,17,12,29
470631004,16,20,36
470631005,6,9,15
470631006,4,1,5
470631007,1,1,2
470631008,2,1,3
470631009,9,10,19
470631011,8,7,15
470631012,8,5,13
470650001,0,1,1
470650004,42,123,165
470650006,11,22,33
470650007,11,19,30
470650008,0,4,4
470650010,16,13,29
470650011,3,4,7
470650012,49,111,160
470650013,2,10,12
470650014,2,10,12
470650016,1,0,1
470650018,3,2,5
470650019,1,0,1
470650020,2,1,3
470650024,1,6,7
470650025,1,4,5
470650028,7,5,12
470650029,2,4,6
470650030,4,3,7
470650031,8,21,29
470650032,5,7,12
470650033,3,6,9
470650034,4,5,9
470650101,10,2,12
470650102,4,1,5
470650103,1,10,11
470650104,72,78,150
470650105,16,29,45
470650107,7,3,10
470650108,4,11,15
470650109,27,26,53
470650110,16,59,75
470650111,21,44,65
470650112,27,25,52
470650113,94,100,194
470650114,80,83,163
470650115,0,2,2
470650116,20,6,26
470650117,4,3,7
470650118,7,1,8
470650119,0,2,2
470650120,3,28,31
470650121,7,14,21
470650602,3,0,3
470679604,3,1,4
470699501,1,1,2
470699502,1,0,1
470699503,5,4,9
470699504,4,0,4
470699505,1,0,1
470699506,1,1,2
470719801,1,1,2
470719802,3,0,3
470719803,8,2,10
470719804,1,3,4
470719805,5,0,5
470719806,1,1,2
470730501,1,1,2
470730502,5,1,6
470730503,10,3,13
470730504,2,1,3
470730505,4,1,5
470730506,9,17,26
470730507,1,0,1
470730508,1,1,2
470730509,1,0,1
470739604,1,0,1
470759803,12,1,13
470759804,0,1,1
470759808,1,0,1
470779753,12,3,15
470799690,0,1,1
470799693,1,0,1
470799694,1,2,3
470799695,24,24,48
470799696,4,1,5
470799697,0,1,1
470799698,1,0,1
470810607,0,1,1
470819502,1,0,1
470819503,4,1,5
470819505,1,0,1
470831201,1,0,1
470831202,2,1,3
470851303,6,3,9
470851305,1,0,1
470879603,2,1,3
470879604,0,1,1
470890701,5,6,11
470890702,1,1,2
470890703,14,3,17
470890704,1,1,2
470890706,1,1,2
470890707,6,3,9
470890708,5,3,8
470890709,3,1,4
470919560,2,0,2
470919562,0,2,2
470919563,7,1,8
470919564,3,0,3
470930001,3,25,28
470930002,3,0,3
470930003,0,5,5
470930007,1,0,1
470930008,11,33,44
470930009,5,3,8
470930010,39,131,170
470930011,2,3,5
470930012,2,2,4
470930013,1,2,3
470930015,22,28,50
470930017,0,1,1
470930018,0,3,3
470930019,2,0,2
470930022,1,1,2
470930023,1,3,4
470930024,1,1,2
470930025,21,42,63
470930026,2,11,13
470930030,4,4,8
470930031,1,1,2
470930032,6,1,7
470930033,4,3,7
470930034,4,5,9
470930035,79,172,251
470930036,1,3,4
470930037,11,15,26
470930038,16,56,72
470930039,2,2,4
470930040,1,2,3
470930041,2,1,3
470930042,4,3,7
470930043,4,4,8
470930044,55,101,156
470930045,15,42,57
470930046,53,92,145
470930047,0,1,1
470930048,5,2,7
470930049,5,2,7
470930050,12,2,14
470930051,18,6,24
470930052,5,4,9
470930053,5,3,8
470930055,3,1,4
470930056,8,13,21
470930057,141,222,363
470930058,123,167,290
470930059,21,41,62
470930060,10,5,15
470930061,15,10,25
470930062,32,30,62
470930063,1,1,2
470930064,3,2,5
470930065,2,0,2
470930603,2,0,2
470959601,1,2,3
470959602,0,1,1
470970502,3,0,3
470970505,4,1,5
470970506,0,1,1
470999503,0,1,1
470999601,1,0,1
470999603,1,0,1
470999604,7,8,15
470999605,11,1,12
470999607,3,0,3
471019701,0,1,1
471019702,3,1,4
471039750,1,0,1
471039751,2,0,2
471039752,1,0,1
471039753,6,1,7
471039754,13,5,18
471039755,1,0,1
471039756,1,1,2
471039757,1,0,1
471039902,0,1,1
471050116,0,1,1
471050601,1,5,6
471050602,6,1,7
471050603,14,12,26
471050604,1,4,5
471050605,8,9,17
471050606,3,0,3
471050607,0,2,2
471079701,3,1,4
471079702,9,9,18
471079703,0,1,1
471079704,16,10,26
471079705,1,0,1
471079706,6,4,10
471079708,0,4,4
471099901,3,0,3
471099905,11,3,14
471099906,1,0,1
471099907,1,0,1
471119701,0,1,1
471119703,6,1,7
471119704,0,1,1
471130001,5,3,8
471130002,4,9,13
471130003,69,78,147
471130004,2,3,5
471130005,1,0,1
471130006,0,3,3
471130007,0,1,1
471130008,4,11,15
471130009,2,0,2
471130013,2,0,2
471130014,1,1,2
471130015,3,2,5
471130016,120,157,277
471130017,1,2,3
471130018,1,1,2
471130019,1,0,1
471139671,1,0,1
471150501,1,2,3
471150502,10,14,24
471150503,11,0,11
471159553,1,0,1
471179550,1,1,2
471179551,1,1,2
471179552,5,2,7
471179554,5,0,5
471179555,0,2,2
471190101,0,2,2
471190102,4,12,16
471190103,1,4,5
471190104,6,3,9
471190105,0,4,4
471190106,7,9,16
471190107,5,15,20
471190108,34,45,79
471190109,0,3,3
471190110,7,5,12
471190111,11,20,31
471190512,5,2,7
471199501,0,1,1
471219601,0,1,1
471219602,2,1,3
471219603,1,0,1
471239850,2,2,4
471239851,3,6,9
471239852,6,5,11
471239853,3,0,3
471239854,3,0,3
471239855,2,0,2
471251001,1,0,1
471251002,1,1,2
471251005,4,2,6
471251006,19,20,39
471251007,2,1,3
471251008,8,9,17
471251010,2,0,2
471251011,1,1,2
471251012,0,1,1
471251013,2,5,7
471251015,0,2,2
471251016,0,1,1
471251017,3,0,3
471251018,54,77,131
471251019,17,18,35
471251020,13,17,30
471279901,1,1,2
471290309,1,0,1
471291103,2,0,2
471319650,2,2,4
471319654,1,5,6
471319655,2,5,7
471319656,2,2,4
471319657,16,9,25
471319658,1,1,2
471339502,0,1,1
471339503,17,5,22
471339505,2,5,7
471339506,1,0,1
471359901,1,0,1
471359902,2,1,3
471379851,2,0,2
471399501,1,1,2
471399502,3,2,5
471399504,9,4,13
471410001,2,3,5
471410002,7,9,16
471410003,2,2,4
471410004,4,12,16
471410005,11,15,26
471410006,14,17,31
471410007,1,2,3
471410008,28,42,70
471410009,0,4,4
471410010,0,1,1
471410012,4,4,8
471410013,0,1,1
471419505,3,0,3
471439750,2,2,4
471439751,1,0,1
471439752,0,1,1
471439753,2,1,3
471439754,10,2,12
471450301,6,10,16
471450302,9,7,16
471450303,1,2,3
471450304,1,1,2
471450305,4,1,5
471450306,2,1,3
471450308,9,1,10
471450309,0,1,1
471470204,1,0,1
471470801,7,2,9
471470802,1,0,1
471470803,0,1,1
471470804,18,12,30
471470805,1,2,3
471470806,6,2,8
471470807,1,0,1
471471018,0,1,1
471490401,6,2,8
471490402,1,0,1
471490403,20,11,31
471490404,4,1,5
471490405,3,3,6
471490406,1,0,1
471490407,2,5,7
471490408,11,5,16
471490409,14,21,35
471490410,10,16,26
471490411,11,19,30
471490412,4,7,11
471490413,14,30,44
471490414,34,38,72
471490415,1,0,1
471490416,51,49,100
471490417,3,1,4
471490418,2,19,21
471490420,3,6,9
471490421,1,1,2
471519751,9,5,14
471519752,3,0,3
471519753,1,0,1
471530601,6,2,8
471530602,1,3,4
471550801,1,3,4
471550802,8,5,13
471550803,4,0,4
471550805,4,6,10
471550806,2,2,4
471550807,2,4,6
471550808,17,9,26
471550809,0,1,1
471550810,3,2,5
471550811,6,2,8
471570001,58,124,182
471570006,0,1,1
471570007,1,1,2
471570008,3,0,3
471570012,0,1,1
471570013,1,0,1
471570016,10,11,21
471570017,5,3,8
471570020,0,3,3
471570021,1,1,2
471570022,2,6,8
471570023,19,44,63
471570025,4,1,5
471570026,16,19,35
471570027,7,12,19
471570028,5,0,5
471570029,22,41,63
471570030,15,13,28
471570031,13,28,41
471570032,13,13,26
471570033,4,10,14
471570034,6,7,13
471570035,10,22,32
471570036,14,48,62
471570037,12,51,63
471570038,47,137,184
471570039,145,205,350
471570040,1,0,1
471570041,1,4,5
471570042,6,19,25
471570043,6,10,16
471570044,1,1,2
471570046,2,3,5
471570049,1,1,2
471570050,3,0,3
471570052,0,1,1
471570056,2,0,2
471570063,2,3,5
471570064,2,0,2
471570065,2,2,4
471570066,3,2,5
471570070,0,1,1
471570071,8,19,27
471570072,5,21,26
471570073,1,8,9
471570074,2,2,4
471570078,0,1,1
471570080,1,3,4
471570081,1,0,1
471570083,4,5,9
471570085,26,44,70
471570086,14,28,42
471570088,1,0,1
471570090,1,0,1
471570092,21,33,54
471570093,6,4,10
471570094,0,1,1
471570095,8,15,23
471570096,38,90,128
471570097,2,0,2
471570098,2,1,3
471570099,0,1,1
471570100,0,1,1
471570102,1,3,4
471570104,6,1,7
471570106,9,7,16
471570107,2,0,2
471570108,2,1,3
471570109,1,1,2
471570201,3,4,7
471570202,3,3,6
471570203,4,3,7
471570205,15,20,35
471570206,55,47,102
471570207,1,2,3
471570208,25,36,61
471570209,4,2,6
471570210,12,29,41
471570211,118,131,249
471570212,1,0,1
471570213,329,734,1063
471570214,58,94,152
471570215,64,57,121
471570216,16,10,26
471570217,18,20,38
471570219,1,0,1
471570220,9,4,13
471570221,37,8,45
471570223,2,1,3
471570224,3,2,5
471570604,1,1,2
471570607,1,0,1
471599750,1,0,1
471599751,7,3,10
471599752,3,0,3
471599754,2,0,2
471611102,1,0,1
471611104,1,0,1
471611105,2,0,2
471611106,1,0,1
471630402,3,3,6
471630403,4,0,4
471630405,2,1,3
471630406,52,44,96
471630407,14,9,23
471630408,4,2,6
471630409,8,27,35
471630410,7,8,15
471630411,2,5,7
471630412,6,7,13
471630413,2,2,4
471630414,14,28,42
471630415,14,9,23
471630416,2,7,9
471630417,1,1,2
471630419,1,0,1
471630420,3,7,10
471630421,41,58,99
471630422,0,5,5
471630423,8,5,13
471630424,3,2,5
471630425,54,41,95
471630426,4,3,7
471630427,27,49,76
471630428,1,5,6
471630429,7,12,19
471630430,2,1,3
471630431,2,2,4
471630432,5,3,8
471630433,7,14,21
471630434,8,6,14
471630435,2,11,13
471630436,5,11,16
471630506,0,1,1
471650201,2,3,5
471650202,5,0,5
471650203,8,0,8
471650204,0,1,1
471650205,11,14,25
471650206,4,4,8
471650207,19,19,38
471650208,0,1,1
471650209,4,4,8
471650210,30,59,89
471650211,27,19,46
471650212,37,38,75
471670401,0,1,1
471670403,6,4,10
471670404,1,0,1
471670405,3,3,6
471670406,13,5,18
471670407,4,6,10
471670408,2,1,3
471690901,3,0,3
471690902,2,1,3
471710801,0,2,2
471710802,2,0,2
471710803,3,8,11
471710804,8,0,8
471730401,1,0,1
471730402,3,3,6
471730403,0,1,1
471759852,3,0,3
471779901,1,1,2
471779904,2,2,4
471779905,5,6,11
471779906,12,5,17
471779907,1,0,1
471779908,4,5,9
471779909,2,0,2
471790433,0,1,1
471790436,1,0,1
471790601,7,5,12
471790602,5,15,20
471790603,25,57,82
471790604,57,93,150
471790605,15,36,51
471790606,9,10,19
471790607,137,82,219
471790608,10,13,23
471790609,12,12,24
471790610,3,1,4
471790611,27,31,58
471790612,0,4,4
471790613,27,43,70
471790614,44,66,110
471790615,7,4,11
471790616,13,15,28
471790617,25,52,77
471790618,6,14,20
471790619,8,4,12
471790707,0,1,1
471790708,1,1,2
471819502,8,1,9
471819503,1,0,1
471839681,4,0,4
471839682,15,14,29
471839684,2,0,2
471839685,1,0,1
471839686,2,0,2
471859852,1,0,1
471859951,1,1,2
471859953,12,7,19
471859954,4,0,4
471859955,1,0,1
471870184,0,1,1
471870187,10,21,31
471870188,17,14,31
471870191,0,2,2
471870408,2,0,2
471870501,19,50,69
471870502,104,221,325
471870503,64,128,192
471870504,57,119,176
471870505,6,16,22
471870506,13,17,30
471870507,12,13,25
471870508,11,10,21
471870509,33,74,107
471870510,44,44,88
471870511,3,2,5
471870512,8,16,24
471870604,0,1,1
471890154,0,2,2
471890301,7,5,12
471890302,11,13,24
471890303,20,18,38
471890304,2,8,10
471890305,12,20,32
471890306,4,4,8
471890307,8,6,14
471890308,0,5,5
471890309,3,12,15
471890310,0,1,1
480019501,1,1,2
480019505,0,6,6
480019506,3,2,5
480019507,11,6,17
480019508,12,8,20
480019509,9,13,22
480019510,3,0,3
480039501,2,0,2
480039502,9,3,12
480050001,5,6,11
480050002,0,2,2
480050003,3,3,6
480050004,36,44,80
480050008,2,1,3
480050009,35,31,66
480050010,2,0,2
480050012,0,1,1
480079501,4,5,9
480079502,3,4,7
480079503,11,4,15
480079504,1,0,1
480079505,4,3,7
480090201,2,1,3
480090202,1,3,4
480139601,0,5,5
480139602,1,1,2
480139603,1,0,1
480139604,12,8,20
480139606,5,2,7
480157602,0,2,2
480157603,2,1,3
480157604,1,2,3
480157605,5,4,9
480179501,6,2,8
480199801,5,6,11
480199802,1,3,4
480199803,1,3,4
480199804,0,1,1
480219501,2,6,8
480219502,5,1,6
480219503,1,3,4
480219504,13,4,17
480219505,2,3,5
480219506,3,2,5
480219507,1,1,2
480239501,1,0,1
480239502,3,0,3
480259501,1,0,1
480259502,4,1,5
480259504,5,0,5
480259505,8,4,12
480270038,1,0,1
480270201,0,2,2
480270202,13,40,53
480270203,37,51,88
480270204,2,7,9
480270205,1,1,2
480270206,9,7,16
480270207,14,16,30
480270208,2,0,2
480270209,10,24,34
480270210,93,287,380
480270211,13,24,37
480270212,24,42,66
480270213,92,186,278
480270214,5,14,19
480270215,5,7,12
480270216,4,0,4
480270217,33,48,81
480270218,12,15,27
480270219,42,30,72
480270220,3,6,9
480270221,3,0,3
480270223,0,2,2
480270224,15,13,28
480270225,10,6,16
480270228,0,1,1
480270229,2,1,3
480270230,4,3,7
480270231,7,7,14
480270232,23,41,64
480270233,1,1,2
480270234,19,22,41
480270235,5,2,7
480291101,61,118,179
480291103,4,2,6
480291104,2,8,10
480291105,0,1,1
480291106,5,9,14
480291107,0,1,1
480291108,40,53,93
480291109,0,3,3
480291110,0,1,1
480291201,14,89,103
480291202,3,13,16
480291203,39,93,132
480291204,16,51,67
480291205,1,5,6
480291206,13,36,49
480291207,53,90,143
480291208,21,51,72
480291209,22,49,71
480291210,4,4,8
480291211,51,83,134
480291212,41,75,116
480291213,9,7,16
480291214,1,2,3
480291215,18,30,48
480291216,13,12,25
480291217,7,14,21
480291218,23,29,52
480291219,65,108,173
480291301,9,1,10
480291304,2,0,2
480291305,0,1,1
480291306,1,3,4
480291307,0,1,1
480291308,3,5,8
480291310,2,1,3
480291313,1,1,2
480291314,1,1,2
480291315,1,0,1
480291316,9,11,20
480291317,5,3,8
480291318,1,5,6
480291403,0,1,1
480291404,1,2,3
480291407,1,0,1
480291408,1,0,1
480291409,3,1,4
480291411,2,7,9
480291412,1,1,2
480291413,12,8,20
480291414,4,4,8
480291415,3,13,16
480291416,1,0,1
480291419,2,0,2
480291501,2,3,5
480291502,4,5,9
480291503,0,1,1
480291505,1,3,4
480291506,2,0,2
480291507,6,1,7
480291508,1,1,2
480291509,2,0,2
480291510,2,1,3
480291511,5,0,5
480291512,21,12,33
480291513,7,0,7
480291514,0,2,2
480291515,2,0,2
480291517,1,0,1
480291518,0,1,1
480291520,2,0,2
480291522,1,0,1
480291603,1,0,1
480291605,4,1,5
480291606,4,0,4
480291607,6,1,7
480291609,0,1,1
480291610,3,3,6
480291611,1,0,1
480291614,42,102,144
480291615,0,1,1
480291616,0,1,1
480291617,1,2,3
480291618,3,3,6
480291619,0,2,2
480291620,1,0,1
480291701,0,1,1
480291702,2,5,7
480291703,3,6,9
480291705,2,1,3
480291707,3,0,3
480291709,1,0,1
480291713,2,0,2
480291714,1,0,1
480291717,4,1,5
480291718,0,2,2
480291719,62,91,153
480291720,34,83,117
480291801,9,4,13
480291802,2,9,11
480291803,3,0,3
480291805,2,1,3
480291806,6,15,21
480291807,39,93,132
480291808,0,4,4
480291809,0,3,3
480291810,46,117,163
480291811,11,33,44
480291812,12,28,40
480291813,13,27,40
480291814,256,746,1002
480291815,46,43,89
480291816,5,4,9
480291817,78,107,185
480291818,130,227,357
480291819,42,79,121
480291820,63,126,189
480291821,50,108,158
480291901,1,2,3
480291902,8,15,23
480291904,18,30,48
480291905,9,3,12
480291907,2,3,5
480291908,12,34,46
480291909,15,11,26
480291910,4,3,7
480291911,17,38,55
480291912,10,14,24
480291913,14,24,38
480291914,124,271,395
480291915,93,207,300
480291917,22,84,106
480291918,244,574,818
480299801,0,1,1
480319501,1,3,4
480319502,3,3,6
480350040,0,1,1
480359502,2,0,2
480359504,12,4,16
480359505,3,0,3
480370101,3,4,7
480370105,8,18,26
480370106,0,1,1
480370107,5,14,19
480370108,4,19,23
480370109,61,86,147
480370110,5,2,7
480370111,1,0,1
480370112,18,26,44
480370114,0,1,1
480370115,6,2,8
480370116,3,1,4
480393501,4,3,7
480396601,8,1,9
480396602,4,4,8
480396603,6,5,11
480396604,18,9,27
480396605,2,9,11
480396606,119,218,337
480396607,92,133,225
480396608,11,18,29
480396609,1,3,4
480396610,1,2,3
480396611,3,0,3
480396612,5,1,6
480396613,2,0,2
480396614,2,1,3
480396615,1,1,2
480396616,1,1,2
480396618,0,3,3
480396619,0,1,1
480396620,3,0,3
480396621,1,2,3
480396622,1,4,5
480396623,3,1,4
480396624,5,4,9
480396628,3,0,3
480396630,1,0,1
480396631,6,7,13
480396632,2,4,6
480396633,9,11,20
480396634,13,25,38
480396635,2,1,3
480396636,5,6,11
480396641,0,2,2
480396643,1,0,1
480396644,1,0,1
480410001,9,12,21
480410002,7,8,15
480410003,1,0,1
480410007,1,1,2
480410008,8,13,21
480410009,1,0,1
480410010,5,1,6
480410011,24,45,69
480410013,38,23,61
480410014,0,1,1
480410016,4,6,10
480410017,2,1,3
480410018,31,43,74
480410019,11,11,22
480410020,102,101,203
480439501,0,1,1
480439502,3,2,5
480439503,7,6,13
480459502,1,1,2
480479502,1,0,1
480490302,1,0,1
480499502,2,2,4
480499505,0,1,1
480499506,0,1,1
480499507,4,5,9
480499508,0,1,1
480499509,4,4,8
480499510,1,1,2
480499511,18,17,35
480499512,1,0,1
480499513,3,5,8
480519507,0,1,1
480519701,1,2,3
480519703,5,1,6
480519705,1,0,1
480530017,1,2,3
480539601,2,1,3
480539602,1,1,2
480539603,9,5,14
480539604,3,5,8
480539605,1,0,1
480539606,3,2,5
480539607,14,15,29
480539608,2,4,6
480539704,6,6,12
480539705,1,1,2
480552105,1,1,2
480559506,1,0,1
480559602,4,1,5
480559603,4,1,5
480559604,1,0,1
480559605,1,2,3
480559606,2,0,2
480559607,5,2,7
480579901,16,1,17
480579902,1,0,1
480579903,1,1,2
480579904,2,0,2
480579905,0,2,2
480590134,1,0,1
480590301,3,0,3
480590302,2,1,3
480610101,0,3,3
480610102,13,13,26
480610103,8,13,21
480610104,5,10,15
480610106,3,12,15
480610107,3,4,7
480610108,7,3,10
480610109,3,12,15
480610110,1,1,2
480610111,1,1,2
480610112,3,1,4
480610113,51,60,111
480610114,9,8,17
480610115,6,3,9
480610116,4,1,5
480610117,2,0,2
480610118,20,15,35
480610119,3,2,5
480610120,9,9,18
480610121,1,0,1
480610122,0,1,1
480610123,8,12,20
480610124,1,1,2
480610125,14,19,33
480610126,29,26,55
480610127,1,0,1
480610129,3,5,8
480610130,24,35,59
480610131,12,5,17
480610132,3,0,3
480610133,8,4,12
480610134,0,1,1
480610135,15,18,33
480610136,4,3,7
480610137,3,2,5
480610139,8,0,8
480610140,2,1,3
480639501,2,3,5
480639502,6,2,8
480679504,7,2,9
480679506,2,1,3
480679507,1,1,2
480699502,2,0,2
480710116,1,1,2
480717008,1,0,1
480717104,1,0,1
480717105,3,1,4
480730019,0,2,2
480730021,1,0,1
480739502,1,1,2
480739503,1,6,7
480739504,1,0,1
480739506,13,13,26
480739507,6,5,11
480739508,0,3,3
480739509,4,11,15
480739510,0,1,1
480759501,1,0,1
480759502,8,1,9
480770302,5,0,5
480770303,4,2,6
480799501,2,0,2
480819501,0,1,1
480839503,7,0,7
480839506,0,1,1
480839507,2,0,2
480850190,0,1,1
480850215,11,9,20
480850216,0,1,1
480850301,1,1,2
480850302,1,2,3
480850303,13,12,25
480850304,19,35,54
480850305,112,138,250
480850306,31,24,55
480850307,10,8,18
480850308,1,1,2
480850309,15,18,33
480850310,3,3,6
480850311,1,0,1
480850312,1,0,1
480850313,64,41,105
480850314,70,89,159
480850315,40,32,72
480850316,451,585,1036
480850317,64,134,198
480850318,38,28,66
480850319,4,4,8
480850320,56,48,104
480879502,2,0,2
480897501,2,1,3
480897502,0,2,2
480897503,5,1,6
480897504,2,1,3
480897505,10,10,20
480910108,0,1,1
480911821,1,0,1
480912106,0,1,1
480913101,8,9,17
480913102,9,16,25
480913103,16,11,27
480913104,5,6,11
480913105,10,23,33
480913106,7,17,24
480913107,20,24,44
480913108,18,30,48
480913109,13,16,29
480919704,0,4,4
480939501,1,2,3
480939502,7,1,8
480939503,3,0,3
480939504,0,1,1
480939505,0,1,1
480959501,1,1,2
480959502,0,1,1
480979901,2,1,3
480979902,3,1,4
480979904,1,1,2
480979905,8,4,12
480979906,1,1,2
480979907,1,3,4
480979908,3,0,3
480979909,0,4,4
480990101,4,0,4
480990102,1,2,3
480990103,4,1,5
480990104,3,1,4
480990106,1,1,2
480990107,0,3,3
480990108,3,3,6
481039501,5,1,6
481059501,1,0,1
481079501,2,0,2
481099502,1,1,2
481119503,1,0,1
481130001,7,30,37
481130002,13,30,43
481130003,16,24,40
481130004,56,193,249
481130005,23,75,98
481130006,75,149,224
481130007,43,100,143
481130008,15,26,41
481130009,6,1,7
481130010,6,13,19
481130011,12,18,30
481130012,5,13,18
481130013,6,5,11
481130014,2,17,19
481130015,4,15,19
481130016,10,21,31
481130017,36,79,115
481130018,23,52,75
481130019,19,49,68
481130020,5,15,20
481130021,5,9,14
481130022,108,265,373
481130027,0,1,1
481130029,2,0,2
481130031,13,16,29
481130032,3,14,17
481130033,7,3,10
481130034,1,1,2
481130035,4,2,6
481130037,1,0,1
481130042,40,87,127
481130043,1,0,1
481130044,10,30,40
481130045,2,3,5
481130046,4,3,7
481130047,8,5,13
481130048,1,2,3
481130050,5,8,13
481130051,0,1,1
481130052,1,1,2
481130053,0,1,1
481130054,0,1,1
481130059,1,1,2
481130061,4,3,7
481130062,0,3,3
481130063,0,1,1
481130064,0,1,1
481130067,0,2,2
481130068,2,0,2
481130069,3,1,4
481130071,21,49,70
481130072,1,1,2
481130073,29,82,111
481130074,4,21,25
481130075,5,15,20
481130076,25,132,157
481130077,14,52,66
481130078,201,421,622
481130079,46,98,144
481130080,24,85,109
481130081,44,49,93
481130082,5,13,18
481130085,0,1,1
481130087,14,39,53
481130088,1,1,2
481130090,2,2,4
481130093,1,1,2
481130094,10,25,35
481130095,8,12,20
481130096,65,83,148
481130097,2,13,15
481130098,9,5,14
481130099,3,1,4
481130100,183,601,784
481130101,5,1,6
481130102,1,5,6
481130104,1,0,1
481130107,1,0,1
481130108,12,12,24
481130109,7,6,13
481130110,2,1,3
481130111,2,2,4
481130113,0,1,1
481130117,5,0,5
481130118,4,0,4
481130122,16,18,34
481130123,1,1,2
481130124,2,3,5
481130126,2,1,3
481130127,0,1,1
481130128,7,12,19
481130129,9,14,23
481130130,14,38,52
481130131,27,55,82
481130132,115,247,362
481130133,4,39,43
481130134,7,18,25
481130135,10,30,40
481130136,90,318,408
481130137,41,46,87
481130138,24,54,78
481130139,4,3,7
481130140,5,7,12
481130141,227,355,582
481130142,17,49,66
481130143,44,78,122
481130144,5,14,19
481130145,39,31,70
481130146,2,7,9
481130147,1,1,2
481130148,2,1,3
481130149,3,2,5
481130150,2,3,5
481130151,2,2,4
481130152,6,10,16
481130153,3,4,7
481130154,4,2,6
481130155,3,0,3
481130156,1,0,1
481130160,3,4,7
481130161,4,1,5
481130162,1,0,1
481130163,0,1,1
481130164,17,14,31
481130165,61,62,123
481130166,90,93,183
481130168,9,8,17
481130169,2,1,3
481130170,1,1,2
481130171,1,0,1
481130172,0,1,1
481130173,2,4,6
481130175,3,3,6
481130176,1,1,2
481130177,15,30,45
481130178,28,26,54
481130179,2,2,4
481130180,2,6,8
481130181,85,73,158
481130182,5,3,8
481130184,8,3,11
481130185,6,3,9
481130186,4,5,9
481130188,0,2,2
481130189,33,36,69
481130190,89,85,174
481130191,2,6,8
481130192,54,78,132
481130193,14,54,68
481130194,15,47,62
481130195,27,114,141
481130196,7,22,29
481130197,10,27,37
481130198,18,58,76
481130199,1,0,1
481130216,1,0,1
481130217,1,0,1
481130313,1,11,12
481130317,3,6,9
481130318,0,3,3
481130320,13,14,27
481131115,1,1,2
481131130,3,1,4
481131137,0,2,2
481159504,6,0,6
481159505,2,0,2
481179501,3,1,4
481179502,1,0,1
481179504,1,4,5
481179505,1,1,2
481210201,27,18,45
481210202,3,7,10
481210203,20,54,74
481210204,13,16,29
481210205,5,5,10
481210206,12,3,15
481210207,16,15,31
481210208,0,5,5
481210209,0,1,1
481210210,4,2,6
481210211,0,1,1
481210212,18,32,50
481210213,25,22,47
481210214,25,29,54
481210215,71,85,156
481210216,140,210,350
481210217,110,109,219
481210304,1,0,1
481210305,2,3,5
481210316,2,5,7
481211139,5,7,12
481239702,7,1,8
481239703,3,1,4
481239704,1,0,1
481239705,1,0,1
481239806,3,0,3
481239903,0,1,1
481279502,5,1,6
481279503,0,1,1
481299503,1,0,1
481339501,2,0,2
481339502,7,3,10
481339503,1,0,1
481339504,1,1,2
481339505,1,1,2
481339802,0,1,1
481350001,2,1,3
481350004,2,2,4
481350007,1,0,1
481350010,1,0,1
481350011,1,0,1
481350012,0,1,1
481350014,111,39,150
481350015,15,8,23
481350016,5,12,17
481350017,2,12,14
481350020,2,0,2
481350023,3,8,11
481350024,1,1,2
481350025,6,9,15
481350028,0,1,1
481350029,6,10,16
481350030,10,13,23
481350101,1,3,4
481379502,1,2,3
481390166,1,0,1
481390601,1,1,2
481390602,27,21,48
481390603,0,1,1
481390604,2,3,5
481390605,9,9,18
481390606,13,4,17
481390607,6,0,6
481390608,9,2,11
481390609,1,2,3
481390610,1,0,1
481390613,1,0,1
481390614,8,3,11
481390615,10,7,17
481410001,27,6,33
481410003,2,0,2
481410004,16,26,42
481410006,1,1,2
481410007,21,35,56
481410008,2,1,3
481410009,4,3,7
481410010,1,0,1
481410011,110,170,280
481410012,14,31,45
481410013,28,59,87
481410014,1,2,3
481410015,46,109,155
481410016,10,17,27
481410017,0,1,1
481410018,1,0,1
481410019,2,1,3
481410021,1,0,1
481410022,30,105,135
481410023,2,2,4
481410024,2,1,3
481410025,2,4,6
481410026,2,6,8
481410029,0,1,1
481410030,145,92,237
481410031,6,2,8
481410032,3,1,4
481410033,1,4,5
481410034,7,26,33
481410035,1,5,6
481410036,2,1,3
481410037,0,1,1
481410038,5,3,8
481410039,3,1,4
481410040,2,3,5
481410041,5,0,5
481410042,3,3,6
481410043,71,61,132
481410101,3,3,6
481410102,71,147,218
481410103,36,32,68
481410104,1,1,2
481410105,2,1,3
481431603,0,1,1
481439501,0,2,2
481439502,6,5,11
481439503,2,1,3
481439504,4,2,6
481439505,14,10,24
481439506,0,2,2
481439507,0,1,1
481459902,0,3,3
481459903,3,4,7
481459904,0,1,1
481459907,1,0,1
481479501,1,1,2
481479504,15,4,19
481479505,0,1,1
481499701,0,1,1
481499702,2,3,5
481499703,10,8,18
481499704,0,1,1
481499706,3,1,4
481519504,3,0,3
481539505,5,0,5
481539506,2,0,2
481574527,2,0,2
481574548,3,1,4
481574549,1,3,4
481574553,0,1,1
481576606,1,0,1
481576702,0,2,2
481576703,1,0,1
481576704,0,1,1
481576706,1,1,2
481576707,1,0,1
481576708,1,4,5
481576709,15,23,38
481576710,4,11,15
481576711,5,5,10
481576712,1,0,1
481576713,1,1,2
481576714,3,8,11
481576715,23,18,41
481576716,18,32,50
481576717,37,29,66
481576718,3,2,5
481576719,0,1,1
481576720,10,11,21
481576721,47,40,87
481576723,16,2,18
481576725,2,2,4
481576726,4,7,11
481576727,0,3,3
481576728,0,1,1
481576730,20,17,37
481576731,31,36,67
481576732,0,1,1
481576733,3,1,4
481576734,1,1,2
481576738,11,4,15
481576739,52,65,117
481576740,68,61,129
481576741,14,27,41
481576742,24,68,92
481576743,13,19,32
481576744,29,62,91
481576745,26,56,82
481576746,22,35,57
481576747,11,13,24
481576748,13,8,21
481576749,13,16,29
481576751,5,0,5
481576752,3,5,8
481576753,1,0,1
481576755,3,2,5
481576756,2,0,2
481599501,0,1,1
481599502,5,0,5
481619801,2,0,2
481619802,2,0,2
481619803,2,1,3
481619804,1,0,1
481619807,1,1,2
481639501,4,1,5
481639502,2,0,2
481639503,3,0,3
481659501,1,0,1
481659502,2,0,2
481659503,1,0,1
481673506,5,3,8
481673508,8,9,17
481677201,13,15,28
481677202,14,16,30
481677203,15,16,31
481677204,5,10,15
481677205,26,41,67
481677206,18,23,41
481677207,34,45,79
481677208,4,2,6
481677209,3,0,3
481677210,6,4,10
481677211,3,3,6
481677212,16,15,31
481677213,5,11,16
481677214,14,20,34
481677215,7,20,27
481677216,3,0,3
481677217,3,0,3
481677218,3,2,5
481677219,9,4,13
481677220,2,1,3
481677221,0,3,3
481677222,1,3,4
481677223,4,3,7
481677225,2,0,2
481677226,1,1,2
481677227,13,12,25
481677229,0,2,2
481677230,0,1,1
481677231,0,2,2
481677232,1,1,2
481677233,0,1,1
481677234,4,0,4
481677235,0,1,1
481677236,1,3,4
481677238,7,15,22
481677239,0,1,1
481677240,5,9,14
481677241,3,2,5
481677242,25,41,66
481677243,145,397,542
481677244,37,43,80
481677245,7,16,23
481677247,1,4,5
481677248,3,5,8
481677249,2,3,5
481677250,0,1,1
481677251,3,2,5
481677253,2,6,8
481677254,0,2,2
481677255,4,9,13
481677256,16,13,29
481677257,9,11,20
481677258,5,13,18
481677259,6,16,22
481677260,4,11,15
481677261,3,7,10
481699501,2,0,2
481719501,6,8,14
481719502,5,4,9
481719503,11,20,31
481719504,9,11,20
481719505,18,19,37
481719601,1,1,2
481759602,0,2,2
481772109,0,1,1
481779804,0,1,1
481779901,0,1,1
481779902,2,1,3
481779903,8,0,8
481779904,0,1,1
481779905,0,1,1
481799501,11,5,16
481799503,5,4,9
481799504,1,0,1
481799505,0,1,1
481799506,2,1,3
481810001,2,2,4
481810003,9,7,16
481810004,1,1,2
481810005,11,21,32
481810006,3,9,12
481810008,8,10,18
481810009,11,41,52
481810011,20,16,36
481810012,2,7,9
481810013,14,42,56
481810014,1,0,1
481810015,1,1,2
481810016,3,1,4
481810017,3,1,4
481810018,5,4,9
481810019,0,1,1
481830002,2,2,4
481830003,32,38,70
481830004,11,11,22
481830005,11,32,43
481830006,9,14,23
481830007,5,1,6
481830009,0,1,1
481830010,24,37,61
481830011,7,19,26
481830015,4,6,10
481830018,1,0,1
481830101,6,14,20
481830102,4,0,4
481830103,3,5,8
481830105,2,1,3
481830106,7,2,9
481830107,1,0,1
481830206,1,4,5
481851801,0,3,3
481851802,9,2,11
481851803,1,0,1
481871219,3,1,4
481872101,2,2,4
481872102,3,0,3
481872103,2,2,4
481872104,16,17,33
481872105,5,7,12
481872106,3,4,7
481872107,28,34,62
481872108,4,2,6
481872109,4,1,5
481899501,1,2,3
481899503,15,9,24
481899504,1,0,1
481899505,1,1,2
481899506,3,0,3
481899507,1,0,1
481919502,3,0,3
481939501,2,0,2
481939502,0,1,1
481939503,9,1,10
481959503,2,0,2
481979501,4,3,7
481990302,4,3,7
481990303,2,2,4
481990304,1,0,1
481990305,5,5,10
481990307,2,0,2
481990308,4,0,4
481990309,1,0,1
482011000,42,78,120
482012101,1,1,2
482012102,2,0,2
482012103,1,2,3
482012104,1,1,2
482012105,0,2,2
482012106,3,1,4
482012109,0,1,1
482012112,1,0,1
482012114,2,2,4
482012116,3,1,4
482012117,0,2,2
482012120,1,0,1
482012202,0,1,1
482012205,1,3,4
482012207,2,1,3
482012212,0,1,1
482012213,3,2,5
482012214,2,2,4
482012215,4,6,10
482012216,1,0,1
482012219,0,1,1
482012220,4,1,5
482012222,1,0,1
482012223,0,1,1
482012225,1,2,3
482012226,1,2,3
482012229,0,1,1
482012230,5,0,5
482012302,17,11,28
482012307,1,0,1
482012310,3,1,4
482012313,1,0,1
482012316,3,0,3
482012319,1,0,1
482012320,2,0,2
482012322,11,16,27
482012323,0,1,1
482012324,3,0,3
482012327,7,1,8
482012328,2,0,2
482012329,6,0,6
482012330,4,2,6
482012331,1,0,1
482012332,5,17,22
482012333,0,3,3
482012334,2,0,2
482012335,2,1,3
482012337,1,0,1
482012401,4,4,8
482012402,0,1,1
482012403,14,28,42
482012404,2,2,4
482012405,1,0,1
482012407,3,1,4
482012408,6,8,14
482012409,2,0,2
482012410,0,1,1
482012411,3,2,5
482012412,1,0,1
482012413,5,6,11
482012414,2,0,2
482012502,1,1,2
482012503,1,0,1
482012504,12,9,21
482012505,1,2,3
482012506,9,1,10
482012507,7,3,10
482012508,7,9,16
482012509,10,29,39
482012510,11,7,18
482012511,8,8,16
482012512,8,12,20
482012513,5,14,19
482012514,1,4,5
482012515,14,7,21
482012516,1,0,1
482012517,0,1,1
482012519,3,2,5
482012520,6,6,12
482012523,3,0,3
482012524,12,1,13
482012526,0,1,1
482012527,1,0,1
482012529,1,0,1
482012530,0,1,1
482012531,1,1,2
482012532,6,5,11
482012533,2,0,2
482012535,3,2,5
482012536,41,31,72
482012537,18,14,32
482012538,1,0,1
482012539,10,8,18
482012540,1,3,4
482012543,7,0,7
482012545,1,1,2
482012547,1,0,1
482013101,5,5,10
482013102,5,4,9
482013103,4,1,5
482013104,1,1,2
482013106,1,1,2
482013107,3,1,4
482013108,2,1,3
482013109,5,3,8
482013110,3,2,5
482013112,4,1,5
482013113,1,0,1
482013114,1,1,2
482013116,1,0,1
482013117,3,2,5
482013120,2,3,5
482013123,1,0,1
482013124,1,1,2
482013125,24,48,72
482013126,73,173,246
482013127,10,41,51
482013128,0,2,2
482013129,6,10,16
482013130,6,4,10
482013131,543,1854,2397
482013132,11,22,33
482013133,1,0,1
482013134,0,1,1
482013135,0,1,1
482013136,2,1,3
482013137,1,0,1
482013139,27,51,78
482013140,102,246,348
482013141,81,83,164
482013142,31,14,45
482013143,9,15,24
482013205,0,1,1
482013206,1,1,2
482013207,1,0,1
482013209,2,0,2
482013210,1,0,1
482013211,0,8,8
482013214,0,2,2
482013216,5,0,5
482013217,0,3,3
482013220,1,0,1
482013221,1,0,1
482013222,1,0,1
482013223,1,0,1
482013224,1,0,1
482013226,1,0,1
482013227,5,0,5
482013229,0,1,1
482013230,2,0,2
482013231,0,1,1
482013232,2,2,4
482013233,6,2,8
482013234,3,0,3
482013235,1,2,3
482013236,2,4,6
482013237,38,41,79
482013238,3,0,3
482013240,4,6,10
482013301,21,44,65
482013302,3,0,3
482013303,0,3,3
482013304,1,0,1
482013305,1,1,2
482013306,1,2,3
482013307,0,1,1
482013308,1,16,17
482013309,10,17,27
482013311,2,0,2
482013313,0,1,1
482013315,4,3,7
482013318,1,1,2
482013319,1,0,1
482013320,1,0,1
482013325,1,1,2
482013328,1,0,1
482013329,3,0,3
482013331,2,1,3
482013332,3,2,5
482013333,1,0,1
482013335,5,1,6
482013336,1,2,3
482013337,0,1,1
482013338,1,0,1
482013339,4,5,9
482013340,3,3,6
482013401,1,13,14
482013402,38,30,68
482013403,62,93,155
482013404,5,7,12
482013405,4,6,10
482013406,7,3,10
482013407,4,7,11
482013408,7,18,25
482013409,0,5,5
482013410,9,15,24
482013411,69,79,148
482013412,16,27,43
482013413,15,28,43
482013414,9,24,33
482013415,8,19,27
482013416,1,4,5
482013417,0,1,1
482013419,3,0,3
482013420,6,3,9
482013421,15,6,21
482013424,1,0,1
482013425,5,3,8
482013427,3,1,4
482013428,0,1,1
482013429,0,3,3
482013430,1,1,2
482013432,2,0,2
482013433,0,1,1
482013434,1,3,4
482013435,0,1,1
482013501,11,7,18
482013502,1,4,5
482013503,4,3,7
482013505,16,42,58
482013506,3,10,13
482013507,0,1,1
482013508,4,7,11
482014101,6,13,19
482014102,6,19,25
482014103,10,31,41
482014104,18,55,73
482014105,11,41,52
482014106,10,24,34
482014107,15,37,52
482014108,8,19,27
482014109,5,17,22
482014110,49,72,121
482014111,8,30,38
482014112,6,20,26
482014113,32,28,60
482014114,6,26,32
482014115,43,126,169
482014116,7,17,24
482014117,8,17,25
482014118,43,71,114
482014119,9,47,56
482014120,30,79,109
482014121,4,4,8
482014122,83,295,378
482014123,36,155,191
482014124,36,123,159
482014125,12,37,49
482014126,27,67,94
482014127,27,88,115
482014128,24,106,130
482014129,10,23,33
482014130,37,77,114
482014131,25,83,108
482014132,84,175,259
482014133,107,228,335
482014201,9,17,26
482014202,7,9,16
482014203,14,22,36
482014204,6,10,16
482014205,1,1,2
482014206,3,4,7
482014207,25,53,78
482014208,14,36,50
482014209,63,168,231
482014210,20,92,112
482014211,5,2,7
482014212,1,0,1
482014213,19,10,29
482014214,5,1,6
482014215,13,12,25
482014216,1,12,13
482014217,8,16,24
482014218,7,18,25
482014219,12,21,33
482014220,7,2,9
482014221,4,9,13
482014223,2,4,6
482014224,4,10,14
482014225,3,7,10
482014226,7,4,11
482014227,3,1,4
482014228,46,109,155
482014229,18,8,26
482014230,1,1,2
482014231,0,2,2
482014232,5,6,11
482014233,13,23,36
482014234,14,19,33
482014235,2,4,6
482014236,1,0,1
482014301,14,32,46
482014302,2,4,6
482014303,18,56,74
482014304,25,57,82
482014305,22,28,50
482014306,10,49,59
482014307,7,15,22
482014308,53,124,177
482014309,14,29,43
482014310,11,22,33
482014311,19,29,48
482014312,5,14,19
482014313,8,16,24
482014314,7,54,61
482014315,29,28,57
482014316,7,26,33
482014317,15,50,65
482014318,17,41,58
482014319,12,18,30
482014320,9,19,28
482014321,1,2,3
482014322,2,1,3
482014323,3,5,8
482014324,1,3,4
482014325,0,1,1
482014326,1,6,7
482014327,1,5,6
482014328,17,4,21
482014329,8,4,12
482014330,9,4,13
482014331,2,0,2
482014332,12,4,16
482014333,7,2,9
482014334,0,1,1
482014335,0,4,4
482014336,1,0,1
482014401,5,2,7
482014501,2,3,5
482014502,8,9,17
482014503,5,4,9
482014504,7,6,13
482014505,4,14,18
482014506,6,23,29
482014507,9,26,35
482014508,0,6,6
482014509,4,4,8
482014510,5,7,12
482014511,3,5,8
482014512,4,7,11
482014513,3,3,6
482014514,3,4,7
482014515,1,0,1
482014516,12,25,37
482014517,6,1,7
482014518,1,6,7
482014519,31,40,71
482014520,2,1,3
482014521,10,21,31
482014522,4,2,6
482014523,2,2,4
482014524,5,4,9
482014525,3,3,6
482014526,0,2,2
482014527,4,1,5
482014528,3,2,5
482014529,2,0,2
482014530,0,1,1
482014531,3,1,4
482014532,0,1,1
482014533,2,2,4
482014534,7,4,11
482014535,3,5,8
482014536,6,4,10
482014537,0,1,1
482014538,0,2,2
482014539,2,2,4
482014540,2,3,5
482014541,4,1,5
482014542,2,1,3
482014543,6,6,12
482014545,35,22,57
482014546,18,8,26
482014547,11,8,19
482014548,4,4,8
482014549,3,3,6
482014550,0,1,1
482014551,5,5,10
482014552,3,2,5
482015101,2,2,4
482015102,10,21,31
482015103,5,14,19
482015104,6,11,17
482015105,2,7,9
482015106,6,15,21
482015107,3,14,17
482015108,20,64,84
482015109,6,9,15
482015110,12,3,15
482015111,24,54,78
482015112,5,4,9
482015113,8,14,22
482015114,1,5,6
482015115,11,19,30
482015116,1,3,4
482015202,2,4,6
482015203,2,0,2
482015204,5,1,6
482015205,2,1,3
482015207,6,7,13
482015208,0,2,2
482015209,6,16,22
482015210,3,5,8
482015211,1,0,1
482015212,14,19,33
482015213,2,3,5
482015215,0,1,1
482015216,2,0,2
482015217,0,4,4
482015218,2,1,3
482015219,3,7,10
482015220,1,0,1
482015221,1,5,6
482015222,3,4,7
482015223,1,3,4
482015224,2,3,5
482015301,3,7,10
482015302,8,5,13
482015304,0,1,1
482015306,3,2,5
482015307,16,12,28
482015308,2,0,2
482015309,4,1,5
482015310,1,4,5
482015311,3,5,8
482015312,0,1,1
482015313,1,0,1
482015314,1,0,1
482015315,2,0,2
482015316,2,2,4
482015317,2,2,4
482015320,3,0,3
482015321,1,1,2
482015323,0,2,2
482015324,1,0,1
482015326,1,0,1
482015327,1,1,2
482015328,1,1,2
482015329,3,1,4
482015331,1,0,1
482015332,2,0,2
482015333,5,0,5
482015334,0,1,1
482015338,2,0,2
482015339,1,0,1
482015340,1,0,1
482015341,0,4,4
482015342,5,11,16
482015401,15,20,35
482015403,2,17,19
482015405,3,2,5
482015406,3,2,5
482015407,6,5,11
482015408,0,1,1
482015409,2,4,6
482015410,11,12,23
482015411,5,2,7
482015412,7,5,12
482015413,1,1,2
482015414,3,2,5
482015415,1,0,1
482015416,2,2,4
482015417,2,1,3
482015419,1,2,3
482015420,1,3,4
482015421,1,2,3
482015422,0,2,2
482015423,0,2,2
482015424,1,0,1
482015425,1,2,3
482015426,14,7,21
482015427,3,2,5
482015429,1,1,2
482015430,8,5,13
482015501,1,0,1
482015503,7,8,15
482015504,15,8,23
482015505,1,2,3
482015506,1,2,3
482015507,1,0,1
482015508,0,1,1
482015509,2,1,3
482015510,2,0,2
482015511,2,10,12
482015512,2,4,6
482015514,3,4,7
482015515,2,6,8
482015516,2,1,3
482015517,13,8,21
482015518,5,3,8
482015520,17,27,44
482015521,14,9,23
482015522,13,10,23
482015523,3,4,7
482015524,9,14,23
482015525,2,1,3
482015526,3,11,14
482015527,18,20,38
482015528,5,12,17
482015529,11,11,22
482015530,12,15,27
482015531,4,5,9
482015532,36,116,152
482015533,6,8,14
482015534,11,7,18
482015535,1,2,3
482015536,2,11,13
482015537,6,5,11
482015538,10,5,15
482015539,12,14,26
482015540,22,17,39
482015541,4,0,4
482015542,10,1,11
482015543,9,10,19
482015544,23,31,54
482015545,5,7,12
482015546,4,3,7
482015547,6,7,13
482015548,17,30,47
482015549,14,16,30
482015550,0,1,1
482015551,1,2,3
482015552,1,1,2
482015553,9,11,20
482015554,32,33,65
482015555,10,19,29
482015556,2,0,2
482015557,4,7,11
482015558,2,3,5
482016719,1,0,1
482016725,1,0,1
482016726,0,2,2
482016730,0,1,1
482016923,0,1,1
482016924,1,1,2
482017201,0,3,3
482017204,0,2,2
482030004,0,1,1
482030201,5,2,7
482030202,0,1,1
482030203,6,5,11
482030204,16,10,26
482030205,6,3,9
482030206,1,8,9
482059501,0,1,1
482059502,5,3,8
482079503,3,0,3
482090024,1,0,1
482090101,4,3,7
482090102,4,5,9
482090103,2,3,5
482090104,20,26,46
482090105,0,1,1
482090106,12,11,23
482090107,4,5,9
482090108,37,40,77
482090109,20,16,36
482119502,3,1,4
482139501,5,2,7
482139502,1,2,3
482139503,5,2,7
482139504,14,3,17
482139506,2,1,3
482139507,0,1,1
482139508,1,4,5
482139509,1,2,3
482139511,2,1,3
482139512,2,7,9
482139513,10,14,24
482139514,3,3,6
482150201,2,5,7
482150202,11,6,17
482150203,32,13,45
482150204,23,26,49
482150205,5,4,9
482150206,2,0,2
482150207,10,5,15
482150208,13,7,20
482150209,61,66,127
482150210,2,4,6
482150211,15,11,26
482150212,82,132,214
482150213,0,1,1
482150214,20,7,27
482150216,1,0,1
482150217,4,1,5
482150218,2,0,2
482150219,2,2,4
482150220,4,0,4
482150221,5,2,7
482150222,1,0,1
482150223,13,9,22
482150224,6,5,11
482150225,6,3,9
482150227,25,20,45
482150228,2,1,3
482150229,2,0,2
482150230,0,2,2
482150231,1,1,2
482150235,48,35,83
482150236,5,5,10
482150237,4,4,8
482150238,13,9,22
482150239,34,37,71
482150240,3,2,5
482150241,24,5,29
482150242,3,1,4
482150243,0,1,1
482150244,1,0,1
482179601,1,0,1
482179604,2,1,3
482179605,1,0,1
482179608,11,4,15
482179613,1,0,1
482199503,5,0,5
482199504,1,0,1
482199505,7,2,9
482199507,1,0,1
482211601,3,1,4
482211602,31,27,58
482211603,10,11,21
482239503,1,1,2
482239504,15,8,23
482239505,3,4,7
482239506,3,1,4
482259501,1,2,3
482259503,4,2,6
482259504,0,1,1
482259505,2,1,3
482279501,1,3,4
482279504,8,15,23
482279505,4,7,11
482279506,1,3,4
482279508,2,1,3
482279509,6,9,15
482299501,1,0,1
482310404,0,1,1
482319602,1,0,1
482319604,2,2,4
482319606,2,1,3
482319607,4,3,7
482319609,5,6,11
482319610,9,3,12
482319611,7,4,11
482319612,8,4,12
482319613,5,5,10
482319614,1,0,1
482319615,0,3,3
482319616,2,0,2
482319617,1,0,1
482339507,1,0,1
482339508,7,4,11
482339509,1,0,1
482339510,2,0,2
482359501,1,0,1
482379503,5,0,5
482399501,1,0,1
482399503,3,4,7
482419501,1,1,2
482419502,13,4,17
482419503,4,1,5
482419504,2,1,3
482419506,1,1,2
482419508,2,0,2
482439501,2,2,4
482450001,1,2,3
482450002,2,1,3
482450003,56,98,154
482450004,15,33,48
482450007,0,1,1
482450010,1,0,1
482450011,29,69,98
482450012,25,45,70
482450013,20,31,51
482450016,2,2,4
482450020,1,1,2
482450021,6,6,12
482450023,0,2,2
482450025,0,1,1
482450055,0,1,1
482450056,1,0,1
482450061,0,3,3
482450064,3,4,7
482450065,2,4,6
482450067,1,0,1
482450068,5,8,13
482450069,9,7,16
482450070,17,14,31
482450071,0,2,2
482450104,0,1,1
482450105,5,1,6
482450107,1,0,1
482450108,2,0,2
482450109,13,9,22
482450110,11,21,32
482450111,9,7,16
482450112,3,7,10
482450113,2,2,4
482450114,1,8,9
482450115,2,0,2
482479502,1,0,1
482499501,1,1,2
482499502,1,1,2
482499503,7,4,11
482499504,11,5,16
482499506,1,0,1
482499507,1,0,1
482511112,2,0,2
482511301,1,1,2
482511302,34,21,55
482511303,31,14,45
482511304,5,10,15
482511305,0,1,1
482511306,4,6,10
482511308,0,1,1
482511310,3,3,6
482511311,3,8,11
482530201,0,1,1
482530202,5,1,6
482530203,2,0,2
482530204,2,0,2
482530205,1,0,1
482559702,2,2,4
482559703,3,1,4
482570502,9,6,15
482570503,8,4,12
482570504,5,8,13
482570505,3,0,3
482570506,1,1,2
482570507,2,0,2
482570508,5,4,9
482570510,8,1,9
482570511,3,0,3
482570512,3,0,3
482570513,3,1,4
482579506,1,0,1
482591821,0,5,5
482593107,0,4,4
482599701,2,4,6
482599703,8,13,21
482599704,16,58,74
482599705,9,6,15
482639501,0,1,1
482659601,8,13,21
482659602,6,5,11
482659603,9,10,19
482659604,17,49,66
482659605,6,2,8
482659606,12,20,32
482659607,19,16,35
482659608,1,2,3
482659701,1,1,2
482679501,2,2,4
482679502,1,2,3
482719501,1,0,1
482730201,1,3,4
482730202,3,1,4
482730203,2,1,3
482730204,12,3,15
482730205,2,0,2
482759501,1,1,2
482759502,0,1,1
482770001,3,7,10
482770003,2,0,2
482770004,6,26,32
482770005,11,21,32
482770006,0,1,1
482770008,0,3,3
482770009,15,12,27
482770010,3,6,9
482799505,1,0,1
482799506,5,0,5
482819503,3,4,7
482819504,5,3,8
482819505,3,2,5
482859801,3,1,4
482859802,1,1,2
482859803,0,1,1
482859804,6,2,8
482859805,0,1,1
482859806,3,0,3
482879801,1,1,2
482879804,4,0,4
482899501,4,1,5
482899502,1,2,3
482899503,2,0,2
482916929,3,0,3
482917001,1,1,2
482917002,8,6,14
482917003,5,3,8
482917006,1,0,1
482917008,4,0,4
482917011,5,0,5
482917012,4,2,6
482917014,3,0,3
482939702,1,0,1
482939703,0,1,1
482939704,4,0,4
482939705,2,0,2
482939706,8,1,9
482979501,1,0,1
482999603,0,1,1
482999608,0,1,1
482999701,1,1,2
482999702,6,3,9
482999703,3,0,3
482999704,0,4,4
482999705,6,0,6
483030001,0,2,2
483030002,0,2,2
483030003,1,1,2
483030004,51,120,171
483030005,91,138,229
483030006,1,4,5
483030007,8,5,13
483030009,0,1,1
483030012,0,1,1
483030014,2,0,2
483030015,5,9,14
483030016,56,165,221
483030017,26,42,68
483030018,6,17,23
483030019,26,32,58
483030020,3,4,7
483030021,13,17,30
483030022,8,4,12
483030023,2,8,10
483030024,1,0,1
483030025,1,0,1
483030101,2,0,2
483030102,1,1,2
483030103,3,1,4
483030104,64,62,126
483030105,67,91,158
483030106,2,0,2
483030107,2,8,10
483059504,3,1,4
483079503,5,1,6
483079504,2,0,2
483090001,1,1,2
483090002,0,1,1
483090003,2,1,3
483090004,0,1,1
483090005,1,0,1
483090007,1,2,3
483090009,8,21,29
483090010,31,3,34
483090013,1,0,1
483090015,1,0,1
483090016,5,0,5
483090020,3,0,3
483090021,1,1,2
483090022,6,8,14
483090023,2,3,5
483090024,6,2,8
483090025,78,137,215
483090026,12,14,26
483090027,5,12,17
483090028,4,16,20
483090029,3,5,8
483090030,5,6,11
483090032,1,0,1
483090034,0,1,1
483090035,1,0,1
483090036,1,0,1
483090037,46,23,69
483090038,5,9,14
483090039,18,25,43
483090040,8,9,17
483090041,7,4,11
483090042,6,3,9
483099902,0,1,1
483119501,0,1,1
483139802,1,0,1
483139803,2,0,2
483139804,1,0,1
483159501,0,1,1
483159502,0,1,1
483159503,0,1,1
483159504,2,1,3
483159505,1,0,1
483170101,4,0,4
483199502,0,1,1
483217301,1,1,2
483217302,13,6,19
483217303,9,5,14
483217305,0,1,1
483217306,2,0,2
483217307,1,0,1
483239502,0,4,4
483239503,8,0,8
483239504,2,0,2
483239505,10,5,15
483239506,4,4,8
483251820,0,1,1
483259803,1,0,1
483259901,5,7,12
483259902,1,0,1
483259903,4,2,6
483259904,0,2,2
483259905,5,0,5
483279501,2,1,3
483290001,1,0,1
483290002,6,12,18
483290003,19,27,46
483290004,2,3,5
483290005,12,32,44
483290006,2,3,5
483290009,1,3,4
483290011,11,13,24
483290012,1,0,1
483290015,2,0,2
483290030,2,1,3
483290101,53,74,127
483319504,5,1,6
483319507,3,5,8
483339501,2,1,3
483339502,4,0,4
483359502,3,1,4
483379501,1,0,1
483379502,1,0,1
483379503,3,0,3
483379505,6,1,7
483379506,0,1,1
483392512,4,1,5
483392513,2,0,2
483396901,0,1,1
483396902,6,6,12
483396903,3,0,3
483396904,5,13,18
483396905,2,7,9
483396906,61,119,180
483396907,26,27,53
483396908,8,7,15
483396909,10,15,25
483396910,10,19,29
483396911,4,5,9
483396912,29,35,64
483396913,17,21,38
483396914,12,25,37
483396915,2,9,11
483396916,9,19,28
483396917,31,48,79
483396918,7,2,9
483396919,4,1,5
483396920,12,10,22
483396921,7,5,12
483396923,18,16,34
483396924,10,16,26
483396925,1,1,2
483396930,0,2,2
483396931,1,0,1
483396932,9,12,21
483396933,45,51,96
483396934,2,0,2
483396935,17,3,20
483396936,6,7,13
483396937,12,10,22
483396938,1,0,1
483396939,2,0,2
483396941,1,0,1
483396942,6,7,13
483396943,18,27,45
483396944,7,1,8
483396945,1,2,3
483396946,1,2,3
483396947,0,3,3
483419501,1,0,1
483419502,1,0,1
483419503,6,5,11
483419504,1,0,1
483439501,3,0,3
483439502,0,1,1
483439503,1,0,1
483459501,1,0,1
483479503,6,5,11
483479504,3,9,12
483479505,30,48,78
483479506,4,0,4
483479507,1,0,1
483479509,1,1,2
483479510,17,17,34
483499702,4,3,7
483499703,16,20,36
483499705,6,2,8
483499706,1,1,2
483499707,0,1,1
483499708,2,2,4
483499709,1,0,1
483499710,0,1,1
483519501,2,0,2
483519502,4,2,6
483539502,1,1,2
483539504,10,3,13
483539505,2,0,2
483550001,1,3,4
483550003,5,7,12
483550004,1,0,1
483550006,1,0,1
483550010,46,32,78
483550012,18,76,94
483550013,6,6,12
483550014,15,41,56
483550017,3,1,4
483550018,1,0,1
483550019,3,2,5
483550020,0,1,1
483550021,83,99,182
483550022,1,1,2
483550023,6,5,11
483550024,13,8,21
483550025,9,32,41
483550026,3,5,8
483550027,25,41,66
483550029,6,11,17
483550030,7,4,11
483550031,5,9,14
483550032,34,23,57
483550033,50,51,101
483550034,1,24,25
483550036,2,2,4
483550037,3,1,4
483550050,2,0,2
483550051,24,37,61
483550054,76,80,156
483550056,3,0,3
483550058,17,5,22
483550061,0,1,1
483559501,0,1,1
483579501,1,0,1
483579503,4,0,4
483579504,0,1,1
483599501,0,1,1
483610202,1,0,1
483610205,1,1,2
483610207,6,0,6
483610208,9,7,16
483610209,5,0,5
483610212,1,1,2
483610213,2,3,5
483610215,0,1,1
483610216,0,1,1
483610217,1,0,1
483610219,1,1,2
483610220,1,0,1
483610223,3,3,6
483610224,0,2,2
483639801,2,1,3
483639803,1,0,1
483639804,12,5,17
483639806,0,1,1
483639807,1,0,1
483639808,1,1,2
483639809,3,3,6
483659504,10,1,11
483659505,1,0,1
483671108,0,1,1
483671301,2,3,5
483671401,5,2,7
483671402,19,18,37
483671403,1,0,1
483671404,15,8,23
483671405,3,4,7
483671406,9,7,16
483671407,35,41,76
483699502,5,0,5
483699503,0,1,1
483719501,2,0,2
483719503,1,1,2
483719504,3,1,4
483719505,1,0,1
483732101,19,19,38
483732102,8,7,15
483732103,4,2,6
483732105,5,3,8
483750101,6,2,8
483750102,2,5,7
483750104,3,8,11
483750107,1,0,1
483750115,5,5,10
483750116,1,5,6
483750117,139,97,236
483750118,11,6,17
483750120,1,2,3
483750128,3,0,3
483750132,8,31,39
483750133,31,77,108
483750134,0,1,1
483750143,5,11,16
483750146,3,5,8
483750147,4,2,6
483750148,2,0,2
483750150,0,1,1
483779501,2,0,2
483779502,1,1,2
483799501,0,1,1
483799502,2,0,2
483799607,1,0,1
483810133,5,3,8
483810201,2,0,2
483810202,4,0,4
483810204,4,9,13
483810210,1,1,2
483810211,8,4,12
483810212,3,0,3
483810213,2,4,6
483810215,2,1,3
483810216,79,104,183
483810217,9,9,18
483810218,6,2,8
483810219,3,5,8
483810220,1,2,3
483839501,2,0,2
483859501,1,1,2
483879503,0,1,1
483879505,3,3,6
483879506,2,0,2
483899504,3,2,5
483919502,1,0,1
483959603,1,0,1
483959604,1,0,1
483959605,3,1,4
483970401,18,13,31
483970402,1,3,4
483970403,20,21,41
483970404,2,6,8
483970405,50,61,111
483970502,3,1,4
483999501,1,0,1
483999502,3,1,4
483999505,0,2,2
483999506,4,1,5
484010105,1,0,1
484010107,3,0,3
484019501,1,0,1
484019502,0,1,1
484019504,2,0,2
484019505,3,6,9
484019507,8,5,13
484019508,1,0,1
484019509,9,3,12
484019511,0,1,1
484019512,0,1,1
484039501,0,1,1
484039502,1,0,1
484039503,1,3,4
484059502,3,1,4
484059503,0,2,2
484072002,2,2,4
484072003,1,0,1
484090102,6,1,7
484090103,4,1,5
484090106,12,12,24
484090107,4,0,4
484090108,1,0,1
484090109,1,0,1
484090110,4,0,4
484090113,0,1,1
484119501,2,0,2
484119502,1,1,2
484139501,3,0,3
484159501,1,0,1
484159502,1,0,1
484159503,8,1,9
484179503,3,0,3
484199504,10,1,11
484199506,0,1,1
484219502,1,0,1
484230001,0,2,2
484230004,3,1,4
484230005,4,4,8
484230006,3,6,9
484230008,17,22,39
484230009,57,155,212
484230010,9,19,28
484230011,25,85,110
484230012,4,17,21
484230013,4,2,6
484230014,16,14,30
484230015,1,2,3
484230016,4,11,15
484230017,19,21,40
484230018,28,33,61
484230019,54,103,157
484230020,69,65,134
484230021,2,8,10
484230022,10,5,15
484259901,6,2,8
484259902,2,1,3
484279501,6,1,7
484279502,1,1,2
484279505,1,1,2
484279506,8,3,11
484299502,2,0,2
484299503,2,0,2
484299504,0,1,1
484359502,3,1,4
484379503,5,0,5
484390164,0,1,1
484390203,0,1,1
484391001,0,3,3
484391002,1,0,1
484391003,1,1,2
484391004,1,0,1
484391005,0,1,1
484391006,3,3,6
484391010,0,2,2
484391011,1,0,1
484391012,2,6,8
484391013,2,0,2
484391014,2,1,3
484391015,1,1,2
484391018,6,27,33
484391019,13,31,44
484391020,1,7,8
484391021,33,51,84
484391022,16,38,54
484391023,5,3,8
484391024,18,28,46
484391025,0,1,1
484391026,3,11,14
484391027,22,20,42
484391028,40,98,138
484391029,51,189,240
484391030,31,70,101
484391031,4,3,7
484391033,1,0,1
484391034,5,1,6
484391035,1,0,1
484391036,0,1,1
484391037,1,0,1
484391039,1,3,4
484391040,55,73,128
484391041,5,9,14
484391042,13,24,37
484391043,6,10,16
484391044,11,8,19
484391045,5,2,7
484391046,1,1,2
484391047,13,4,17
484391048,2,1,3
484391049,0,1,1
484391050,7,4,11
484391051,9,18,27
484391052,1,1,2
484391053,13,8,21
484391054,61,148,209
484391055,117,170,287
484391056,2,1,3
484391057,5,4,9
484391059,2,0,2
484391060,4,1,5
484391063,1,1,2
484391064,1,0,1
484391065,18,24,42
484391067,0,1,1
484391101,8,2,10
484391102,3,0,3
484391103,3,1,4
484391104,6,3,9
484391105,1,0,1
484391106,5,17,22
484391107,2,2,4
484391108,12,24,36
484391109,21,27,48
484391110,25,33,58
484391111,1,0,1
484391112,7,19,26
484391113,42,46,88
484391114,21,20,41
484391115,158,187,345
484391130,14,9,23
484391131,43,62,105
484391132,51,58,109
484391133,1,1,2
484391134,4,14,18
484391135,52,90,142
484391136,151,249,400
484391137,58,73,131
484391138,27,36,63
484391139,171,255,426
484391140,14,4,18
484391141,11,20,31
484391142,10,9,19
484391216,56,114,170
484391217,31,40,71
484391219,5,0,5
484391221,0,1,1
484391223,4,1,5
484391224,3,2,5
484391225,11,2,13
484391226,1,2,3
484391227,5,2,7
484391228,1,0,1
484391229,4,1,5
484391404,1,4,5
484391407,0,2,2
484410101,1,3,4
484410102,34,28,62
484410106,1,1,2
484410107,0,1,1
484410108,1,18,19
484410109,1,0,1
484410110,3,18,21
484410113,2,0,2
484410114,2,4,6
484410115,2,10,12
484410116,2,2,4
484410117,1,0,1
484410120,2,12,14
484410121,0,1,1
484410122,1,1,2
484410123,6,10,16
484410124,0,2,2
484410125,1,2,3
484410126,7,12,19
484410127,29,41,70
484410128,1,6,7
484410129,2,0,2
484410130,2,2,4
484410131,0,1,1
484410133,1,3,4
484410134,26,31,57
484410135,8,9,17
484410136,2,0,2
484439501,1,0,1
484459504,8,2,10
484479503,1,1,2
484499502,0,1,1
484499503,6,10,16
484499504,0,1,1
484499505,4,2,6
484499506,15,9,24
484499507,1,3,4
484499508,1,1,2
484510001,0,1,1
484510003,1,1,2
484510005,3,0,3
484510006,27,43,70
484510007,1,0,1
484510008,0,1,1
484510009,1,4,5
484510010,8,12,20
484510011,6,13,19
484510013,31,39,70
484510014,3,1,4
484510015,3,1,4
484510016,0,3,3
484510017,27,49,76
484530001,32,87,119
484530002,105,271,376
484530003,37,77,114
484530004,45,65,110
484530005,1,8,9
484530006,8,8,16
484530007,71,34,105
484530008,5,2,7
484530009,12,2,14
484530010,1,0,1
484530011,19,49,68
484530012,4,15,19
484530013,24,38,62
484530014,8,17,25
484530015,14,20,34
484530016,57,116,173
484530017,500,715,1215
484530018,126,155,281
484530019,148,375,523
484530020,31,61,92
484530021,13,14,27
484530022,3,4,7
484530023,17,8,25
484530024,26,29,55
484530108,1,0,1
484530203,2,9,11
484530204,1,0,1
484530205,0,2,2
484539501,0,1,1
484559504,3,0,3
484559505,1,0,1
484579502,7,3,10
484579503,2,1,3
484579504,1,0,1
484579505,0,1,1
484599501,2,0,2
484599503,2,0,2
484599504,8,4,12
484599505,0,1,1
484599506,1,0,1
484599507,1,1,2
484619501,1,1,2
484639501,0,1,1
484639502,6,1,7
484639503,4,0,4
484639504,2,6,8
484639505,7,1,8
484659502,14,9,23
484659503,1,0,1
484659504,5,3,8
484659505,0,4,4
484659507,6,4,10
484679502,5,2,7
484679504,0,1,1
484679505,1,1,2
484679506,2,2,4
484679507,3,0,3
484679509,1,2,3
484679510,0,2,2
484690001,2,1,3
484690004,2,5,7
484690005,9,16,25
484690006,25,48,73
484690008,1,0,1
484690013,1,1,2
484690014,1,2,3
484690015,34,39,73
484690016,18,25,43
484717901,3,1,4
484717902,1,3,4
484717903,14,7,21
484717904,0,1,1
484717905,7,5,12
484717906,2,0,2
484717907,6,4,10
484717908,11,10,21
484735427,1,0,1
484736801,3,0,3
484736803,5,2,7
484736805,1,0,1
484759502,2,0,2
484759503,1,0,1
484771701,8,4,12
484771702,5,0,5
484771703,1,3,4
484771704,9,10,19
484771705,6,5,11
484771706,3,2,5
484790001,8,3,11
484790002,2,2,4
484790005,0,1,1
484790008,1,2,3
484790009,6,6,12
484790010,5,2,7
484790011,3,1,4
484790014,0,3,3
484790015,1,1,2
484790016,23,30,53
484790017,74,89,163
484790018,4,1,5
484817401,2,0,2
484817402,14,15,29
484817404,5,4,9
484817405,0,1,1
484817406,0,1,1
484817407,0,1,1
484817408,2,0,2
484817409,7,6,13
484817411,1,1,2
484839501,2,1,3
484839503,2,1,3
484850101,9,19,28
484850102,19,21,40
484850104,1,1,2
484850106,1,0,1
484850107,3,10,13
484850109,1,2,3
484850110,1,17,18
484850115,10,12,22
484850116,3,2,5
484850117,3,1,4
484850118,3,1,4
484850119,23,23,46
484850120,16,16,32
484850121,11,5,16
484850122,6,7,13
484850123,3,4,7
484850124,14,15,29
484850126,12,5,17
484850128,10,21,31
484850129,1,0,1
484850131,2,0,2
484850132,1,0,1
484850133,0,3,3
484850134,4,6,10
484850135,4,1,5
484850136,1,0,1
484850137,4,0,4
484879505,6,6,12
484879506,3,2,5
484879507,1,1,2
484899503,3,0,3
484899504,4,0,4
484910017,2,3,5
484910201,76,114,190
484910202,8,15,23
484910203,51,37,88
484910204,29,15,44
484910205,90,78,168
484910206,36,31,67
484910207,14,11,25
484910208,20,17,37
484910209,1,1,2
484910212,12,3,15
484910213,3,1,4
484910214,24,16,40
484910215,21,29,50
484910216,1,0,1
484931419,1,0,1
484939801,2,3,5
484939802,4,0,4
484939803,2,0,2
484939804,10,4,14
484939805,0,2,2
484959502,2,0,2
484959503,1,1,2
484971501,4,8,12
484971502,19,8,27
484971504,2,6,8
484971505,6,1,7
484971506,5,1,6
484999501,0,1,1
484999502,10,4,14
484999503,3,1,4
484999504,1,0,1
484999505,8,0,8
484999506,3,1,4
484999507,1,2,3
484999508,4,1,5
485019502,8,0,8
485039502,2,1,3
485039504,0,1,1
485039505,1,1,2
485039506,9,1,10
485059501,1,1,2
485059503,1,0,1
485079501,1,0,1
485079502,1,0,1
485079503,2,0,2
490011001,6,1,7
490011002,1,0,1
490039602,1,0,1
490039603,6,1,7
490039605,5,2,7
490039606,3,0,3
490039607,11,7,18
490039608,3,4,7
490050001,3,0,3
490050002,3,4,7
490050003,1,2,3
490050004,19,32,51
490050005,1,3,4
490050006,26,33,59
490050007,10,12,22
490050008,7,6,13
490050011,11,18,29
490050012,6,4,10
490050013,0,1,1
490050014,2,0,2
490050015,1,0,1
490050016,0,1,1
490070001,1,1,2
490070002,1,1,2
490070003,3,3,6
490070004,2,1,3
490070005,7,6,13
490111251,22,25,47
490111252,3,6,9
490111253,0,2,2
490111254,12,2,14
490111255,3,0,3
490111258,53,44,97
490111259,12,17,29
490111260,2,3,5
490111261,24,33,57
490111262,9,30,39
490111263,13,19,32
490111264,16,64,80
490111265,24,27,51
490111266,2,1,3
490111267,14,8,22
490111268,7,12,19
490111269,12,26,38
490111270,5,12,17
490112112,0,1,1
490139404,1,0,1
490139405,13,12,25
490159763,1,0,1
490170003,2,1,3
490190001,6,4,10
490190002,7,3,10
490199781,1,0,1
490211101,1,2,3
490211104,2,0,2
490211105,14,14,28
490211106,2,1,3
490211107,8,11,19
490230101,8,0,8
490230102,0,1,1
490251302,5,2,7
490279741,4,0,4
490279743,4,0,4
490299701,7,5,12
490299702,3,4,7
490319801,0,1,1
490339501,0,1,1
490350102,3,1,4
490351001,3,1,4
490351002,15,24,39
490351003,5,5,10
490351005,5,1,6
490351007,4,3,7
490351008,2,5,7
490351009,22,63,85
490351010,30,90,120
490351011,24,25,49
490351012,9,34,43
490351013,13,22,35
490351014,122,526,648
490351015,29,42,71
490351016,14,12,26
490351017,25,50,75
490351018,6,13,19
490351019,18,9,27
490351020,10,3,13
490351021,15,18,33
490351022,3,7,10
490351023,2,3,5
490351025,3,44,47
490351026,1,0,1
490351027,1,2,3
490351028,4,0,4
490351029,2,4,6
490351030,4,5,9
490351031,6,9,15
490351032,10,12,22
490351033,23,27,50
490351034,12,16,28
490351035,13,40,53
490351036,14,27,41
490351037,22,29,51
490351038,13,6,19
490351039,9,21,30
490351040,10,24,34
490351041,21,36,57
490351042,61,140,201
490351043,12,18,30
490351044,7,16,23
490351045,4,7,11
490351046,6,4,10
490351047,11,17,28
490351048,11,13,24
490351049,6,4,10
490351101,57,154,211
490351102,9,20,29
490351103,8,16,24
490351104,13,32,45
490351105,7,12,19
490351106,13,17,30
490351107,17,33,50
490351108,23,26,49
490351109,12,30,42
490351110,37,80,117
490351111,18,49,67
490351112,9,14,23
490351113,31,49,80
490351114,1,3,4
490351115,2,0,2
490351116,3,2,5
490351117,4,9,13
490351118,12,37,49
490351119,52,133,185
490351120,11,22,33
490351121,20,67,87
490351122,3,19,22
490351123,30,64,94
490351125,13,13,26
490351126,88,121,209
490351127,2,1,3
490351128,61,108,169
490351129,28,11,39
490351130,42,41,83
490351131,31,26,57
490351133,2,7,9
490351134,9,17,26
490351135,36,22,58
490351138,1,0,1
490351139,2,5,7
490379420,1,0,1
490379781,2,0,2
490379782,4,1,5
490399721,7,1,8
490399722,1,1,2
490399723,8,2,10
490399724,4,1,5
490399725,2,2,4
490419752,2,0,2
490419753,3,0,3
490419754,6,1,7
490419755,0,2,2
490439941,1,2,3
490439942,4,0,4
490439943,49,113,162
490439944,17,29,46
490451306,0,1,1
490451307,21,11,32
490451308,0,1,1
490451309,0,1,1
490451310,1,5,6
490451311,0,3,3
490451312,3,0,3
490479402,1,0,1
490479882,2,1,3
490479883,7,1,8
490479884,9,8,17
490490001,3,4,7
490490002,7,12,19
490490004,0,2,2
490490005,13,5,18
490490006,9,13,22
490490007,22,38,60
490490008,13,8,21
490490009,5,12,17
490490010,11,1,12
490490011,7,8,15
490490012,6,4,10
490490013,1,2,3
490490014,15,30,45
490490015,23,45,68
490490016,10,3,13
490490017,10,11,21
490490018,1,2,3
490490019,32,44,76
490490020,9,26,35
490490021,4,9,13
490490022,1,1,2
490490024,1,7,8
490490025,2,0,2
490490026,1,3,4
490490027,0,2,2
490490028,1,0,1
490490029,7,1,8
490490030,6,0,6
490490031,12,16,28
490490032,5,4,9
490490033,9,0,9
490490034,5,2,7
490490101,4,8,12
490490102,67,81,148
490490103,7,10,17
490490104,24,22,46
490490105,2,3,5
490519922,3,13,16
490519924,12,4,16
490532701,1,3,4
490532703,3,5,8
490532704,9,11,20
490532705,5,10,15
490532706,7,9,16
490532707,5,11,16
490532708,8,11,19
490532709,5,2,7
490532711,0,3,3
490532712,20,27,47
490532713,16,22,38
490532714,2,3,5
490532715,3,11,14
490532716,8,19,27
490532717,12,31,43
490532718,10,19,29
490559791,1,2,3
490572001,1,0,1
490572002,2,0,2
490572004,0,3,3
490572005,4,1,5
490572007,1,0,1
490572008,2,2,4
490572009,1,1,2
490572011,0,1,1
490572014,4,4,8
490572015,10,14,24
490572016,1,11,12
490572019,1,1,2
490572020,53,92,145
490572101,6,18,24
490572102,9,5,14
490572103,8,3,11
490572104,2,6,8
490572105,7,3,10
490572107,8,0,8
490572108,0,1,1
490572109,18,23,41
490572111,16,26,42
490572112,20,39,59
500019601,2,3,5
500019602,3,1,4
500019603,5,0,5
500019604,7,5,12
500019605,5,0,5
500019606,1,1,2
500019607,11,15,26
500019608,22,17,39
500019609,4,6,10
500019610,1,0,1
500039702,2,4,6
500039704,11,11,22
500039705,1,1,2
500039706,4,1,5
500039707,3,2,5
500039708,5,9,14
500039709,1,1,2
500039710,4,11,15
500039711,19,43,62
500039712,12,11,23
500039713,1,1,2
500059570,0,1,1
500059571,2,3,5
500059572,2,0,2
500059574,7,4,11
500059575,12,11,23
500059576,8,2,10
500059577,5,0,5
500059578,0,4,4
500059579,2,3,5
500059590,2,0,2
500070001,5,5,10
500070002,10,15,25
500070003,4,3,7
500070004,6,5,11
500070005,5,9,14
500070006,18,24,42
500070007,104,358,462
500070008,3,14,17
500070009,6,17,23
500070010,8,21,29
500070011,8,8,16
500070021,14,4,18
500070022,11,20,31
500070023,9,21,30
500070024,3,2,5
500070025,12,14,26
500070026,27,20,47
500070027,16,25,41
500070028,13,10,23
500070029,5,3,8
500070030,6,2,8
500070031,31,46,77
500070032,51,54,105
500070033,30,71,101
500070034,34,57,91
500070035,21,40,61
500070109,4,1,5
500070110,2,1,3
500079531,3,1,4
500079601,1,1,2
500099501,0,1,1
500099502,1,0,1
500099503,1,0,1
500099504,1,0,1
500110102,1,2,3
500110103,1,3,4
500110104,2,2,4
500110105,5,1,6
500110106,15,7,22
500110107,4,8,12
500110108,7,12,19
500110109,1,0,1
500130201,1,7,8
500130202,3,8,11
500159530,1,0,1
500159531,3,0,3
500159532,3,1,4
500159533,1,0,1
500159534,3,3,6
500159535,8,16,24
500159536,13,14,27
500179590,3,1,4
500179591,5,0,5
500179592,1,2,3
500179593,1,2,3
500179594,14,14,28
500179595,10,5,15
500179596,7,6,13
500179597,2,2,4
500179598,2,2,4
500179650,0,1,1
500199511,4,3,7
500199512,2,5,7
500199513,1,2,3
500199514,3,0,3
500199515,11,13,24
500199516,2,1,3
500199517,4,3,7
500199518,4,2,6
500199519,1,1,2
500199520,1,4,5
500219621,2,2,4
500219622,6,1,7
500219623,0,3,3
500219624,2,2,4
500219625,1,1,2
500219627,6,14,20
500219628,7,7,14
500219630,11,10,21
500219631,7,8,15
500219632,0,1,1
500219633,25,54,79
500219634,2,1,3
500219635,3,1,4
500219636,7,0,7
500219637,2,1,3
500219638,1,1,2
500219640,2,1,3
500219643,4,2,6
500239540,7,1,8
500239541,3,1,4
500239542,2,3,5
500239543,13,21,34
500239544,0,5,5
500239545,17,21,38
500239546,18,15,33
500239547,6,7,13
500239548,2,8,10
500239549,0,4,4
500239550,7,2,9
500239551,6,10,16
500239553,0,4,4
500239555,2,2,4
500239556,1,3,4
500239557,0,2,2
500239558,1,2,3
500259670,5,2,7
500259671,2,0,2
500259672,10,5,15
500259673,3,2,5
500259674,0,1,1
500259676,1,4,5
500259677,4,1,5
500259678,0,3,3
500259679,0,1,1
500259680,5,1,6
500259681,1,1,2
500259682,1,3,4
500259683,2,2,4
500259684,3,8,11
500259685,21,24,45
500259686,5,24,29
500259687,2,4,6
500279650,26,56,82
500279651,1,0,1
500279652,3,1,4
500279653,2,1,3
500279654,6,8,14
500279655,14,31,45
500279656,8,26,34
500279657,3,7,10
500279658,6,13,19
500279659,6,2,8
500279660,6,11,17
500279661,4,1,5
500279662,2,1,3
500279663,2,2,4
500279665,7,2,9
500279666,10,13,23
500279667,6,4,10
500279671,1,0,1
510019901,3,2,5
510019902,3,1,4
510019904,1,4,5
510019906,6,2,8
510019907,4,5,9
510019908,1,1,2
510030002,7,4,11
510030005,0,2,2
510030006,4,5,9
510030007,1,0,1
510030009,0,1,1
510030101,17,30,47
510030102,18,45,63
510030103,25,40,65
510030104,16,55,71
510030105,30,80,110
510030106,44,55,99
510030107,18,26,44
510030108,10,45,55
510030109,13,8,21
510030110,52,114,166
510030111,25,43,68
510030112,25,70,95
510030113,62,89,151
510030114,6,6,12
510030203,0,1,1
510039501,0,1,1
510050701,16,7,23
510050801,5,10,15
510050802,3,4,7
510050803,1,0,1
510079901,1,0,1
510079902,2,1,3
510090101,3,1,4
510090102,5,2,7
510090104,4,1,5
510110401,4,0,4
510131001,9,14,23
510131002,15,18,33
510131003,13,20,33
510131004,6,9,15
510131005,8,15,23
510131006,4,9,13
510131007,12,13,25
510131008,2,1,3
510131009,44,87,131
510131010,4,2,6
510131011,8,14,22
510131012,6,4,10
510131013,7,17,24
510131014,47,38,85
510131015,11,28,39
510131016,9,39,48
510131017,19,35,54
510131018,23,48,71
510131019,7,18,25
510131020,6,7,13
510131021,10,19,29
510131022,1,2,3
510131023,8,5,13
510131024,2,4,6
510131025,8,6,14
510131026,1,6,7
510131027,2,4,6
510131028,8,5,13
510131029,9,12,21
510131030,4,6,10
510131031,4,4,8
510131032,9,11,20
510131033,0,2,2
510131034,7,11,18
510131035,16,36,52
510131036,6,7,13
510131037,7,5,12
510131038,6,12,18
510134709,0,1,1
510150004,2,0,2
510150033,0,1,1
510150034,1,2,3
510150035,3,0,3
510150702,1,3,4
510150703,3,4,7
510150704,5,2,7
510150705,2,5,7
510150706,31,53,84
510150707,4,5,9
510150708,1,3,4
510150709,7,5,12
510150710,1,0,1
510150711,6,0,6
510150712,2,10,12
510170802,4,2,6
510179801,1,2,3
510190002,1,4,5
510190018,0,1,1
510190201,0,2,2
510190301,19,22,41
510190302,14,5,19
510190303,2,1,3
510190304,1,5,6
510190305,10,6,16
510190306,2,5,7
510190501,2,0,2
510219901,1,0,1
510219902,0,1,1
510219907,1,0,1
510230302,0,2,2
510230401,0,1,1
510230402,1,1,2
510230403,18,21,39
510230404,4,4,8
510230405,7,3,10
510259901,1,1,2
510259902,4,0,4
510259903,1,0,1
510279901,11,8,19
510279903,1,0,1
510279906,2,1,3
510279907,1,0,1
510299901,4,1,5
510299902,2,0,2
510310201,3,1,4
510310202,1,1,2
510310203,1,1,2
510310204,11,3,14
510310206,0,1,1
510310207,4,1,5
510310208,1,0,1
510310209,4,0,4
510339902,4,2,6
510339903,2,0,2
510339905,3,3,6
510339906,1,0,1
510359901,5,2,7
510359902,1,2,3
510359903,3,0,3
510359904,1,0,1
510359905,3,1,4
510366002,0,1,1
510366003,4,0,4
510379901,5,1,6
510410701,0,2,2
510411001,6,35,41
510411002,34,29,63
510411004,35,47,82
510411005,33,21,54
510411006,2,0,2
510411007,4,11,15
510411008,47,54,101
510411009,229,336,565
510411010,54,57,111
510430101,7,9,16
510430102,2,5,7
510430103,0,1,1
510450301,0,1,1
510450501,1,1,2
510479901,2,4,6
510479902,10,16,26
510479903,3,1,4
510479904,0,1,1
510479905,10,11,21
510499901,1,4,5
510499902,5,1,6
510519901,0,1,1
510519902,1,0,1
510519903,6,3,9
510538401,2,0,2
510538402,3,0,3
510538405,2,0,2
510538406,2,0,2
510538505,1,0,1
510579506,3,7,10
510579507,4,10,14
510579508,0,1,1
510592001,0,1,1
510592002,1,2,3
510593003,0,2,2
510593005,0,1,1
510594151,3,10,13
510594152,10,7,17
510594153,2,2,4
510594154,11,20,31
510594155,21,39,60
510594156,14,12,26
510594157,2,11,13
510594158,6,11,17
510594159,8,7,15
510594160,5,6,11
510594161,7,15,22
510594162,11,15,26
510594163,4,4,8
510594201,3,5,8
510594202,11,12,23
510594203,7,2,9
510594204,1,2,3
510594205,5,14,19
510594206,4,2,6
510594207,4,6,10
510594208,2,2,4
510594210,34,36,70
510594211,12,14,26
510594212,2,1,3
510594213,2,2,4
510594214,0,1,1
510594215,0,3,3
510594216,1,0,1
510594217,0,1,1
510594218,1,4,5
510594219,2,6,8
510594220,2,4,6
510594221,20,12,32
510594222,14,5,19
510594223,12,8,20
510594224,17,17,34
510594301,5,7,12
510594302,8,10,18
510594304,3,15,18
510594305,0,2,2
510594306,11,5,16
510594308,10,9,19
510594309,8,6,14
510594310,5,3,8
510594313,3,3,6
510594314,2,5,7
510594315,1,11,12
510594316,11,15,26
510594318,20,12,32
510594319,1,5,6
510594320,4,6,10
510594321,3,3,6
510594322,11,8,19
510594323,6,6,12
510594324,7,5,12
510594325,3,3,6
510594326,7,1,8
510594327,2,4,6
510594328,0,1,1
510594401,21,31,52
510594402,110,252,362
510594403,12,54,66
510594405,8,6,14
510594406,3,3,6
510594407,13,12,25
510594408,9,11,20
510594501,2,5,7
510594502,4,0,4
510594503,12,7,19
510594504,24,16,40
510594505,3,0,3
510594506,8,2,10
510594507,4,8,12
510594508,3,8,11
510594509,1,2,3
510594510,4,1,5
510594511,8,6,14
510594512,5,9,14
510594513,11,17,28
510594514,9,6,15
510594515,11,12,23
510594516,5,7,12
510594518,4,7,11
510594519,5,8,13
510594520,10,8,18
510594521,19,11,30
510594522,15,10,25
510594523,2,1,3
510594524,7,10,17
510594525,8,7,15
510594526,1,4,5
510594527,3,13,16
510594528,16,21,37
510594601,13,21,34
510594602,10,24,34
510594603,7,4,11
510594604,13,23,36
510594605,38,78,116
510594606,3,5,8
510594607,15,13,28
510594608,7,7,14
510594609,4,9,13
510594610,9,7,16
510594611,11,20,31
510594612,11,41,52
510594615,12,20,32
510594616,19,49,68
510594617,13,12,25
510594618,6,8,14
510594619,4,1,5
510594701,13,40,53
510594703,19,32,51
510594704,15,47,62
510594705,30,89,119
510594706,14,26,40
510594707,28,47,75
510594708,9,5,14
510594709,16,30,46
510594710,3,3,6
510594711,6,8,14
510594712,9,13,22
510594713,8,34,42
510594714,4,5,9
510594801,16,36,52
510594802,39,115,154
510594803,44,94,138
510594804,32,81,113
510594805,26,23,49
510594808,9,21,30
510594809,11,8,19
510594810,0,1,1
510594811,26,22,48
510594812,6,7,13
510594814,6,6,12
510594815,4,3,7
510594816,4,13,17
510594817,17,26,43
510594819,12,29,41
510594820,9,28,37
510594821,1,1,2
510594822,75,77,152
510594823,11,15,26
510594824,15,14,29
510594825,23,26,49
510594826,82,69,151
510594901,8,11,19
510594905,15,15,30
510594910,3,5,8
510594911,7,9,16
510594912,12,7,19
510594913,7,7,14
510594914,28,12,40
510594915,12,10,22
510594916,3,0,3
510594917,43,35,78
510594918,12,12,24
510594919,4,18,22
510594920,12,17,29
510594921,21,29,50
510594922,45,39,84
510594923,1,1,2
510594924,4,3,7
510619011,1,0,1
510619014,1,0,1
510619901,2,12,14
510619902,4,11,15
510619903,23,33,56
510619904,15,19,34
510619907,2,1,3
510639901,6,5,11
510639902,2,1,3
510650201,18,15,33
510650202,5,1,6
510650203,2,0,2
510670201,3,17,20
510670202,2,1,3
510670203,10,4,14
510670204,3,6,9
510670205,5,3,8
510670206,1,0,1
510670207,2,0,2
510670208,15,2,17
510670209,0,2,2
510670301,1,0,1
510670305,1,3,4
510690002,0,4,4
510690003,2,1,3
510690501,0,2,2
510690502,10,18,28
510690503,3,5,8
510690504,3,2,5
510690505,3,14,17
510690506,6,19,25
510690507,2,1,3
510690508,4,5,9
510690509,6,6,12
510690510,3,6,9
510690511,7,14,21
510719901,3,2,5
510719902,2,3,5
510719903,3,0,3
510719904,9,1,10
510731001,1,0,1
510731002,23,28,51
510731003,3,2,5
510731004,5,3,8
510731005,1,3,4
510739513,0,2,2
510754001,11,53,64
510754002,7,16,23
510754003,0,1,1
510754004,6,3,9
510754005,0,1,1
510759505,0,1,1
510759901,0,1,1
510779901,3,0,3
510779902,7,3,10
510779903,1,0,1
510790301,2,2,4
510790302,5,3,8
510818801,1,1,2
510818802,1,0,1
510818902,0,1,1
510839901,1,0,1
510839902,2,2,4
510839904,0,1,1
510839905,0,4,4
510839906,21,31,52
510839908,9,5,14
510853201,10,5,15
510853202,2,5,7
510853203,4,9,13
510853204,1,4,5
510853205,3,2,5
510853206,6,7,13
510853207,2,6,8
510853208,14,14,28
510853209,25,33,58
510853210,17,5,22
510853211,8,11,19
510853212,6,1,7
510853213,8,2,10
510853214,4,6,10
510870502,0,1,1
510870505,2,0,2
510870506,0,1,1
510872001,343,582,925
510872002,25,25,50
510872003,72,158,230
510872004,37,81,118
510872005,68,124,192
510872006,1,0,1
510872007,8,12,20
510872008,5,6,11
510872009,21,27,48
510872010,3,2,5
510872011,1,1,2
510872012,4,2,6
510872013,1,3,4
510872014,6,3,9
510872015,8,1,9
510872016,2,2,4
510890101,1,0,1
510890102,6,1,7
510890103,5,5,10
510890104,2,0,2
510890105,2,3,5
510890106,2,0,2
510890111,1,0,1
510919701,2,3,5
510930753,0,1,1
510932801,20,35,55
510932802,3,3,6
510932803,2,0,2
510950508,3,3,6
510950801,22,55,77
510950802,61,115,176
510950803,29,38,67
510950804,11,11,22
510953701,3,3,6
510956003,0,1,1
510979504,2,2,4
510979505,1,1,2
510999901,3,2,5
510999902,0,2,2
510999903,2,0,2
510999904,0,1,1
510999905,1,0,1
511019501,5,1,6
511019502,3,1,4
511019503,2,0,2
511039901,1,3,4
511039902,19,14,33
511039903,10,13,23
511059901,1,0,1
511059902,1,0,1
511059903,10,4,14
511059905,1,1,2
511059906,3,0,3
511059912,2,0,2
511070103,1,0,1
511076101,4,6,10
511076102,8,6,14
511076103,5,22,27
511076104,8,7,15
511076105,34,28,62
511076106,10,18,28
511076107,24,10,34
511076108,4,11,15
511076109,4,6,10
511076110,141,145,286
511076111,6,3,9
511076112,39,33,72
511076113,1,3,4
511076114,1,0,1
511076115,9,16,25
511076116,4,3,7
511076117,3,0,3
511076118,45,47,92
511090104,2,0,2
511094004,1,0,1
511099501,2,3,5
511099502,7,1,8
511099503,3,2,5
511119901,6,0,6
511139901,1,0,1
511139902,9,5,14
511159513,6,4,10
511159514,1,3,4
511179901,2,5,7
511179902,20,16,36
511179903,0,2,2
511179904,4,2,6
511179906,1,0,1
511179908,5,2,7
511199509,3,1,4
511199510,1,0,1
511199511,1,1,2
511199512,6,2,8
511210202,10,16,26
511210203,13,13,26
511210204,4,5,9
511210205,5,9,14
511210206,9,5,14
511210207,8,23,31
511210208,2,4,6
511210209,7,1,8
511210210,6,9,15
511210211,10,8,18
511210212,1,3,4
511210213,7,3,10
511210214,2,0,2
511210215,12,17,29
511210301,1,0,1
511212105,0,1,1
511250112,0,1,1
511259501,1,2,3
511259502,7,9,16
511259503,4,3,7
511273214,0,1,1
511277001,2,6,8
511277002,1,0,1
511277003,5,3,8
511319901,11,20,31
511319902,11,4,15
511319903,3,2,5
511339901,1,1,2
511339902,3,2,5
511339903,12,11,23
511359901,6,2,8
511359902,1,0,1
511359903,8,2,10
511370204,0,1,1
511379503,2,1,3
511379901,9,5,14
511379902,7,1,8
511379903,7,4,11
511390301,0,2,2
511390302,7,4,11
511390303,3,2,5
511390304,2,0,2
511390305,2,0,2
511410301,0,1,1
511410302,2,0,2
511410303,4,4,8
511430101,0,1,1
511430102,2,0,2
511430103,3,0,3
511430109,1,1,2
511430110,6,4,10
511430111,1,1,2
511430112,4,1,5
511430113,1,1,2
511430114,1,0,1
511451009,0,1,1
511455001,12,6,18
511455002,4,4,8
511455003,1,0,1
511455004,3,0,3
511479901,6,2,8
511479902,8,16,24
511479903,2,2,4
511498501,0,1,1
511498502,3,1,4
511498503,5,1,6
511498504,1,0,1
511498505,3,10,13
511539001,5,1,6
511539002,1,2,3
511539003,6,2,8
511539004,32,8,40
511539005,30,54,84
511539006,1,2,3
511539007,6,6,12
511539008,7,2,9
511539009,7,10,17
511539010,18,9,27
511539011,4,2,6
511539012,49,32,81
511539013,4,6,10
511539014,38,50,88
511539015,52,42,94
511539016,1,1,2
511539017,0,6,6
511539019,1,1,2
511539101,1,3,4
511539102,1,0,1
511550101,2,1,3
511550215,0,1,1
511552101,1,2,3
511552102,9,9,18
511552103,7,4,11
511552105,1,3,4
511552106,2,4,6
511552107,9,3,12
511579901,1,0,1
511579902,4,4,8
511599901,0,1,1
511599902,0,1,1
511610015,0,1,1
511610016,1,0,1
511610017,0,1,1
511610021,1,2,3
511610105,1,2,3
511610203,0,1,1
511610214,1,0,1
511610301,1,7,8
511610302,20,10,30
511610303,8,4,12
511610305,9,17,26
511610306,33,67,100
511610307,54,69,123
511610308,43,54,97
511610309,18,46,64
511610310,2,1,3
511610311,4,1,5
511610312,14,11,25
511610405,0,1,1
511639901,8,1,9
511639902,0,3,3
511639903,3,5,8
511639904,2,0,2
511650002,2,6,8
511650004,2,0,2
511650102,1,2,3
511650103,4,3,7
511650104,2,0,2
511650105,0,1,1
511650106,1,0,1
511650107,0,2,2
511650108,4,0,4
511650109,0,1,1
511650110,1,0,1
511650111,1,1,2
511650112,4,2,6
511650114,5,4,9
511650115,6,7,13
511650116,2,1,3
511650117,4,3,7
511650118,27,40,67
511650119,0,7,7
511650120,0,1,1
511679902,3,1,4
511679903,1,0,1
511679904,9,4,13
511679905,2,1,3
511690301,1,3,4
511690302,2,0,2
511690303,1,0,1
511690306,4,2,6
511710203,2,0,2
511710401,4,0,4
511710402,2,4,6
511710403,2,2,4
511710404,3,1,4
511710405,14,10,24
511710406,0,2,2
511710407,2,0,2
511710408,1,0,1
511739901,0,1,1
511739902,2,1,3
511739903,25,26,51
511739904,0,1,1
511739905,3,3,6
511739906,0,2,2
511739907,4,0,4
511750901,0,1,1
511752002,1,0,1
511752004,2,0,2
511752005,3,1,4
511770201,37,45,82
511770202,27,26,53
511770203,20,19,39
511770204,8,25,33
511779901,0,1,1
511790101,10,6,16
511790102,29,12,41
511790103,11,14,25
511790104,13,23,36
511790105,4,8,12
511818601,1,1,2
511818602,1,0,1
511838701,2,0,2
511838703,1,0,1
511859902,4,8,12
511859903,3,0,3
511859904,17,17,34
511859905,7,4,11
511859907,6,1,7
511859908,0,1,1
511859909,3,2,5
511859910,4,7,11
511859911,19,25,44
511870102,1,0,1
511870201,1,0,1
511870202,2,0,2
511870203,2,0,2
511870204,12,7,19
511870205,4,3,7
511870206,4,1,5
511870207,3,0,3
511870508,0,1,1
511879902,0,1,1
511910101,3,6,9
511910102,2,2,4
511910103,1,7,8
511910104,13,12,25
511910105,26,29,55
511910106,3,12,15
511910107,4,0,4
511910108,0,1,1
511910109,1,1,2
511910110,8,11,19
511939901,2,1,3
511939902,2,2,4
511939904,1,1,2
511959907,0,1,1
511959909,10,12,22
511959910,0,1,1
511959911,1,0,1
511959912,10,3,13
511959913,6,3,9
511959914,2,1,3
511959915,1,0,1
511959916,1,1,2
511959917,1,0,1
511979901,4,4,8
511979902,14,19,33
511979903,4,3,7
511979904,3,3,6
511990502,56,54,110
511990503,37,44,81
511990504,15,9,24
511990505,2,2,4
511990507,5,11,16
511990508,8,13,21
515101029,3,1,4
515102001,42,56,98
515102002,37,50,87
515102003,14,26,40
515102004,29,32,61
515102005,1,3,4
515102006,6,9,15
515102007,16,18,34
515102008,8,16,24
515102009,6,17,23
515102010,6,3,9
515102011,4,4,8
515102012,8,5,13
515102013,1,0,1
515102014,4,1,5
515102015,3,2,5
515102016,6,14,20
515102018,11,39,50
515102019,2,12,14
515102020,5,19,24
515104525,1,1,2
515150304,1,0,1
515150501,17,5,22
515200201,1,1,2
515200202,1,7,8
515200204,3,4,7
515309906,3,0,3
515400001,3,10,13
515400002,20,16,36
515400003,38,60,98
515400004,15,28,43
515400005,20,66,86
515400006,7,27,34
515400007,11,38,49
515400008,13,30,43
515400009,4,6,10
515400106,5,6,11
515400109,102,559,661
515400110,0,4,4
515400113,1,3,4
515500200,5,1,6
515500201,1,0,1
515500203,6,0,6
515500205,2,1,3
515500206,2,0,2
515500208,67,62,129
515500209,49,80,129
515500210,86,117,203
515500211,5,11,16
515500212,2,10,12
515500213,7,14,21
515500214,8,3,11
515500215,28,38,66
515500216,45,71,116
515701006,1,0,1
515708301,13,8,21
515708302,9,13,22
515708303,4,5,9
515708305,2,1,3
515800601,0,1,1
515800602,4,0,4
515900001,0,3,3
515900002,5,1,6
515900005,5,5,10
515900006,8,12,20
515900007,8,15,23
515900008,17,34,51
515900009,2,1,3
515900010,1,2,3
515900011,3,3,6
515900012,3,5,8
515900014,1,6,7
515958901,1,1,2
515958902,8,6,14
516003001,13,5,18
516003002,3,8,11
516003003,9,6,15
516003004,8,7,15
516003005,6,4,10
516004401,2,0,2
516004405,1,1,2
516004406,0,1,1
516004612,0,2,2
516004917,2,1,3
516104709,1,0,1
516105001,33,34,67
516105002,9,13,22
516105003,9,15,24
516200901,23,11,34
516300001,11,19,30
516300002,31,82,113
516300003,20,17,37
516300004,0,6,6
516300005,5,3,8
516409901,22,23,45
516409904,1,0,1
516500101,12,12,24
516500102,7,12,19
516500103,46,83,129
516500104,0,1,1
516500105,1,2,3
516500106,4,2,6
516500107,5,1,6
516500108,5,4,9
516500109,2,1,3
516500110,6,6,12
516500111,0,1,1
516500112,1,3,4
516500114,6,17,23
516500115,7,8,15
516500116,0,1,1
516500118,3,1,4
516500502,1,0,1
516600001,3,6,9
516600002,37,68,105
516600003,17,15,32
516600004,6,7,13
516600116,2,0,2
516708203,8,15,23
516708204,2,0,2
516708206,2,1,3
516708207,4,3,7
516789903,1,4,5
516789905,24,13,37
516800001,14,23,37
516800002,54,77,131
516800003,21,86,107
516800005,1,1,2
516800006,1,1,2
516800007,9,17,26
516800008,16,1,17
516800009,15,12,27
516800010,1,1,2
516800011,2,1,3
516800014,9,11,20
516800016,1,1,2
516800017,6,3,9
516800018,1,0,1
516800203,0,1,1
516800301,1,5,6
516839013,1,0,1
516839101,28,40,68
516839102,24,15,39
516839103,2,0,2
516839104,5,2,7
516859202,2,1,3
516900001,11,14,25
516900002,0,1,1
516900003,16,21,37
516900005,13,13,26
517000301,0,2,2
517000303,0,4,4
517000308,4,0,4
517000311,4,2,6
517000314,15,3,18
517000315,19,12,31
517000316,29,35,64
517000317,11,23,34
517000318,24,32,56
517000319,19,8,27
517000320,14,19,33
517000321,79,105,184
517000322,5,2,7
517000323,6,4,10
517000324,1,0,1
517100001,2,0,2
517100002,1,4,5
517100003,1,2,3
517100004,1,4,5
517100005,1,0,1
517100006,1,2,3
517100007,2,0,2
517100008,0,2,2
517100009,4,17,21
517100012,10,31,41
517100013,3,7,10
517100014,3,2,5
517100015,5,10,15
517100016,5,0,5
517100017,12,39,51
517100018,4,2,6
517100019,3,2,5
517100021,15,21,36
517100022,4,14,18
517100023,9,25,34
517100024,18,29,47
517100025,1,0,1
517100026,1,1,2
517100027,0,1,1
517100028,7,23,30
517100029,2,1,3
517100030,6,4,10
517100031,2,0,2
517100032,3,0,3
517100035,1,2,3
517100036,22,16,38
517100037,16,17,33
517100038,17,37,54
517100039,80,162,242
517100040,64,81,145
517100042,22,23,45
517100043,1,2,3
517100045,2,1,3
517100047,2,1,3
517100049,45,50,95
517100050,1,0,1
517100055,0,1,1
517100056,1,1,2
517100057,2,0,2
517100059,7,3,10
517100061,1,0,1
517100062,2,8,10
517100064,0,4,4
517100065,4,15,19
517100066,11,14,25
517100068,0,1,1
517100069,42,95,137
517100070,7,15,22
517100432,1,3,4
517209901,26,32,58
517308101,0,1,1
517308102,3,0,3
517308103,4,3,7
517308104,2,1,3
517308105,0,1,1
517308107,6,4,10
517308108,4,2,6
517308109,2,4,6
517308110,4,3,7
517308111,6,5,11
517308112,1,4,5
517308502,0,1,1
517350502,0,1,1
517353401,8,16,24
517353402,0,8,8
517353403,4,7,11
517400216,3,10,13
517402102,0,5,5
517402103,3,11,14
517402104,7,13,20
517402105,1,6,7
517402106,2,3,5
517402107,7,15,22
517402108,33,104,137
517402109,24,43,67
517402111,1,0,1
517402114,1,0,1
517402115,4,15,19
517402116,3,2,5
517402117,1,0,1
517402118,0,1,1
517402121,2,0,2
517402124,1,0,1
517402125,0,1,1
517402127,2,0,2
517402128,0,3,3
517402129,1,1,2
517402130,20,38,58
517402131,5,24,29
517500101,5,5,10
517500102,21,22,43
517600102,6,5,11
517600104,6,13,19
517600105,1,1,2
517600106,1,3,4
517600107,4,1,5
517600108,0,1,1
517600109,0,1,1
517600110,1,0,1
517600111,9,6,15
517600202,4,4,8
517600203,6,2,8
517600205,28,43,71
517600206,10,8,18
517600207,1,0,1
517600208,2,8,10
517600209,1,2,3
517600302,99,411,510
517600305,15,29,44
517600402,2,4,6
517600403,2,2,4
517600404,11,22,33
517600405,7,26,33
517600406,4,7,11
517600407,7,10,17
517600408,9,3,12
517600409,3,9,12
517600410,14,20,34
517600411,4,4,8
517600412,5,5,10
517600413,0,1,1
517600414,1,2,3
517600416,3,9,12
517600501,12,17,29
517600502,10,23,33
517600503,4,11,15
517600504,7,46,53
517600505,12,28,40
517600506,14,35,49
517600601,4,2,6
517600603,5,1,6
517600604,2,1,3
517600605,4,13,17
517600606,9,24,33
517600701,12,40,52
517600703,9,7,16
517600704,8,12,20
517600706,2,1,3
517600708,0,1,1
517600709,14,38,52
517600710,34,34,68
517600711,6,9,15
517602001,0,5,5
517602003,0,1,1
517602005,1,6,7
517700001,1,0,1
517700003,8,1,9
517700004,0,2,2
517700005,1,1,2
517700006,13,31,44
517700009,1,0,1
517700010,2,5,7
517700011,7,13,20
517700012,66,93,159
517700014,0,1,1
517700015,13,22,35
517700016,40,134,174
517700017,11,22,33
517700018,4,4,8
517700019,1,4,5
517700020,14,5,19
517700021,8,23,31
517700022,13,2,15
517700305,1,3,4
517700308,0,1,1
517700309,1,5,6
517700312,0,1,1
517750101,0,3,3
517750102,10,21,31
517750103,8,5,13
517750104,5,37,42
517750105,27,61,88
517750307,0,1,1
517900001,1,1,2
517900003,0,4,4
517900004,9,12,21
517900005,13,22,35
517900006,2,3,5
517900710,0,1,1
518000652,5,11,16
518000653,2,1,3
518000751,57,83,140
518000752,23,31,54
518000753,9,24,33
518000754,31,50,81
518000755,1,7,8
518000756,0,1,1
518000757,2,2,4
518000758,2,2,4
518100402,1,3,4
518100404,20,19,39
518100406,6,25,31
518100408,3,5,8
518100410,8,8,16
518100412,9,11,20
518100414,21,40,61
518100416,35,53,88
518100418,25,29,54
518100420,23,64,87
518100422,13,27,40
518100424,2,7,9
518100426,7,3,10
518100428,1,5,6
518100430,40,103,143
518100434,7,11,18
518100436,6,18,24
518100438,19,20,39
518100440,15,16,31
518100442,2,3,5
518100444,37,65,102
518100446,57,93,150
518100448,4,22,26
518100450,2,4,6
518100452,0,1,1
518100454,41,53,94
518100456,17,12,29
518100458,20,9,29
518100460,44,47,91
518100462,65,42,107
518100464,2,4,6
518200031,0,4,4
518200032,0,2,2
518200033,1,2,3
518200034,17,15,32
518200035,6,3,9
518200706,1,0,1
518303701,18,26,44
518303702,1,4,5
518303703,3,6,9
518400001,5,7,12
518400002,81,135,216
518400003,16,18,34
530019501,4,0,4
530019503,2,0,2
530019504,5,0,5
530019505,8,1,9
530039801,2,8,10
530039802,8,8,16
530039803,2,3,5
530039804,0,1,1
530039805,11,6,17
530039806,5,4,9
530050101,6,14,20
530050102,4,5,9
530050105,27,55,82
530050106,7,9,16
530050107,5,9,14
530050108,71,98,169
530050109,14,19,33
530050110,5,10,15
530050111,3,2,5
530050112,19,11,30
530050113,0,4,4
530050114,3,1,4
530050115,13,8,21
530050117,11,7,18
530050119,1,0,1
530079602,7,6,13
530079603,8,5,13
530079604,3,0,3
530079605,1,3,4
530079606,3,0,3
530079607,6,20,26
530079608,44,69,113
530079609,12,21,33
530079610,13,36,49
530079611,14,4,18
530079612,2,2,4
530099801,4,0,4
530099803,2,1,3
530099804,3,1,4
530099806,3,2,5
530099807,3,1,4
530099808,2,2,4
530099809,7,4,11
530099810,11,10,21
530099811,4,0,4
530099812,14,18,32
530099813,7,14,21
530099814,2,13,15
530099815,5,1,6
530099816,3,4,7
530099817,2,9,11
530099818,3,1,4
530099819,3,4,7
530099820,12,15,27
530099821,11,15,26
530099823,4,5,9
530110401,1,5,6
530110402,1,6,7
530110403,8,5,13
530110404,57,37,94
530110405,13,13,26
530110406,28,36,64
530110407,6,5,11
530110408,11,8,19
530110409,23,28,51
530110410,14,13,27
530110411,4,10,14
530110412,71,87,158
530110413,113,80,193
530110414,5,2,7
530110415,1,0,1
530110416,19,24,43
530110419,14,12,26
530110421,1,3,4
530110423,2,1,3
530110424,3,2,5
530110425,0,3,3
530110426,16,14,30
530110427,0,1,1
530110428,6,14,20
530110429,0,1,1
530110430,1,1,2
530110431,3,35,38
530139602,4,0,4
530150001,11,7,18
530150002,18,10,28
530150003,0,6,6
530150004,15,17,32
530150006,1,2,3
530150007,12,25,37
530150008,21,23,44
530150009,5,7,12
530150010,0,3,3
530150012,7,3,10
530150013,1,0,1
530150015,1,4,5
530150016,7,2,9
530150017,3,5,8
530150019,4,3,7
530150020,3,5,8
530150402,1,0,1
530179503,3,3,6
530179504,1,4,5
530179505,10,0,10
530179506,6,9,15
530179507,0,1,1
530199802,3,2,5
530210202,8,2,10
530210203,1,0,1
530210204,6,7,13
530210205,14,16,30
530210206,5,5,10
530210207,1,0,1
530210208,2,0,2
530239702,2,0,2
530259603,1,0,1
530259801,1,0,1
530259802,0,1,1
530259803,1,0,1
530259804,7,0,7
530259805,3,0,3
530259806,4,1,5
530259807,1,1,2
530259808,0,1,1
530259809,7,5,12
530259810,29,17,46
530259811,4,3,7
530259812,1,2,3
530259814,0,1,1
530270001,1,0,1
530270002,1,6,7
530270004,4,3,7
530270006,2,0,2
530270007,2,1,3
530270008,2,3,5
530270009,1,1,2
530270010,3,3,6
530270011,19,23,42
530270012,1,4,5
530270013,2,0,2
530270014,1,1,2
530270015,4,1,5
530270016,5,1,6
530299701,3,3,6
530299702,1,5,6
530299703,3,8,11
530299704,4,1,5
530299705,6,8,14
530299706,5,3,8
530299707,12,3,15
530299708,1,1,2
530299710,8,5,13
530299711,10,18,28
530299713,2,7,9
530299714,5,5,10
530299715,4,2,6
530299716,2,4,6
530299717,0,1,1
530299718,0,2,2
530299719,11,10,21
530299720,2,7,9
530299721,4,7,11
530319502,0,1,1
530319503,6,11,17
530319504,3,3,6
530319505,9,10,19
530319506,31,20,51
530330001,10,17,27
530330002,9,15,24
530330003,0,1,1
530330004,6,9,15
530330005,13,26,39
530330006,37,68,105
530330007,7,13,20
530330008,5,4,9
530330009,16,21,37
530330010,3,8,11
530330011,7,7,14
530330012,26,40,66
530330013,5,10,15
530330014,5,5,10
530330015,3,11,14
530330016,9,13,22
530330017,10,5,15
530330018,12,21,33
530330019,25,24,49
530330020,7,7,14
530330021,10,18,28
530330022,26,51,77
530330024,9,17,26
530330025,15,37,52
530330026,12,32,44
530330027,16,20,36
530330028,10,17,27
530330029,13,5,18
530330030,20,11,31
530330031,10,15,25
530330032,8,22,30
530330033,9,11,20
530330034,3,13,16
530330035,23,21,44
530330036,27,38,65
530330038,12,16,28
530330039,13,19,32
530330040,17,27,44
530330041,90,272,362
530330042,45,67,112
530330043,29,57,86
530330044,19,17,36
530330045,8,4,12
530330046,20,18,38
530330047,44,32,76
530330048,14,20,34
530330049,29,35,64
530330050,20,21,41
530330051,18,29,47
530330052,40,40,80
530330053,170,717,887
530330054,28,46,74
530330056,12,53,65
530330057,11,12,23
530330058,6,33,39
530330059,12,19,31
530330060,12,29,41
530330061,27,59,86
530330062,25,52,77
530330063,28,84,112
530330064,25,36,61
530330065,27,50,77
530330066,14,81,95
530330067,18,63,81
530330068,17,12,29
530330069,8,23,31
530330070,14,26,40
530330071,11,15,26
530330072,15,16,31
530330073,26,25,51
530330074,17,26,43
530330075,24,25,49
530330076,53,55,108
530330077,16,21,37
530330078,30,68,98
530330079,14,32,46
530330080,29,58,87
530330081,33,78,111
530330082,24,59,83
530330083,91,229,320
530330084,79,173,252
530330085,79,268,347
530330086,9,33,42
530330087,32,65,97
530330088,11,5,16
530330089,12,35,47
530330090,11,7,18
530330091,6,3,9
530330092,4,2,6
530330093,3,8,11
530330094,15,13,28
530330095,22,43,65
530330096,15,19,34
530330097,21,34,55
530330098,24,10,34
530330099,3,10,13
530330100,29,62,91
530330101,14,10,24
530330102,10,21,31
530330103,9,5,14
530330104,4,5,9
530330105,19,17,36
530330106,12,22,34
530330107,4,4,8
530330108,2,4,6
530330109,5,13,18
530330110,5,6,11
530330111,5,14,19
530330112,9,0,9
530330113,3,2,5
530330114,2,6,8
530330115,1,3,4
530330116,13,23,36
530330117,3,1,4
530330118,5,7,12
530330119,3,1,4
530330120,1,3,4
530330121,7,8,15
530330201,9,18,27
530330202,7,6,13
530330203,10,9,19
530330204,10,7,17
530330205,6,6,12
530330206,1,2,3
530330207,4,0,4
530330208,17,18,35
530330209,0,14,14
530330210,5,6,11
530330211,5,2,7
530330213,6,14,20
530330214,11,7,18
530330215,7,18,25
530330216,8,9,17
530330217,5,2,7
530330218,12,13,25
530330219,81,86,167
530330220,13,26,39
530330221,2,18,20
530330222,8,15,23
530330223,6,10,16
530330224,13,21,34
530330225,6,28,34
530330226,7,16,23
530330227,13,30,43
530330228,32,54,86
530330229,11,9,20
530330230,5,4,9
530330231,5,5,10
530330232,4,8,12
530330233,5,7,12
530330234,9,12,21
530330235,5,5,10
530330236,25,39,64
530330237,77,177,254
530330238,31,79,110
530330239,19,37,56
530330240,29,48,77
530330241,10,41,51
530330242,6,27,33
530330243,36,57,93
530330244,9,28,37
530330245,27,85,112
530330246,42,130,172
530330247,8,13,21
530330248,24,19,43
530330249,40,89,129
530330250,45,66,111
530330251,7,10,17
530330252,2,3,5
530330253,9,9,18
530330254,5,0,5
530330255,0,1,1
530330256,4,3,7
530330257,0,3,3
530330258,65,97,162
530330260,5,2,7
530330261,2,0,2
530330262,11,22,33
530330263,1,0,1
530330264,0,1,1
530330265,1,1,2
530330266,2,1,3
530330267,1,4,5
530330268,2,3,5
530330270,1,0,1
530330271,9,10,19
530330272,0,1,1
530330273,1,0,1
530330274,0,1,1
530330275,9,1,10
530330276,8,9,17
530330277,19,25,44
530330278,7,14,21
530330279,38,39,77
530330280,4,1,5
530330281,0,2,2
530330282,1,1,2
530330284,1,2,3
530330285,1,4,5
530330286,18,26,44
530330288,1,2,3
530330289,6,2,8
530330290,7,2,9
530330291,2,1,3
530330292,14,3,17
530330293,9,5,14
530330294,10,7,17
530330295,7,2,9
530330296,2,1,3
530330297,1,2,3
530330298,5,7,12
530330299,4,3,7
530330300,5,9,14
530330301,9,20,29
530330302,11,6,17
530330303,63,75,138
530330304,10,7,17
530330305,26,26,52
530330306,8,6,14
530330307,8,2,10
530330308,2,2,4
530330310,0,4,4
530330311,1,0,1
530330312,9,16,25
530330313,1,3,4
530330314,16,8,24
530330315,7,1,8
530330316,5,3,8
530330317,16,5,21
530330318,5,2,7
530330319,11,14,25
530330320,23,13,36
530330321,31,24,55
530330322,65,82,147
530330323,134,162,296
530330324,3,4,7
530330325,1,3,4
530330326,9,12,21
530330327,4,2,6
530330328,1,2,3
530330519,0,1,1
530350801,4,10,14
530350802,1,3,4
530350803,27,75,102
530350804,3,1,4
530350805,2,7,9
530350806,2,2,4
530350807,5,5,10
530350808,12,11,23
530350809,4,4,8
530350811,2,0,2
530350814,3,4,7
530350901,5,14,19
530350902,12,13,25
530350903,2,4,6
530350904,3,2,5
530350905,25,15,40
530350906,5,7,12
530350907,15,21,36
530350908,5,18,23
530350909,18,44,62
530350910,19,20,39
530350911,2,11,13
530350912,44,47,91
530350913,11,41,52
530350914,5,4,9
530350915,5,4,9
530350916,3,1,4
530350917,3,3,6
530350918,3,7,10
530350919,3,4,7
530350920,4,5,9
530350921,6,5,11
530350922,12,0,12
530350923,1,0,1
530350924,8,0,8
530350925,4,1,5
530350926,1,5,6
530350927,4,5,9
530350928,5,5,10
530350929,5,1,6
530379751,7,0,7
530379752,0,1,1
530379753,1,2,3
530379754,21,7,28
530379755,0,1,1
530379756,3,3,6
530379757,1,2,3
530399501,9,3,12
530399502,3,0,3
530399503,9,7,16
530399504,1,1,2
530419701,3,1,4
530419702,23,21,44
530419703,4,0,4
530419704,2,0,2
530419705,2,1,3
530419708,4,5,9
530419709,2,1,3
530419710,5,6,11
530419711,1,0,1
530419712,0,1,1
530419713,0,3,3
530419715,1,5,6
530419716,0,1,1
530419717,3,3,6
530419718,0,3,3
530419719,8,1,9
530419720,1,1,2
530439601,3,0,3
530439602,2,3,5
530439603,1,0,1
530439604,2,0,2
530459601,0,1,1
530459602,1,2,3
530459603,2,4,6
530459604,2,3,5
530459605,3,3,6
530459606,3,0,3
530459607,5,1,6
530459608,7,7,14
530459609,1,0,1
530459610,0,2,2
530459611,1,2,3
530459612,1,1,2
530459613,2,1,3
530459614,1,0,1
530479701,1,2,3
530479703,2,0,2
530479704,11,1,12
530479705,2,1,3
530479706,16,5,21
530479707,5,1,6
530479708,10,3,13
530479709,4,7,11
530479710,3,0,3
530499502,2,0,2
530499503,5,1,6
530499504,1,0,1
530499505,5,5,10
530499507,0,3,3
530499508,4,2,6
530510102,1,0,1
530519701,1,0,1
530519702,0,1,1
530519703,3,1,4
530519704,1,0,1
530519705,5,0,5
530530310,1,1,2
530530312,3,0,3
530530601,32,24,56
530530602,5,4,9
530530603,6,12,18
530530604,10,14,24
530530605,23,35,58
530530606,15,31,46
530530607,6,8,14
530530608,2,6,8
530530609,22,20,42
530530610,14,24,38
530530611,29,52,81
530530612,4,18,22
530530613,3,11,14
530530614,38,50,88
530530615,67,100,167
530530616,16,31,47
530530617,4,12,16
530530618,3,0,3
530530619,6,20,26
530530621,2,1,3
530530622,4,0,4
530530623,0,1,1
530530625,1,0,1
530530626,9,10,19
530530628,2,3,5
530530629,0,2,2
530530630,0,1,1
530530632,0,1,1
530530633,0,1,1
530530634,2,0,2
530530635,0,1,1
530530702,4,2,6
530530703,19,15,34
530530704,0,1,1
530530705,0,1,1
530530707,10,7,17
530530708,10,10,20
530530709,2,3,5
530530710,2,0,2
530530712,30,52,82
530530713,12,17,29
530530714,2,7,9
530530715,5,4,9
530530716,1,2,3
530530717,7,0,7
530530718,13,21,34
530530719,27,43,70
530530720,2,3,5
530530721,51,134,185
530530723,81,94,175
530530724,81,147,228
530530725,47,81,128
530530726,7,7,14
530530728,22,61,83
530530729,46,116,162
530530730,5,6,11
530530731,36,19,55
530530733,11,5,16
530530734,38,48,86
530559506,1,0,1
530559601,15,11,26
530559603,12,13,25
530559604,1,2,3
530559605,1,11,12
530579501,1,3,4
530579502,5,18,23
530579503,8,2,10
530579504,12,19,31
530579505,1,1,2
530579506,3,6,9
530579507,21,10,31
530579508,9,4,13
530579509,0,1,1
530579511,2,1,3
530579512,2,4,6
530579514,0,1,1
530579515,5,6,11
530579516,1,2,3
530579517,1,0,1
530579518,7,0,7
530579519,3,10,13
530579520,4,13,17
530579521,1,0,1
530579522,0,6,6
530579523,15,7,22
530579524,60,69,129
530579525,2,13,15
530579526,1,2,3
530579527,4,1,5
530599502,1,6,7
530599504,0,2,2
530599505,1,0,1
530610401,11,47,58
530610402,0,2,2
530610403,2,5,7
530610404,0,6,6
530610406,4,0,4
530610407,4,7,11
530610408,10,29,39
530610409,8,8,16
530610410,48,75,123
530610411,0,2,2
530610412,1,1,2
530610413,22,31,53
530610414,1,0,1
530610415,1,0,1
530610416,4,11,15
530610417,29,16,45
530610418,6,39,45
530610419,2,3,5
530610420,42,43,85
530610501,2,4,6
530610502,10,26,36
530610503,10,21,31
530610504,62,87,149
530610505,19,24,43
530610506,3,18,21
530610507,2,4,6
530610508,3,3,6
530610509,3,4,7
530610510,1,7,8
530610511,4,7,11
530610513,0,2,2
530610514,11,3,14
530610515,1,5,6
530610516,2,2,4
530610517,1,4,5
530610518,7,3,10
530610519,27,42,69
530610520,19,31,50
530610521,20,18,38
530610522,22,12,34
530610523,7,7,14
530610524,15,1,16
530610525,8,8,16
530610526,12,3,15
530610527,4,2,6
530610528,6,3,9
530610529,16,1,17
530610530,10,11,21
530610531,2,0,2
530610532,2,3,5
530610533,9,4,13
530610534,3,3,6
530610535,18,16,34
530610536,7,2,9
530610537,1,1,2
530610538,7,2,9
530630004,35,42,77
530630005,0,1,1
530630008,4,2,6
530630009,7,16,23
530630010,5,1,6
530630011,3,2,5
530630012,1,1,2
530630014,3,2,5
530630015,1,1,2
530630016,2,0,2
530630018,1,0,1
530630019,1,1,2
530630020,0,1,1
530630021,1,0,1
530630023,2,2,4
530630024,11,11,22
530630025,1,2,3
530630029,1,0,1
530630031,2,8,10
530630032,134,283,417
530630033,0,10,10
530630035,13,44,57
530630036,2,3,5
530630038,1,5,6
530630039,4,26,30
530630040,6,7,13
530630041,14,11,25
530630042,13,29,42
530630043,10,25,35
530630044,10,3,13
530630045,15,51,66
530630046,6,13,19
530630047,8,15,23
530630048,13,23,36
530630049,17,30,47
530630050,17,25,42
530630101,2,2,4
530630102,11,14,25
530630103,18,12,30
530630104,2,7,9
530630105,21,32,53
530630106,7,10,17
530630107,11,12,23
530630108,4,2,6
530630109,12,3,15
530630110,6,4,10
530630111,10,8,18
530630112,4,4,8
530630113,2,4,6
530630114,0,2,2
530630115,1,0,1
530630116,0,1,1
530630117,0,5,5
530630118,39,12,51
530630119,1,7,8
530630120,4,3,7
530630121,0,1,1
530630123,2,1,3
530630124,11,14,25
530630126,0,2,2
530630127,2,3,5
530630128,5,1,6
530630129,14,6,20
530630130,3,8,11
530630131,1,2,3
530630132,15,24,39
530630133,5,6,11
530630134,8,31,39
530630135,16,27,43
530630136,4,8,12
530630137,8,3,11
530630138,3,2,5
530630139,4,1,5
530630140,3,3,6
530630141,2,11,13
530630142,0,1,1
530630143,2,0,2
530639514,0,4,4
530639602,0,1,1
530659501,2,5,7
530659502,2,1,3
530659503,5,1,6
530659505,12,5,17
530659506,2,0,2
530659507,2,0,2
530659508,9,0,9
530659510,0,1,1
530659511,0,2,2
530659513,1,0,1
530659514,4,1,5
530670101,13,22,35
530670102,4,5,9
530670103,6,3,9
530670104,2,3,5
530670105,42,43,85
530670106,7,7,14
530670107,6,16,22
530670108,8,6,14
530670109,12,12,24
530670110,5,6,11
530670111,4,13,17
530670112,6,13,19
530670113,7,3,10
530670114,10,8,18
530670115,0,2,2
530670116,21,10,31
530670117,19,30,49
530670118,8,12,20
530670119,10,19,29
530670120,19,34,53
530670121,13,20,33
530670122,119,153,272
530670123,15,20,35
530670124,6,3,9
530670125,10,7,17
530670126,3,1,4
530670127,2,2,4
530699501,1,3,4
530719201,4,6,10
530719202,2,7,9
530719203,15,11,26
530719206,21,24,45
530719207,51,49,100
530719208,3,9,12
530719209,15,29,44
530730001,11,11,22
530730002,40,20,60
530730003,2,1,3
530730004,50,94,144
530730005,10,10,20
530730006,3,11,14
530730007,2,1,3
530730008,36,60,96
530730009,15,26,41
530730010,5,7,12
530730011,19,63,82
530730012,10,27,37
530730101,2,2,4
530730102,1,0,1
530730103,13,4,17
530730104,11,20,31
530730105,5,6,11
530730106,5,0,5
530730107,8,3,11
530730108,1,1,2
530730109,1,4,5
530730110,3,7,10
530750001,0,1,1
530750002,6,4,10
530750003,5,3,8
530750004,18,9,27
530750005,5,1,6
530750006,6,4,10
530750008,5,4,9
530750009,2,1,3
530750010,1,0,1
530770001,2,1,3
530770003,5,29,34
530770004,30,38,68
530770005,38,0,38
530770007,26,47,73
530770008,34,42,76
530770009,12,7,19
530770010,10,5,15
530770011,3,16,19
530770013,3,8,11
530770014,4,1,5
530770015,6,1,7
530770016,12,4,16
530770017,0,3,3
530770018,7,0,7
530770019,4,0,4
530770020,13,9,22
530770021,3,1,4
530770022,7,3,10
530770023,15,0,15
530770024,4,0,4
530770025,1,0,1
530770027,3,0,3
530770028,11,23,34
530770029,1,6,7
530770030,4,5,9
530770031,6,7,13
530770032,5,3,8
540019649,0,1,1
540019656,7,2,9
540019658,0,1,1
540039707,0,2,2
540039711,1,3,4
540039712,8,11,19
540039713,7,8,15
540039714,1,1,2
540039715,0,1,1
540039716,30,26,56
540039717,15,9,24
540039718,2,2,4
540039719,8,4,12
540039720,14,19,33
540039721,1,4,5
540039722,1,0,1
540039723,2,0,2
540050112,1,0,1
540059582,1,0,1
540059583,1,3,4
540059584,2,0,2
540059585,4,0,4
540059587,1,0,1
540059588,1,0,1
540079679,1,1,2
540079680,5,0,5
540079681,0,4,4
540090302,1,1,2
540090311,17,22,39
540090312,1,0,1
540090313,3,0,3
540090314,3,0,3
540110001,4,9,13
540110002,0,1,1
540110003,7,30,37
540110004,8,3,11
540110005,29,8,37
540110006,4,9,13
540110007,2,24,26
540110008,1,2,3
540110009,0,7,7
540110010,1,0,1
540110012,10,15,25
540110013,11,11,22
540110014,73,67,140
540110015,8,18,26
540110016,1,1,2
540110018,2,0,2
540110019,9,13,22
540110020,20,24,44
540110021,23,36,59
540110052,1,1,2
540110101,8,13,21
540110102,52,67,119
540110103,5,7,12
540110104,10,18,28
540110105,1,2,3
540110106,0,5,5
540110107,6,5,11
540110108,15,3,18
540139626,3,2,5
540159580,4,2,6
540179651,2,0,2
540190201,4,3,7
540190202,6,5,11
540190203,11,4,15
540190204,1,0,1
540190205,0,1,1
540190206,1,0,1
540190207,8,5,13
540190208,3,0,3
540190209,1,0,1
540190210,1,0,1
540219678,3,1,4
540230105,0,1,1
540239695,3,3,6
540239696,6,2,8
540250211,0,1,1
540259501,10,7,17
540259502,1,3,4
540259503,3,1,4
540259504,12,6,18
540259505,2,2,4
540259506,43,51,94
540259507,14,18,32
540279682,1,1,2
540279684,8,2,10
540279685,1,1,2
540279686,1,0,1
540290206,7,3,10
540290207,3,13,16
540290208,1,1,2
540290211,1,1,2
540290213,4,3,7
540319701,3,4,7
540319702,4,1,5
540330301,30,11,41
540330304,1,0,1
540330305,2,4,6
540330306,26,23,49
540330308,0,2,2
540330310,1,0,1
540330311,9,7,16
540330312,0,2,2
540330313,4,1,5
540330316,5,1,6
540330319,1,1,2
540330320,1,3,4
540330321,40,49,89
540339647,1,2,3
540359632,2,0,2
540359633,2,0,2
540359634,0,1,1
540359635,7,1,8
540359636,6,4,10
540359637,0,3,3
540379720,1,0,1
540379722,13,15,28
540379723,3,0,3
540379724,7,8,15
540379725,9,2,11
540379726,27,4,31
540379727,1,5,6
540379728,1,1,2
540390001,1,0,1
540390003,4,3,7
540390005,29,14,43
540390006,3,1,4
540390007,0,1,1
540390008,1,7,8
540390009,20,43,63
540390011,17,31,48
540390012,4,21,25
540390013,16,26,42
540390015,91,108,199
540390017,13,11,24
540390018,19,51,70
540390019,60,94,154
540390020,9,25,34
540390021,15,20,35
540390101,8,2,10
540390102,5,3,8
540390103,1,0,1
540390105,13,9,22
540390106,5,3,8
540390107,8,3,11
540390108,1,1,2
540390109,0,1,1
540390110,2,3,5
540390111,1,0,1
540390113,3,6,9
540390114,3,1,4
540390115,1,1,2
540390118,2,0,2
540390121,1,0,1
540390122,0,1,1
540390123,15,33,48
540390128,3,10,13
540390129,6,2,8
540390130,31,53,84
540390131,9,12,21
540390132,7,4,11
540390133,2,1,3
540390134,0,1,1
540390136,5,2,7
540390137,1,0,1
540399554,1,1,2
540419672,1,1,2
540419673,1,0,1
540419674,7,3,10
540419675,6,6,12
540419676,2,1,3
540439555,3,0,3
540439556,3,0,3
540439557,1,1,2
540439558,1,0,1
540459560,8,1,9
540459561,2,3,5
540459562,4,2,6
540459563,10,6,16
540459564,2,1,3
540459566,13,8,21
540459567,0,1,1
540479536,3,0,3
540479537,3,1,4
540479538,6,1,7
540479540,1,0,1
540479541,3,0,3
540479544,2,0,2
540490114,1,0,1
540490119,1,0,1
540490201,8,3,11
540490202,3,2,5
540490203,7,7,14
540490204,12,17,29
540490207,2,0,2
540490208,5,0,5
540490209,3,2,5
540490210,0,1,1
540490211,3,3,6
540490212,4,11,15
540490213,2,1,3
540490215,1,0,1
540490217,2,0,2
540499647,1,1,2
540510202,4,1,5
540510205,2,0,2
540510207,11,6,17
540510209,1,0,1
540510210,4,5,9
540510211,4,4,8
540530203,0,1,1
540539548,3,1,4
540539549,4,1,5
540539550,13,12,25
540559509,0,2,2
540559510,3,1,4
540559511,4,2,6
540559512,2,1,3
540559513,15,16,31
540559514,4,2,6
540559515,11,25,36
540559517,0,1,1
540559518,4,5,9
540559521,4,14,18
540559522,15,31,46
540559523,3,12,15
540570103,2,9,11
540570105,4,0,4
540570106,9,4,13
540570107,1,0,1
540599571,4,0,4
540599574,12,11,23
540599575,2,1,3
540599576,1,0,1
540610101,4,14,18
540610102,1,4,5
540610103,86,213,299
540610104,9,39,48
540610105,17,46,63
540610106,67,156,223
540610107,7,8,15
540610108,1,4,5
540610109,14,16,30
540610110,3,5,8
540610111,4,6,10
540610112,0,1,1
540610113,4,3,7
540610115,2,4,6
540610116,21,55,76
540610117,6,47,53
540610118,44,87,131
540610119,13,16,29
540639501,2,1,3
540639502,4,5,9
540639503,3,1,4
540639505,1,0,1
540659707,3,2,5
540659708,7,0,7
540659710,2,1,3
540679802,23,11,34
540679804,1,1,2
540679805,0,1,1
540679806,3,1,4
540679807,1,1,2
540690001,1,3,4
540690002,0,1,1
540690003,3,10,13
540690005,1,0,1
540690006,1,0,1
540690007,0,2,2
540690008,6,5,11
540690014,54,58,112
540690015,9,18,27
540690016,7,26,33
540690017,5,6,11
540690018,3,5,8
540690019,7,6,13
540690020,12,27,39
540690021,2,0,2
540690022,1,3,4
540690024,15,39,54
540690025,1,0,1
540690208,1,1,2
540690212,3,3,6
540719705,5,1,6
540739622,3,0,3
540759601,3,0,3
540759602,4,4,8
540759603,3,2,5
540779638,1,8,9
540779640,8,5,13
540779641,1,1,2
540779642,2,0,2
540779643,2,3,5
540779645,1,1,2
540779649,1,0,1
540790202,3,1,4
540790203,7,4,11
540790204,11,6,17
540790205,2,1,3
540790206,56,33,89
540790207,2,1,3
540810102,7,24,31
540810103,1,11,12
540810104,0,1,1
540810105,13,6,19
540810106,21,24,45
540810107,1,2,3
540810108,24,26,50
540810109,1,0,1
540810110,3,5,8
540810111,1,0,1
540810112,1,0,1
540810113,7,11,18
540810114,6,2,8
540810115,24,33,57
540839654,0,1,1
540839659,0,1,1
540839660,7,9,16
540839661,19,24,43
540839662,0,1,1
540839663,2,1,3
540839664,2,1,3
540839665,1,1,2
540859623,3,1,4
540859624,0,1,1
540859625,1,0,1
540879629,1,2,3
540879630,8,5,13
540890211,0,1,1
540899505,6,3,9
540899506,1,2,3
540899508,1,0,1
540910321,0,2,2
540919643,0,1,1
540919646,8,2,10
540919647,0,1,1
540919648,2,1,3
540919649,1,0,1
540939652,1,0,1
540939653,4,3,7
540939654,3,0,3
540959618,6,0,6
540959619,1,0,1
540979659,1,2,3
540979667,9,11,20
540979668,4,1,5
540979669,5,3,8
540979676,0,1,1
540990007,0,1,1
540990051,1,0,1
540990052,1,2,3
540990201,10,13,23
540990203,3,1,4
540990204,3,4,7
540990205,0,1,1
540990206,7,4,11
540990207,1,1,2
540990208,1,1,2
540990210,0,1,1
540999571,0,1,1
541019701,1,1,2
541019702,1,0,1
541019703,5,0,5
541030048,5,4,9
541030114,1,0,1
541030305,0,1,1
541030306,5,2,7
541030307,2,1,3
541050301,2,0,2
541070001,8,9,17
541070002,9,21,30
541070003,1,6,7
541070004,1,0,1
541070005,6,10,16
541070006,8,22,30
541070007,2,3,5
541070008,2,0,2
541070009,3,2,5
541070101,7,14,21
541070102,8,2,10
541070103,15,27,42
541070104,5,5,10
541070105,10,16,26
541070106,5,8,13
541070107,9,3,12
541070109,2,4,6
541099528,1,0,1
541099531,6,1,7
541099532,3,0,3
550019502,4,0,4
550019504,1,1,2
550039501,1,1,2
550039502,0,3,3
550039503,11,6,17
550039504,16,12,28
550039505,0,9,9
550039507,1,0,1
550050001,2,2,4
550050002,7,2,9
550050003,3,0,3
550050004,8,0,8
550050005,8,8,16
550050006,28,20,48
550050008,3,2,5
550050009,1,0,1
550050010,6,1,7
550059503,0,1,1
550070303,0,1,1
550079601,3,5,8
550079602,1,1,2
550079603,2,7,9
550079606,0,3,3
550090002,0,2,2
550090003,17,13,30
550090004,0,1,1
550090005,0,1,1
550090006,1,1,2
550090007,0,5,5
550090008,0,7,7
550090010,4,6,10
550090013,18,48,66
550090015,42,54,96
550090017,12,11,23
550090018,9,23,32
550090020,17,45,62
550090101,8,10,18
550090102,5,11,16
550090103,12,10,22
550090201,3,5,8
550090202,6,16,22
550090203,2,3,5
550090204,28,38,66
550090205,9,11,20
550090206,1,2,3
550090207,28,43,71
550090208,4,14,18
550090209,2,8,10
550090210,3,13,16
550090212,4,9,13
550090213,17,31,48
550090214,4,7,11
550090215,0,1,1
550119602,3,0,3
550119603,1,0,1
550119604,1,1,2
550119605,1,2,3
550139704,1,1,2
550139706,0,1,1
550139707,0,2,2
550139709,4,3,7
550139710,1,2,3
550150026,2,0,2
550150201,3,0,3
550150203,17,19,36
550150205,4,1,5
550150206,1,0,1
550170102,2,1,3
550170103,2,5,7
550170104,6,3,9
550170105,25,20,45
550170107,8,4,12
550170108,7,2,9
550170109,3,2,5
550170110,2,3,5
550170111,2,0,2
550170112,5,1,6
550199502,2,0,2
550199504,2,1,3
550199507,12,3,15
550199508,0,1,1
550219606,1,0,1
550219701,0,1,1
550219703,1,0,1
550219704,3,1,4
550219705,17,12,29
550219706,1,2,3
550219707,3,0,3
550219708,4,1,5
550219709,3,0,3
550219710,2,1,3
550219711,2,0,2
550219712,8,4,12
550219907,4,1,5
550239801,1,0,1
550239802,2,1,3
550239803,2,0,2
550239804,1,2,3
550239805,1,0,1
550239806,14,3,17
550250001,19,16,35
550250002,76,130,206
550250003,25,47,72
550250004,60,131,191
550250005,16,36,52
550250006,0,6,6
550250007,33,37,70
550250008,23,25,48
550250009,129,492,621
550250010,10,9,19
550250011,18,30,48
550250012,91,133,224
550250013,22,46,68
550250014,35,96,131
550250015,10,3,13
550250016,9,17,26
550250017,21,42,63
550250018,3,15,18
550250019,18,30,48
550250020,2,10,12
550250021,4,9,13
550250022,2,4,6
550250023,8,14,22
550250024,9,2,11
550250025,1,1,2
550250026,17,10,27
550250027,3,3,6
550250028,1,4,5
550250029,3,1,4
550250030,1,0,1
550250031,24,16,40
550250032,17,53,70
550250101,18,75,93
550250102,4,16,20
550250103,14,12,26
550250104,4,4,8
550250105,5,4,9
550250106,7,12,19
550250107,30,55,85
550250108,27,37,64
550250109,80,163,243
550250110,19,16,35
550250111,20,99,119
550250112,9,21,30
550250113,8,7,15
550250114,14,23,37
550250115,17,9,26
550250116,4,0,4
550250117,1,0,1
550250118,1,0,1
550250119,8,7,15
550250120,8,7,15
550250122,15,4,19
550250123,3,3,6
550250124,8,6,14
550250125,12,7,19
550250126,2,4,6
550250127,7,7,14
550250128,4,6,10
550250129,2,6,8
550250130,3,4,7
550250131,2,0,2
550250132,2,1,3
550250133,7,0,7
550279601,1,0,1
550279602,2,0,2
550279603,7,0,7
550279604,2,5,7
550279606,2,2,4
550279607,2,9,11
550279608,3,2,5
550279609,22,15,37
550279610,2,3,5
550279611,1,0,1
550279612,1,0,1
550279613,3,0,3
550279614,1,0,1
550279615,1,0,1
550279616,0,1,1
550279617,1,1,2
550279618,2,1,3
550279619,16,10,26
550299801,3,5,8
550299803,5,5,10
550299804,2,8,10
550299805,2,6,8
550299807,9,8,17
550299808,19,19,38
550299809,1,1,2
550299810,1,1,2
550310204,4,1,5
550310206,0,1,1
550310207,3,2,5
550310208,11,6,17
550310209,1,0,1
550310301,2,0,2
550310302,1,0,1
550339701,1,1,2
550339702,1,0,1
550339703,3,3,6
550339704,5,0,5
550339705,3,4,7
550339707,4,1,5
550339708,18,8,26
550350003,21,35,56
550350004,4,11,15
550350005,5,9,14
550350006,1,1,2
550350007,5,4,9
550350008,39,50,89
550350009,57,63,120
550350010,15,40,55
550350011,9,9,18
550350012,14,44,58
550350013,3,6,9
550350014,6,7,13
550350015,1,4,5
550350016,10,16,26
550350105,1,0,1
550359704,1,1,2
550379602,0,1,1
550379901,4,3,7
550390036,0,2,2
550390401,5,5,10
550390403,1,0,1
550390405,0,8,8
550390407,25,48,73
550390409,26,31,57
550390411,9,11,20
550390413,1,4,5
550390415,3,1,4
550390416,11,2,13
550390417,1,0,1
550390418,3,0,3
550390419,1,1,2
550390420,2,4,6
550390421,1,0,1
550390422,1,0,1
550419501,1,0,1
550419503,2,0,2
550419504,1,0,1
550439503,1,0,1
550439601,1,0,1
550439602,5,3,8
550439603,4,1,5
550439606,1,3,4
550439607,5,4,9
550439609,9,5,14
550439610,0,2,2
550439611,1,0,1
550439612,0,1,1
550450124,0,1,1
550459801,2,0,2
550459802,2,4,6
550459803,5,7,12
550459804,21,26,47
550459805,0,1,1
550459806,8,7,15
550459807,0,1,1
550459808,2,0,2
550479801,3,2,5
550479802,12,5,17
550479804,4,4,8
550479805,0,1,1
550479806,1,1,2
550499501,2,3,5
550499502,3,1,4
550499504,7,3,10
550499505,2,4,6
550499506,7,1,8
550519801,2,1,3
550519802,1,0,1
550519803,2,1,3
550539601,0,2,2
550539603,0,2,2
550539604,1,0,1
550539605,24,3,27
550552045,0,1,1
550559901,5,3,8
550559903,2,2,4
550559904,3,1,4
550559905,9,1,10
550559906,6,5,11
550559907,2,0,2
550559908,1,1,2
550559909,2,1,3
550559911,4,0,4
550559912,2,2,4
550559913,6,4,10
550559914,0,2,2
550559915,17,12,29
550559916,1,0,1
550559917,1,3,4
550579901,1,3,4
550579902,2,0,2
550579903,1,1,2
550579904,2,0,2
550579905,17,2,19
550579906,3,1,4
550579907,0,2,2
550590001,3,4,7
550590003,4,2,6
550590004,4,12,16
550590005,1,0,1
550590006,13,24,37
550590007,0,2,2
550590010,2,9,11
550590013,0,5,5
550590014,10,9,19
550590015,1,0,1
550590017,1,2,3
550590018,18,33,51
550590019,5,7,12
550590020,5,3,8
550590022,1,1,2
550590023,2,1,3
550590024,2,3,5
550590026,36,29,65
550590027,1,2,3
550590028,1,1,2
550590029,3,6,9
550590030,3,1,4
550619601,1,1,2
550619602,2,0,2
550619604,4,1,5
550619605,4,3,7
550630002,0,3,3
550630003,1,8,9
550630004,43,46,89
550630005,5,0,5
550630006,3,8,11
550630007,24,38,62
550630008,6,16,22
550630009,79,122,201
550630010,5,3,8
550630011,7,4,11
550630012,3,3,6
550630101,3,0,3
550630102,8,9,17
550630103,4,3,7
550630104,36,58,94
550630105,14,17,31
550630106,10,24,34
550630107,12,28,40
550630108,3,8,11
550659506,0,1,1
550659701,1,0,1
550659702,5,0,5
550679601,2,3,5
550679604,5,3,8
550679605,1,1,2
550679606,2,0,2
550679607,11,4,15
550699801,0,1,1
550699802,4,1,5
550699803,3,0,3
550699805,1,2,3
550699807,0,1,1
550699808,2,0,2
550699809,1,2,3
550699810,14,5,19
550710001,17,13,30
550710002,1,2,3
550710003,9,11,20
550710004,4,9,13
550710005,1,6,7
550710006,10,5,15
550710007,2,4,6
550710008,5,22,27
550710051,10,4,14
550710052,4,1,5
550710053,1,0,1
550710054,2,3,5
550710102,2,3,5
550710104,1,3,4
550710105,4,5,9
550710106,3,2,5
550710107,2,0,2
550730001,1,11,12
550730002,9,9,18
550730003,10,24,34
550730004,1,2,3
550730005,0,4,4
550730006,1,10,11
550730007,6,14,20
550730008,3,4,7
550730009,0,1,1
550730010,2,1,3
550730011,32,33,65
550730012,15,4,19
550730013,17,25,42
550730014,54,103,157
550730015,7,9,16
550730016,4,2,6
550730017,0,2,2
550730018,2,4,6
550730019,1,4,5
550730020,1,2,3
550730021,14,25,39
550730022,2,0,2
550730023,1,2,3
550730103,0,1,1
550759601,1,10,11
550759602,0,1,1
550759606,1,0,1
550759607,1,0,1
550759608,2,2,4
550759609,0,1,1
550759611,4,3,7
550759612,5,2,7
550759613,0,1,1
550759614,17,15,32
550759615,13,17,30
550779901,0,1,1
550779903,1,0,1
550779904,0,1,1
550779905,1,1,2
550789701,4,0,4
550790001,10,6,16
550790002,3,5,8
550790003,4,0,4
550790004,1,0,1
550790005,2,1,3
550790007,7,2,9
550790010,6,4,10
550790015,2,0,2
550790017,0,1,1
550790019,2,0,2
550790022,4,5,9
550790024,2,0,2
550790030,1,0,1
550790031,0,1,1
550790034,5,5,10
550790035,3,1,4
550790036,4,0,4
550790037,1,1,2
550790044,2,2,4
550790048,2,0,2
550790049,5,55,60
550790050,1,1,2
550790051,0,1,1
550790052,1,1,2
550790053,1,0,1
550790054,5,4,9
550790055,5,8,13
550790056,5,9,14
550790057,4,10,14
550790058,8,11,19
550790059,5,4,9
550790060,0,2,2
550790061,2,2,4
550790064,1,0,1
550790067,1,0,1
550790068,0,1,1
550790071,0,1,1
550790072,1,1,2
550790073,14,29,43
550790074,5,22,27
550790075,14,18,32
550790076,23,34,57
550790077,22,9,31
550790078,1,4,5
550790079,0,2,2
550790080,0,1,1
550790083,3,3,6
550790089,0,1,1
550790090,1,1,2
550790091,0,1,1
550790092,0,1,1
550790093,2,1,3
550790094,5,2,7
550790095,0,3,3
550790096,1,0,1
550790101,1,0,1
550790103,1,0,1
550790104,0,1,1
550790106,0,3,3
550790107,7,8,15
550790108,6,9,15
550790109,48,72,120
550790110,5,10,15
550790111,1,8,9
550790112,4,9,13
550790113,6,12,18
550790114,4,8,12
550790115,0,1,1
550790118,1,0,1
550790121,1,0,1
550790122,1,2,3
550790124,2,1,3
550790125,1,3,4
550790126,5,0,5
550790127,0,1,1
550790128,49,278,327
550790129,1,5,6
550790132,20,23,43
550790133,1,1,2
550790134,0,1,1
550790135,3,2,5
550790136,1,0,1
550790143,4,23,27
550790144,22,23,45
550790145,12,14,26
550790146,10,21,31
550790147,3,4,7
550790148,2,4,6
550790149,1,0,1
550790150,0,4,4
550790151,1,1,2
550790152,10,19,29
550790153,10,40,50
550790157,8,0,8
550790162,2,1,3
550790163,1,0,1
550790164,3,5,8
550790166,0,1,1
550790167,2,1,3
550790168,0,1,1
550790170,1,0,1
550790173,1,2,3
550790175,1,1,2
550790177,1,0,1
550790178,0,1,1
550790179,0,1,1
550790180,1,0,1
550790181,0,3,3
550790182,5,5,10
550790183,1,0,1
550790184,1,0,1
550790185,0,1,1
550790189,28,7,35
550790190,1,0,1
550790191,4,0,4
550790192,2,1,3
550790193,1,2,3
550790194,4,3,7
550790195,0,1,1
550790196,2,1,3
550790197,2,1,3
550790198,0,7,7
550790199,3,1,4
550790200,39,147,186
550790201,18,23,41
550790202,0,1,1
550790203,1,0,1
550790204,4,0,4
550790205,0,1,1
550790206,0,1,1
550790207,7,3,10
550790208,0,3,3
550790214,8,3,11
550790215,2,2,4
550790216,5,2,7
550790217,2,1,3
550790218,1,1,2
550790301,14,45,59
550790351,15,46,61
550790352,28,19,47
550790401,14,43,57
550790501,26,15,41
550790601,52,66,118
550790602,17,37,54
550790701,21,25,46
550790702,29,70,99
550790703,9,8,17
550790801,9,6,15
550790802,8,20,28
550790803,26,39,65
550790804,5,8,13
550790901,15,8,23
550790902,7,16,23
550790903,37,73,110
550790904,8,36,44
550790905,27,122,149
550790906,38,53,91
550790907,19,37,56
550790908,17,17,34
550790909,11,14,25
550790910,7,9,16
550790911,25,44,69
550790912,28,75,103
550790913,24,42,66
550790914,3,11,14
550791001,1,0,1
550791002,5,2,7
550791003,11,7,18
550791004,0,3,3
550791005,2,1,3
550791006,0,2,2
550791007,1,0,1
550791008,5,2,7
550791009,9,10,19
550791010,13,15,28
550791011,3,4,7
550791012,3,5,8
550791013,13,35,48
550791014,5,6,11
550791015,2,0,2
550791016,0,2,2
550791017,2,1,3
550791018,1,3,4
550791101,15,26,41
550791201,8,6,14
550791202,8,5,13
550791203,0,7,7
550791204,8,8,16
550791205,20,28,48
550791301,8,8,16
550791302,3,7,10
550791401,15,17,32
550791402,8,8,16
550791501,17,23,40
550791502,18,20,38
550791503,16,22,38
550791504,5,3,8
550791601,4,0,4
550791602,12,16,28
550791603,7,1,8
550791701,4,3,7
550791702,4,0,4
550791705,4,0,4
550791706,3,3,6
550791801,7,8,15
550791802,1,1,2
550791803,2,1,3
550791804,4,2,6
550791805,0,2,2
550791851,8,6,14
550791852,12,1,13
550792015,0,1,1
550819501,4,0,4
550819502,5,1,6
550819503,6,2,8
550819504,1,1,2
550819505,15,11,26
550819506,10,8,18
550819507,2,0,2
550819508,2,1,3
550819509,1,0,1
550839905,1,0,1
550839908,0,1,1
550839909,2,0,2
550839910,1,1,2
550839911,3,2,5
550839912,8,5,13
550839913,1,2,3
550859504,5,8,13
550859701,1,2,3
550859704,14,11,25
550859705,3,3,6
550859706,3,8,11
550859708,3,3,6
550859709,1,5,6
550859710,1,2,3
550859711,2,1,3
550859713,20,31,51
550859714,9,13,22
550859715,8,9,17
550859802,0,1,1
550870024,0,1,1
550870101,14,3,17
550870103,2,12,14
550870105,6,14,20
550870106,5,8,13
550870107,20,16,36
550870108,0,1,1
550870109,3,9,12
550870110,3,4,7
550870111,15,8,23
550870112,2,0,2
550870113,2,1,3
550870114,3,4,7
550870115,25,52,77
550870116,4,1,5
550870119,4,0,4
550870120,7,0,7
550870121,8,2,10
550870124,1,0,1
550870125,62,57,119
550870126,7,12,19
550870127,6,2,8
550870128,1,0,1
550870129,6,20,26
550870131,1,0,1
550870133,3,1,4
550870203,1,4,5
550870204,2,2,4
550879909,4,0,4
550896101,1,2,3
550896201,5,0,5
550896301,3,1,4
550896302,9,6,15
550896401,7,6,13
550896402,3,3,6
550896501,14,11,25
550896502,11,10,21
550896503,12,12,24
550896601,5,5,10
550896602,39,71,110
550896603,53,192,245
550919501,3,1,4
550919502,2,0,2
550939601,4,0,4
550939602,3,0,3
550939603,1,3,4
550939604,1,0,1
550939605,7,1,8
550939606,0,3,3
550939607,4,0,4
550939608,1,1,2
550951206,1,0,1
550959601,2,1,3
550959603,2,3,5
550959605,1,0,1
550959607,21,10,31
550959608,12,0,12
550959609,3,1,4
550959610,16,5,21
550979601,2,1,3
550979602,5,4,9
550979603,1,6,7
550979604,30,32,62
550979605,2,4,6
550979606,3,1,4
550979607,12,12,24
550979608,4,9,13
550979609,1,0,1
550979610,1,0,1
550979611,4,4,8
550979612,1,2,3
550979613,0,1,1
550999701,1,1,2
550999702,7,3,10
550999704,1,0,1
550999705,1,1,2
550999707,2,0,2
551010001,1,5,6
551010002,4,8,12
551010003,1,0,1
551010009,13,18,31
551010010,1,1,2
551010011,33,46,79
551010012,2,2,4
551010013,1,2,3
551010014,6,14,20
551010015,25,23,48
551010016,15,17,32
551010017,22,14,36
551010018,2,2,4
551010019,1,5,6
551010020,0,7,7
551010021,2,1,3
551010022,0,1,1
551010024,18,13,31
551010026,2,6,8
551010027,1,2,3
551010028,2,2,4
551039702,1,3,4
551039703,12,1,13
551039704,5,1,6
551039705,1,2,3
551050001,1,1,2
551050002,3,4,7
551050005,6,21,27
551050006,1,0,1
551050007,0,3,3
551050008,2,2,4
551050009,2,4,6
551050010,2,0,2
551050011,3,0,3
551050012,51,59,110
551050013,27,20,47
551050014,23,1,24
551050015,4,0,4
551050017,1,0,1
551050018,1,1,2
551050019,4,0,4
551050022,0,1,1
551050024,1,2,3
551050025,0,1,1
551050026,33,42,75
551050027,1,0,1
551050029,3,3,6
551050030,11,5,16
551050031,5,2,7
551050032,1,1,2
551050033,1,0,1
551079601,2,0,2
551079602,1,0,1
551079605,12,3,15
551091201,1,0,1
551091202,9,8,17
551091203,1,5,6
551091204,5,7,12
551091205,10,5,15
551091206,3,1,4
551091207,3,1,4
551091208,4,2,6
551091209,30,17,47
551091210,2,0,2
551110001,7,4,11
551110002,2,0,2
551110003,3,0,3
551110004,16,11,27
551110005,3,3,6
551110006,16,5,21
551110007,0,1,1
551110008,6,1,7
551110009,2,1,3
551110010,11,4,15
551110011,3,0,3
551119708,1,0,1
551139801,10,4,14
551139803,4,0,4
551139804,1,3,4
551139805,6,2,8
551150017,1,0,1
551159803,2,1,3
551159804,13,1,14
551159805,3,0,3
551159806,1,1,2
551159808,2,1,3
551159809,1,0,1
551159810,9,2,11
551170001,5,12,17
551170002,2,0,2
551170003,2,0,2
551170004,50,52,102
551170006,0,4,4
551170007,1,1,2
551170009,0,2,2
551170010,2,1,3
551170011,2,2,4
551170102,2,1,3
551170103,1,1,2
551170104,1,2,3
551170105,10,2,12
551170106,2,4,6
551170107,3,39,42
551170108,5,7,12
551170109,0,1,1
551170112,3,2,5
551170113,3,4,7
551199802,1,0,1
551199804,1,1,2
551199805,5,5,10
551199806,1,0,1
551210016,1,6,7
551219901,5,2,7
551219902,1,0,1
551219903,1,0,1
551219904,3,2,5
551219905,1,1,2
551219906,2,1,3
551219907,1,0,1
551219908,2,0,2
551239601,5,0,5
551239602,3,3,6
551239603,2,3,5
551239604,15,8,23
551239605,1,1,2
551239606,4,1,5
551239607,0,6,6
551239701,1,0,1
551259501,1,4,5
551259502,3,1,4
551259503,1,5,6
551259504,3,7,10
551259505,7,3,10
551259706,1,0,1
551259708,1,0,1
551259710,1,0,1
551259713,3,1,4
551270001,4,5,9
551270002,4,2,6
551270003,4,5,9
551270004,2,2,4
551270005,2,1,3
551270006,2,2,4
551270007,2,1,3
551270008,6,3,9
551270009,5,3,8
551270010,4,3,7
551270015,14,16,30
551270016,14,21,35
551270017,5,7,12
551299501,2,0,2
551299502,1,0,1
551299503,1,0,1
551299505,12,2,14
551299506,4,3,7
551299804,1,0,1
551312035,1,0,1
551314001,17,11,28
551314101,2,3,5
551314201,18,11,29
551314202,7,9,16
551314203,2,3,5
551314204,2,0,2
551314401,15,4,19
551314402,1,1,2
551314501,19,17,36
551314601,12,18,30
551314701,5,7,12
551314702,15,5,20
551332001,12,18,30
551332002,36,49,85
551332003,10,14,24
551332004,18,19,37
551332005,20,34,54
551332006,1,0,1
551332007,24,16,40
551332008,44,112,156
551332009,48,93,141
551332010,33,115,148
551332011,22,71,93
551332012,109,195,304
551332013,4,4,8
551332014,28,33,61
551332015,65,54,119
551332016,3,5,8
551332017,10,14,24
551332018,4,3,7
551332019,6,8,14
551332020,5,2,7
551332021,12,6,18
551332022,19,41,60
551332023,11,1,12
551332024,4,7,11
551332025,4,7,11
551332026,4,1,5
551332027,7,2,9
551332028,2,0,2
551332029,10,10,20
551332030,25,51,76
551332031,11,15,26
551332032,7,26,33
551332033,36,42,78
551332034,17,19,36
551332035,8,16,24
551332036,10,25,35
551332037,45,70,115
551332038,8,10,18
551332039,8,2,10
551332040,16,21,37
551332041,8,27,35
551332042,3,2,5
551332043,31,30,61
551332044,3,7,10
551332045,12,12,24
551359602,1,0,1
551359901,1,1,2
551359903,4,0,4
551359904,2,0,2
551359905,1,6,7
551359906,2,5,7
551359907,2,0,2
551359908,0,3,3
551359909,2,2,4
551359910,18,4,22
551359911,3,1,4
551359912,2,0,2
551379601,0,1,1
551379602,1,7,8
551379603,4,1,5
551379605,6,2,8
551379606,1,0,1
551390001,2,2,4
551390002,1,0,1
551390003,10,11,21
551390004,2,3,5
551390005,3,2,5
551390007,1,0,1
551390008,1,5,6
551390009,7,0,7
551390010,1,2,3
551390011,1,2,3
551390012,0,2,2
551390013,10,3,13
551390014,1,15,16
551390015,0,3,3
551390016,0,1,1
551390017,1,5,6
551390018,46,66,112
551390019,2,7,9
551390020,5,1,6
551390021,2,1,3
551390022,4,5,9
551390023,8,15,23
551390024,11,10,21
551390025,1,2,3
551390026,8,12,20
551390028,1,1,2
551390030,0,5,5
551390031,26,31,57
551390032,3,15,18
551390033,1,6,7
551390034,4,3,7
551390035,1,0,1
551390036,11,42,53
551390037,20,25,45
551390125,0,2,2
551390126,0,3,3
551390203,2,4,6
551410021,1,8,9
551410101,0,1,1
551410102,7,11,18
551410103,2,3,5
551410104,6,4,10
551410105,16,16,32
551410106,111,235,346
551410107,19,17,36
551410108,1,3,4
551410109,0,2,2
551410111,0,2,2
551410112,12,8,20
551410113,12,9,21
551410114,6,2,8
551410115,6,5,11
551410116,1,2,3
551410117,7,0,7
560019594,0,2,2
560019627,2,1,3
560019628,0,1,1
560019629,0,1,1
560019631,12,7,19
560019634,3,7,10
560019635,17,6,23
560019636,5,4,9
560019637,11,21,32
560019639,1,1,2
560039926,1,1,2
560039927,2,1,3
560039928,2,1,3
560050001,3,7,10
560050002,3,3,6
560050003,1,1,2
560050004,3,6,9
560050005,6,6,12
560050006,17,8,25
560050007,1,0,1
560079677,2,2,4
560079678,4,3,7
560079680,2,2,4
560079681,0,2,2
560099564,8,7,15
560099565,1,0,1
560099566,2,1,3
560119502,1,2,3
560119503,2,1,3
560130001,3,1,4
560130002,8,6,14
560130003,21,24,45
560130004,0,6,6
560139401,2,0,2
560139402,1,5,6
560139404,19,14,33
560139405,0,2,2
560159578,8,1,9
560159579,4,0,4
560159580,1,0,1
560179876,3,1,4
560179878,2,2,4
560199551,0,1,1
560199552,11,6,17
560210004,0,1,1
560210005,6,1,7
560210006,2,7,9
560210007,39,40,79
560210008,1,1,2
560210009,3,5,8
560210010,1,3,4
560210011,1,4,5
560210012,10,37,47
560210013,12,20,32
560210014,20,32,52
560210015,3,6,9
560210019,16,23,39
560210020,1,2,3
560239780,3,1,4
560239781,5,3,8
560239784,3,1,4
560250002,2,6,8
560250003,43,34,77
560250004,0,2,2
560250005,9,21,30
560250006,0,2,2
560250007,4,2,6
560250009,14,17,31
560250010,3,0,3
560250014,3,4,7
560250016,11,32,43
560250017,1,1,2
560250018,1,5,6
560279572,2,0,2
560299951,4,6,10
560299952,15,4,19
560299953,2,7,9
560299954,2,4,6
560299955,18,23,41
560299976,1,0,1
560319591,1,0,1
560319594,6,2,8
560330001,11,9,20
560330002,2,3,5
560330003,5,11,16
560330004,7,9,16
560330005,5,10,15
560330006,6,14,20
560350001,7,4,11
560379706,0,1,1
560379707,2,5,7
560379708,3,1,4
560379709,10,10,20
560379711,2,0,2
560379712,2,3,5
560379716,1,0,1
560399976,3,9,12
560399977,20,52,72
560399978,23,28,51
560419752,1,0,1
560419753,7,7,14
560419754,5,14,19
560430002,2,0,2
560430003,5,2,7
560459511,0,1,1
560459513,5,2,7
720019566,8,6,14
720019567,4,5,9
720034302,38,32,70
720034303,7,7,14
720054001,4,1,5
720054003,6,3,9
720054006,9,11,20
720054007,20,21,41
720054008,0,1,1
720054009,2,0,2
720054010,27,15,42
720054011,0,2,2
720054013,32,33,65
720072303,12,13,25
720092503,0,1,1
720092504,43,27,70
720092505,2,2,4
720118103,21,23,44
720118104,2,0,2
720118105,0,3,3
720119597,2,0,2
720133001,5,9,14
720133005,9,4,13
720133007,36,42,78
720133008,3,6,9
720133010,1,8,9
720133011,0,2,2
720133012,105,122,227
720133013,10,3,13
720133023,3,5,8
720152802,17,12,29
720175902,12,16,28
720199524,17,16,33
720210204,3,0,3
720210301,9,8,17
720210302,7,6,13
720210303,56,77,133
720210307,2,5,7
720210308,1,2,3
720210309,11,9,20
720210310,51,65,116
720210311,28,24,52
720210312,6,3,9
720210313,8,9,17
720210314,19,18,37
720210315,185,174,359
720210316,62,59,121
720210317,2,6,8
720210318,1,0,1
720238303,48,39,87
720238304,9,7,16
720238305,0,1,1
720238306,13,10,23
720252001,7,12,19
720252002,3,6,9
720252003,1,3,4
720252004,2,0,2
720252005,14,8,22
720252006,4,4,8
720252007,2,1,3
720252008,1,0,1
720252010,37,61,98
720252012,2,0,2
720252013,16,16,32
720252014,19,27,46
720252015,5,5,10
720252016,3,5,8
720252017,0,3,3
720252018,153,151,304
720252021,2,4,6
720252023,1,2,3
720252024,2,2,4
720252025,3,0,3
720252026,1,1,2
720252027,3,2,5
720273201,19,16,35
720273204,0,2,2
720291002,35,12,47
720291005,1,2,3
720291302,0,1,1
720310501,25,44,69
720310502,81,87,168
720310503,7,1,8
720310505,17,25,42
720310506,7,10,17
720310507,17,10,27
720310508,17,16,33
720310509,4,8,12
720310511,4,9,13
720310601,1,0,1
720330202,6,1,7
720330203,1,0,1
720330204,5,14,19
720330401,6,13,19
720352602,1,0,1
720352603,40,30,70
720352605,7,1,8
720352606,4,1,5
720352607,10,8,18
720352608,0,5,5
720371602,15,7,22
720399557,17,3,20
720412403,2,3,5
720412405,19,23,42
720439541,7,0,7
720439543,16,13,29
720439544,1,2,3
720459519,10,6,16
720459520,1,1,2
720475302,1,0,1
720475303,21,22,43
720475304,0,1,1
720499505,1,1,2
720515402,35,62,97
720515403,2,10,12
720515405,2,3,5
720531502,1,0,1
720531503,52,53,105
720531504,7,5,12
720545802,4,3,7
720559612,10,9,19
720559613,3,0,3
720559614,4,2,6
720572701,0,1,1
720572704,3,4,7
720572705,5,5,10
720572706,6,11,17
720572707,2,2,4
720572708,1,1,2
720579529,2,0,2
720579532,1,0,1
720592704,48,32,80
720597403,18,21,39
720610099,27,39,66
720610301,3,4,7
720610401,2,3,5
720610402,22,26,48
720610403,65,112,177
720610404,130,189,319
720610405,37,46,83
720610406,14,42,56
720632103,43,31,74
720632104,4,3,7
720632105,6,9,15
720653102,33,20,53
720678203,1,1,2
720678204,10,18,28
720678205,6,4,10
720691301,1,0,1
720691302,3,1,4
720691305,0,1,1
720691801,5,4,9
720691804,2,1,3
720691805,1,1,2
720691806,60,81,141
720691807,3,3,6
720691809,5,5,10
720714102,1,2,3
720714103,2,1,3
720714104,1,1,2
720714105,29,33,62
720739561,1,0,1
720739562,10,10,20
720757103,12,18,30
720757104,1,4,5
720757105,1,2,3
720757106,3,1,4
720757110,1,0,1
720775002,31,28,59
720798502,18,20,38
720819581,24,23,47
720819583,10,4,14
720839597,1,1,2
720851901,0,1,1
720851902,29,19,48
720871105,5,3,8
720891402,14,23,37
720915703,67,63,130
720915704,1,3,4
720915705,5,1,6
720915706,1,2,3
720915708,0,1,1
720939602,2,2,4
720959516,9,5,14
720970801,3,12,15
720970802,7,15,22
720970804,2,4,6
720970805,2,1,3
720970806,113,165,278
720970808,8,5,13
720970809,1,0,1
720970810,40,49,89
720970811,0,3,3
720970812,1,1,2
720970813,3,6,9
720970815,14,20,34
720970817,6,10,16
720970820,19,18,37
720970821,15,16,31
720994202,33,28,61
721019553,15,10,25
721019555,2,2,4
721031701,0,1,1
721031702,2,1,3
721031704,5,7,12
721055204,10,10,20
721079549,11,8,19
721092902,19,9,28
721117303,14,11,25
721117304,0,1,1
721130701,15,9,24
721130702,98,113,211
721130703,57,55,112
721130705,66,74,140
721130708,2,0,2
721130709,1,1,2
721130710,1,0,1
721130712,6,10,16
721130714,4,11,15
721130715,5,3,8
721130716,6,5,11
721130717,19,11,30
721130718,32,50,82
721130719,0,2,2
721130720,2,4,6
721130721,5,7,12
721130722,11,15,26
721130723,11,14,25
721130724,37,51,88
721130725,3,6,9
721130727,52,52,104
721130729,1,3,4
721130730,4,6,10
721153302,22,13,35
721179595,3,3,6
721179596,3,9,12
721191302,10,17,27
721191305,1,1,2
721219603,0,1,1
721219605,32,14,46
721219606,3,0,3
721219608,0,1,1
721239528,1,0,1
721239529,0,1,1
721239530,10,8,18
721239531,1,1,2
721258404,2,3,5
721258405,65,40,105
721258407,5,4,9
721270004,2,1,3
721270005,4,11,15
721270006,7,16,23
721270007,5,10,15
721270009,16,20,36
721270010,44,91,135
721270011,5,10,15
721270012,7,18,25
721270013,0,1,1
721270014,7,8,15
721270015,4,11,15
721270016,18,29,47
721270018,0,9,9
721270019,16,23,39
721270020,1,0,1
721270021,37,35,72
721270022,14,13,27
721270023,39,67,106
721270024,4,16,20
721270025,3,5,8
721270026,1,3,4
721270028,0,1,1
721270029,0,2,2
721270030,0,1,1
721270032,9,2,11
721270036,1,1,2
721270038,1,0,1
721270039,2,2,4
721270042,5,1,6
721270043,209,375,584
721270044,2,0,2
721270046,1,1,2
721270047,1,1,2
721270049,8,13,21
721270050,1,3,4
721270051,2,4,6
721270052,27,30,57
721270053,4,1,5
721270054,46,38,84
721270055,3,4,7
721270056,12,18,30
721270058,4,7,11
721270061,16,34,50
721270062,0,1,1
721270063,33,54,87
721270065,23,53,76
721270066,4,6,10
721270067,26,38,64
721270068,50,79,129
721270069,6,4,10
721270070,0,3,3
721270071,1,3,4
721270073,21,26,47
721270074,3,3,6
721270075,2,2,4
721270076,0,2,2
721270077,2,2,4
721270078,4,3,7
721270079,12,12,24
721270080,3,5,8
721270081,3,11,14
721270082,7,8,15
721270083,2,7,9
721270084,38,70,108
721270085,14,12,26
721270086,65,101,166
721270087,1,3,4
721270089,15,13,28
721270090,2,8,10
721270091,35,41,76
721270093,67,52,119
721270094,3,7,10
721270096,74,116,190
721270098,39,86,125
721270099,28,50,78
721270100,238,361,599
721270402,0,1,1
721270403,39,74,113
721270501,15,17,32
721270502,2,0,2
721270503,3,15,18
721270504,3,6,9
721270602,5,8,13
721270603,2,3,5
721292203,24,8,32
721319892,34,38,72
721339533,0,1,1
721339537,10,6,16
721339538,1,4,5
721350311,11,8,19
721355102,13,21,34
721355103,6,4,10
721355105,10,10,20
721370204,2,2,4
721371202,8,5,13
721371203,4,3,7
721371204,0,1,1
721371205,3,0,3
721371206,2,0,2
721371207,1,1,2
721371208,3,7,10
721371209,5,0,5
721371210,20,18,38
721371211,5,4,9
721371214,1,1,2
721371218,24,24,48
721371219,1,1,2
721371220,2,1,3
721371222,1,0,1
721390054,1,0,1
721390601,7,9,16
721390602,42,51,93
721390603,4,5,9
721390604,18,20,38
721419571,1,0,1
721419573,1,0,1
721419574,1,0,1
721419575,17,12,29
721435504,20,18,38
721435505,0,1,1
721435608,23,18,41
721455602,21,18,39
721455603,5,5,10
721455604,2,3,5
721455605,3,2,5
721455607,0,3,3
721455608,0,4,4
721479502,3,4,7
721497203,1,0,1
721497204,9,5,14
721497205,0,1,1
721519506,1,1,2
721519510,7,9,16
721519511,0,1,1
721537503,1,0,1
721537504,8,8,16
721537505,46,39,85
721537506,3,5,8
TOTAL,409116,624058,1033174
