# CENSUS TRACT,PRIMARY,OTHER,ALL
# TOTAL,344804,501430,846234
010010202,3,3,6
010010203,3,0,3
010010204,5,0,5
010010205,7,1,8
010010206,2,0,2
010010208,1,2,3
010010211,2,0,2
010030101,0,1,1
010030103,0,1,1
010030105,13,4,17
010030107,19,32,51
010030108,14,33,47
010030109,4,1,5
010030110,0,1,1
010030111,9,6,15
010030112,26,58,84
010030113,5,3,8
010030114,29,28,57
010030115,12,12,24
010030116,5,5,10
010059501,3,3,6
010059504,1,1,2
010059505,1,2,3
010059507,6,5,11
010059508,1,1,2
010059509,0,1,1
010079513,1,0,1
010079514,8,5,13
010079515,1,0,1
010090111,1,0,1
010090501,13,2,15
010090502,1,0,1
010090503,2,0,2
010090505,1,1,2
010090506,1,2,3
010119522,10,1,11
010139527,1,0,1
010139528,2,0,2
010139529,6,5,11
010139534,3,0,3
010150001,0,1,1
010150002,29,39,68
010150003,1,0,1
010150005,3,1,4
010150008,10,24,34
010150009,15,14,29
010150010,11,17,28
010150011,6,2,8
010150012,0,2,2
010150015,0,1,1
010150017,5,0,5
010150018,1,0,1
010150019,1,2,3
010150020,1,6,7
010150021,13,8,21
010150022,3,0,3
010150023,1,0,1
010150025,4,1,5
010150026,1,0,1
010150101,0,1,1
010150105,0,1,1
010179538,1,0,1
010179540,2,0,2
010179543,2,2,4
010179545,0,2,2
010179546,12,10,22
010179547,1,2,3
010199557,0,1,1
010199558,0,1,1
010199559,1,1,2
010199560,8,1,9
010210601,9,1,10
010210602,7,0,7
010210604,1,1,2
010210606,1,0,1
010239568,6,1,7
010239569,2,0,2
010239570,1,0,1
010239915,0,1,1
010259576,8,3,11
010259578,3,0,3
010259579,6,3,9
010279589,3,0,3
010279590,2,1,3
010299596,1,0,1
010299597,1,1,2
010310103,1,1,2
010310104,1,1,2
010310105,4,0,4
010310108,1,0,1
010310109,9,10,19
010310111,2,0,2
010310112,13,12,25
010310113,8,2,10
010310502,1,0,1
010330201,1,1,2
010330202,4,5,9
010330203,11,16,27
010330204,4,1,5
010330205,3,2,5
010330206,4,2,6
010330207,15,24,39
010330208,2,7,9
010330209,2,0,2
010330210,1,0,1
010359605,3,3,6
010359606,2,1,3
010379612,1,0,1
010399617,1,1,2
010399618,12,7,19
010399619,1,1,2
010399620,2,0,2
010399621,2,1,3
010399624,6,0,6
010399625,5,1,6
010399626,1,0,1
010399630,2,0,2
010419636,1,3,4
010419637,2,0,2
010419639,1,0,1
010439642,8,7,15
010439643,1,0,1
010439644,0,2,2
010439648,4,5,9
010439649,26,25,51
010439650,13,13,26
010439651,2,0,2
010439652,0,2,2
010439653,0,1,1
010439654,2,1,3
010439655,0,1,1
010439656,0,1,1
010450201,1,0,1
010450204,3,0,3
010450205,0,1,1
010450206,10,7,17
010450207,4,4,8
010450208,0,2,2
010450209,5,9,14
010450211,0,1,1
010450213,3,2,5
010459504,3,0,3
010479961,3,1,4
010479962,1,3,4
010479964,2,2,4
010479966,36,16,52
010479967,15,11,26
010479968,11,18,29
010479969,2,0,2
010490301,0,1,1
010490308,1,2,3
010499601,1,0,1
010499602,0,1,1
010499603,4,2,6
010499604,9,3,12
010499605,2,0,2
010499607,2,0,2
010499609,1,1,2
010499610,0,1,1
010499611,9,4,13
010499612,4,1,5
010499613,0,1,1
010499614,1,1,2
010510301,1,0,1
010510302,3,2,5
010510303,2,1,3
010510304,6,3,9
010510305,2,0,2
010510306,3,1,4
010510307,10,3,13
010510309,0,1,1
010510310,1,2,3
010510311,3,0,3
010510312,1,0,1
010539701,14,3,17
010539702,1,2,3
010539703,3,0,3
010539704,0,1,1
010539706,2,1,3
010539707,9,2,11
010550001,12,23,35
010550002,2,3,5
010550003,1,0,1
010550004,1,5,6
010550006,2,0,2
010550008,2,1,3
010550011,15,30,45
010550012,14,19,33
010550013,6,6,12
010550014,3,10,13
010550016,3,1,4
010550017,2,4,6
010550104,16,10,26
010550105,3,5,8
010550106,2,0,2
010550107,1,0,1
010550108,1,0,1
010550109,0,1,1
010550110,2,1,3
010579720,0,1,1
010579721,3,1,4
010579722,7,2,9
010599729,0,2,2
010599730,5,1,6
010599731,5,7,12
010599732,2,1,3
010599733,0,1,1
010599735,7,0,7
010599737,1,0,1
010610421,1,0,1
010610501,2,0,2
010610503,7,2,9
010610504,1,0,1
010639744,8,1,9
010659743,1,0,1
010659747,4,3,7
010659749,1,0,1
010670302,2,1,3
010670305,1,1,2
010690213,0,1,1
010690401,0,1,1
010690402,65,104,169
010690404,1,13,14
010690405,10,13,23
010690408,0,9,9
010690410,18,41,59
010690411,2,2,4
010690413,6,16,22
010690414,1,1,2
010690415,0,2,2
010690416,0,1,1
010690419,1,1,2
010719502,4,1,5
010719503,4,0,4
010719506,2,2,4
010719507,1,5,6
010719508,14,4,18
010719509,5,6,11
010719510,0,1,1
010719602,0,1,1
010730001,2,3,5
010730003,1,3,4
010730004,0,1,1
010730008,7,5,12
010730011,1,2,3
010730014,2,1,3
010730016,19,42,61
010730020,2,1,3
010730022,0,1,1
010730023,62,134,196
010730024,0,5,5
010730027,9,23,32
010730029,1,1,2
010730030,2,2,4
010730031,0,1,1
010730032,2,1,3
010730033,1,0,1
010730037,1,0,1
010730038,0,1,1
010730040,27,65,92
010730042,4,1,5
010730045,146,451,597
010730047,78,125,203
010730048,16,27,43
010730049,20,84,104
010730050,6,12,18
010730051,7,3,10
010730052,3,3,6
010730053,4,2,6
010730055,2,0,2
010730056,17,38,55
010730058,12,11,23
010730059,37,55,92
010730100,1,0,1
010730102,4,2,6
010730103,1,0,1
010730104,5,2,7
010730106,17,18,35
010730107,109,184,293
010730108,116,280,396
010730109,1,1,2
010730110,2,0,2
010730111,24,9,33
010730112,5,3,8
010730113,5,1,6
010730114,6,0,6
010730116,1,1,2
010730117,17,7,24
010730118,7,2,9
010730119,1,0,1
010730120,0,1,1
010730121,5,2,7
010730123,4,3,7
010730124,4,4,8
010730125,0,1,1
010730127,13,31,44
010730128,22,39,61
010730129,150,304,454
010730132,1,0,1
010730140,0,1,1
010730141,15,9,24
010730142,8,7,15
010730143,11,12,23
010730144,119,142,261
010730303,6,19,25
010730506,1,0,1
010759783,1,0,1
010759784,2,0,2
010770101,13,20,33
010770102,11,19,30
010770104,2,2,4
010770106,0,1,1
010770108,0,1,1
010770109,21,19,40
010770110,0,1,1
010770111,7,10,17
010770112,0,1,1
010770114,0,2,2
010770115,8,18,26
010770116,3,12,15
010770117,1,1,2
010799794,7,0,7
010799795,1,0,1
010799798,2,0,2
010810401,1,1,2
010810402,2,3,5
010810403,1,2,3
010810404,3,5,8
010810405,7,13,20
010810406,1,3,4
010810407,1,2,3
010810408,0,1,1
010810409,18,11,29
010810410,0,1,1
010810411,26,34,60
010810412,3,3,6
010810413,9,8,17
010810414,1,0,1
010810415,3,6,9
010810417,2,1,3
010810418,0,1,1
010810419,1,0,1
010810420,5,2,7
010810421,0,3,3
010830201,1,0,1
010830202,3,0,3
010830204,5,2,7
010830205,3,2,5
010830206,12,6,18
010830208,3,7,10
010830209,1,2,3
010830211,3,2,5
010859809,1,1,2
010859810,1,0,1
010859812,1,1,2
010879816,1,2,3
010879817,0,1,1
010879818,1,0,1
010879819,6,22,28
010879820,1,4,5
010879821,0,1,1
010890001,24,38,62
010890002,1,1,2
010890003,1,0,1
010890004,1,0,1
010890005,1,0,1
010890006,3,0,3
010890007,1,0,1
010890009,6,5,11
010890011,2,0,2
010890014,2,1,3
010890016,51,84,135
010890017,12,21,33
010890018,9,16,25
010890019,31,85,116
010890020,19,7,26
010890021,0,1,1
010890022,2,4,6
010890025,3,0,3
010890026,23,32,55
010890027,20,10,30
010890028,4,2,6
010890029,13,10,23
010890101,2,1,3
010890102,1,2,3
010890103,2,0,2
010890104,1,1,2
010890105,1,5,6
010890106,12,6,18
010890107,2,2,4
010890108,5,1,6
010890109,21,39,60
010890110,31,13,44
010890111,1,0,1
010890112,5,12,17
010890113,1,2,3
010919828,0,1,1
010919829,0,1,1
010919830,1,0,1
010919834,9,2,11
010939841,0,1,1
010939843,4,1,5
010939844,4,2,6
010939846,2,0,2
010939847,14,4,18
010950301,0,1,1
010950302,3,2,5
010950303,3,1,4
010950304,5,2,7
010950305,10,5,15
010950306,7,12,19
010950307,6,1,7
010950308,5,1,6
010950309,6,4,10
010950310,1,0,1
010950311,6,5,11
010950312,6,6,12
010970001,0,1,1
010970005,1,0,1
010970006,1,2,3
010970008,20,86,106
010970009,31,44,75
010970010,9,15,24
010970012,8,18,26
010970014,1,0,1
010970017,9,1,10
010970019,3,2,5
010970020,0,8,8
010970023,0,1,1
010970024,1,4,5
010970025,44,62,106
010970026,2,1,3
010970027,4,33,37
010970028,6,4,10
010970029,3,18,21
010970030,0,1,1
010970031,7,8,15
010970032,17,29,46
010970033,59,66,125
010970034,6,9,15
010970035,14,44,58
010970036,17,37,54
010970037,99,150,249
010970043,1,0,1
010970054,6,0,6
010970055,3,0,3
010970056,1,1,2
010970057,1,0,1
010970058,2,2,4
010970060,1,1,2
010970061,4,2,6
010970063,3,5,8
010970064,30,30,60
010970065,0,1,1
010970066,1,0,1
010970067,1,1,2
010970068,18,13,31
010970070,2,4,6
010970071,1,2,3
010970072,4,3,7
010970073,5,0,5
010999859,11,5,16
010999860,2,1,3
011010001,3,4,7
011010002,0,1,1
011010005,0,1,1
011010006,20,42,62
011010007,0,2,2
011010009,4,7,11
011010011,0,1,1
011010013,2,4,6
011010014,7,14,21
011010015,3,2,5
011010016,1,1,2
011010018,1,0,1
011010019,1,3,4
011010020,47,95,142
011010021,12,11,23
011010022,1,3,4
011010023,4,0,4
011010024,2,0,2
011010026,8,2,10
011010027,7,12,19
011010028,5,7,12
011010029,6,5,11
011010032,13,10,23
011010033,26,51,77
011010051,1,0,1
011010054,81,104,185
011010055,1,2,3
011010056,27,31,58
011010059,1,1,2
011030001,24,23,47
011030002,9,10,19
011030003,2,5,7
011030004,19,28,47
011030009,0,2,2
011030010,3,1,4
011030051,22,24,46
011030053,19,4,23
011030054,1,3,4
011059870,1,1,2
011059872,2,0,2
011070101,2,0,2
011079877,1,0,1
011079879,5,2,7
011079881,4,1,5
011099889,0,2,2
011099890,13,4,17
011099891,10,5,15
011119901,2,0,2
011119902,1,0,1
011119903,3,0,3
011119904,7,1,8
011119905,1,0,1
011130301,4,1,5
011130302,1,1,2
011130303,3,0,3
011130304,4,2,6
011130305,3,2,5
011130306,0,1,1
011130307,1,0,1
011130309,1,2,3
011130311,3,0,3
011130312,1,3,4
011150401,4,2,6
011150402,15,6,21
011150404,2,0,2
011150405,4,4,8
011170127,0,1,1
011170142,3,4,7
011170144,4,5,9
011170301,1,1,2
011170302,50,75,125
011170303,98,149,247
011170304,3,3,6
011170305,2,1,3
011170306,22,20,42
011170307,3,3,6
011170308,1,0,1
011199913,5,0,5
011199915,2,0,2
011210101,1,2,3
011210102,2,2,4
011210104,2,1,3
011210107,0,1,1
011210108,5,3,8
011210109,8,4,12
011210110,1,0,1
011210113,1,2,3
011210115,2,0,2
011210116,2,1,3
011210117,8,10,18
011210118,6,6,12
011210119,0,1,1
011210120,2,2,4
011239921,1,1,2
011239923,17,20,37
011239924,4,4,8
011239925,6,3,9
011250101,15,25,40
011250102,10,5,15
011250103,3,0,3
011250104,70,95,165
011250105,0,1,1
011250106,1,0,1
011250107,2,6,8
011250108,6,6,12
011250109,10,11,21
011250110,5,1,6
011250112,38,44,82
011250114,3,4,7
011250115,2,2,4
011250116,4,11,15
011250119,5,7,12
011250120,3,3,6
011250121,2,4,6
011250122,0,2,2
011250123,11,12,23
011250124,6,10,16
011250125,5,4,9
011270201,6,6,12
011270202,2,1,3
011270203,19,22,41
011270204,1,1,2
011270208,2,1,3
011270214,0,1,1
011270215,1,0,1
011270218,2,1,3
011299939,1,1,2
011299940,4,0,4
011299941,1,0,1
011299942,1,1,2
011319948,2,2,4
011319949,1,0,1
011319951,1,0,1
011330209,1,0,1
011339840,5,3,8
011339955,1,2,3
011339956,4,0,4
011339957,1,0,1
011339958,1,0,1
020200001,4,4,8
020200002,27,41,68
020200003,0,2,2
020200004,4,12,16
020200006,1,3,4
020200007,3,4,7
020200008,1,1,2
020200009,49,61,110
020200010,3,7,10
020200011,11,14,25
020200012,4,6,10
020200013,5,5,10
020200014,3,4,7
020200015,52,30,82
020200016,57,114,171
020200017,9,13,22
020200018,29,47,76
020200019,8,5,13
020200021,3,1,4
020200022,1,2,3
020200023,5,17,22
020200024,1,1,2
020200025,4,0,4
020200026,3,7,10
020200027,11,26,37
020200028,40,58,98
020200029,2,2,4
020509514,22,2,24
020709716,12,2,14
020900001,26,12,38
020900002,2,3,5
020900003,22,36,58
020900004,0,2,2
020900005,1,3,4
020900006,0,1,1
020900007,2,4,6
020900008,10,7,17
020900009,4,2,6
020900010,3,3,6
020900011,1,7,8
020900012,2,6,8
020900013,4,5,9
020900014,2,2,4
020900015,8,1,9
020900018,4,3,7
020900019,3,3,6
021009668,4,0,4
021109769,7,7,14
021109770,9,10,19
021109771,1,2,3
021109772,3,3,6
021109773,12,14,26
021109774,4,0,4
021229527,0,1,1
021229528,2,2,4
021229530,1,0,1
021229531,0,1,1
021229532,3,2,5
021229533,14,20,34
021229534,0,1,1
021229535,1,1,2
021229536,0,1,1
021229537,0,1,1
021229538,2,8,10
021229539,6,0,6
021229541,2,1,3
021309583,1,0,1
021309686,0,1,1
021309687,19,15,34
021309688,1,0,1
021509622,7,3,10
021509623,4,5,9
021509624,2,0,2
021709744,1,1,2
021709749,9,5,14
021709750,2,17,19
021709751,1,1,2
021709752,12,6,18
021709753,3,0,3
021709755,7,3,10
021709756,1,0,1
021809510,9,4,13
021859502,9,0,9
021889709,7,0,7
022019582,2,0,2
022019583,1,0,1
022209675,3,1,4
022209676,16,10,26
022329566,0,1,1
022409558,1,0,1
022409559,2,1,3
022619861,2,1,3
022619862,1,1,2
022619863,6,0,6
022809777,5,0,5
022809780,5,0,5
022909604,1,0,1
040019704,5,4,9
040019705,7,2,9
040019773,2,0,2
040019774,24,8,32
040019776,15,3,18
040019777,0,3,3
040019778,10,3,13
040030002,8,2,10
040030003,10,4,14
040030004,1,1,2
040030005,1,0,1
040030007,5,2,7
040030008,3,0,3
040030009,4,5,9
040030011,9,1,10
040030012,1,1,2
040030014,2,3,5
040030015,1,1,2
040030016,20,19,39
040030017,6,4,10
040030018,11,15,26
040030019,7,5,12
040030020,2,2,4
040030021,3,6,9
040050001,7,13,20
040050002,31,68,99
040050003,3,5,8
040050004,4,4,8
040050005,0,2,2
040050006,5,10,15
040050007,1,1,2
040050008,0,1,1
040050009,0,3,3
040050010,7,3,10
040050011,3,4,7
040050012,7,14,21
040050013,7,6,13
040050014,3,6,9
040050015,4,2,6
040050016,8,14,22
040050017,3,3,6
040050018,1,4,5
040050020,1,0,1
040050022,10,7,17
040050024,29,13,42
040079801,5,3,8
040079803,5,11,16
040079804,2,4,6
040079805,10,14,24
040079806,0,1,1
040079808,0,1,1
040079809,8,1,9
040079810,0,4,4
040079811,6,7,13
040079812,5,0,5
040079813,1,0,1
040079950,9,1,10
040090002,1,0,1
040099910,2,0,2
040099911,1,0,1
040099912,12,1,13
040099913,4,4,8
040099914,1,0,1
040099915,0,1,1
040119902,5,2,7
040119903,1,0,1
040120201,1,0,1
040120202,3,0,3
040120203,5,3,8
040120204,3,5,8
040120205,2,0,2
040120206,1,1,2
040130101,11,38,49
040130303,265,270,535
040130304,16,31,47
040130405,87,118,205
040130506,1,2,3
040130507,1,0,1
040130608,1,1,2
040130610,47,30,77
040130611,2,5,7
040130612,0,2,2
040130613,2,0,2
040130614,1,0,1
040130715,98,127,225
040130716,1,1,2
040130717,3,2,5
040130718,5,13,18
040130719,5,3,8
040130820,11,11,22
040130821,1,1,2
040130923,15,25,40
040130924,5,2,7
040130925,5,1,6
040130926,0,1,1
040130927,2,0,2
040130929,5,5,10
040130930,2,0,2
040130931,1,0,1
040131032,112,159,271
040131033,16,21,37
040131034,11,10,21
040131035,6,9,15
040131036,73,86,159
040131037,23,22,45
040131038,3,20,23
040131039,1,1,2
040131040,1,1,2
040131041,0,3,3
040131042,102,111,213
040131043,0,2,2
040131044,11,3,14
040131045,1,0,1
040131046,31,61,92
040131047,4,4,8
040131048,21,23,44
040131049,2,5,7
040131050,53,163,216
040131051,74,169,243
040131052,6,8,14
040131053,12,17,29
040131054,12,10,22
040131055,6,25,31
040131057,5,3,8
040131058,4,6,10
040131059,5,5,10
040131060,6,4,10
040131061,11,18,29
040131062,17,33,50
040131063,21,22,43
040131064,8,21,29
040131065,8,7,15
040131066,17,18,35
040131067,13,8,21
040131068,32,30,62
040131069,3,0,3
040131070,9,1,10
040131071,1,1,2
040131072,1,1,2
040131073,3,3,6
040131074,18,20,38
040131075,18,32,50
040131076,2,9,11
040131077,11,14,25
040131078,12,50,62
040131079,22,48,70
040131080,9,34,43
040131081,9,9,18
040131082,4,2,6
040131083,27,33,60
040131084,14,21,35
040131085,19,39,58
040131086,13,27,40
040131087,5,14,19
040131088,3,4,7
040131089,10,3,13
040131090,9,17,26
040131094,19,17,36
040131095,3,1,4
040131096,3,0,3
040131097,5,16,21
040131098,2,1,3
040131099,1,0,1
040131100,4,0,4
040131101,1,1,2
040131103,1,4,5
040131104,1,4,5
040131105,101,185,286
040131106,4,13,17
040131107,8,9,17
040131108,3,5,8
040131109,7,10,17
040131110,7,14,21
040131111,11,11,22
040131112,16,33,49
040131113,22,5,27
040131114,0,3,3
040131115,8,12,20
040131116,4,23,27
040131117,11,28,39
040131118,32,111,143
040131119,7,9,16
040131120,2,1,3
040131121,1,1,2
040131123,1,1,2
040131125,9,1,10
040131126,1,0,1
040131127,2,0,2
040131129,2,0,2
040131130,2,7,9
040131131,4,7,11
040131132,55,143,198
040131133,5,23,28
040131134,17,36,53
040131135,0,1,1
040131136,1,0,1
040131137,1,0,1
040131138,7,1,8
040131139,1,0,1
040131140,4,5,9
040131141,3,8,11
040131142,2,0,2
040131143,1,1,2
040131149,5,9,14
040131151,0,1,1
040131152,0,1,1
040131158,2,0,2
040131160,2,1,3
040131162,3,1,4
040131163,0,1,1
040131164,1,0,1
040131165,1,0,1
040131166,2,1,3
040131167,136,123,259
040132168,340,743,1083
040132169,9,22,31
040132170,7,21,28
040132171,3,6,9
040132172,37,82,119
040132173,7,10,17
040132174,4,8,12
040132175,8,4,12
040132176,34,89,123
040132177,5,3,8
040132178,7,1,8
040132179,6,9,15
040132180,8,6,14
040132181,2,0,2
040132182,6,4,10
040132183,7,1,8
040133184,1,1,2
040133185,1,6,7
040133186,0,9,9
040133187,0,1,1
040133189,5,3,8
040133190,10,10,20
040133191,1,3,4
040133194,60,58,118
040133195,3,3,6
040133196,7,7,14
040133197,6,7,13
040133198,9,11,20
040133199,43,46,89
040133200,5,2,7
040134201,12,11,23
040134202,33,27,60
040134203,13,4,17
040134204,0,5,5
040134205,2,5,7
040134206,13,21,34
040134207,27,17,44
040134208,7,6,13
040134209,10,14,24
040134210,6,1,7
040134211,22,37,59
040134212,3,3,6
040134213,0,7,7
040134214,19,19,38
040134215,22,8,30
040134216,1,0,1
040134217,3,1,4
040134218,9,2,11
040134220,1,0,1
040134221,5,8,13
040134222,72,114,186
040134223,23,42,65
040134224,7,14,21
040134225,46,40,86
040134226,59,65,124
040135227,123,106,229
040135229,2,0,2
040135230,22,20,42
040135231,18,17,35
040137233,3,0,3
040150019,2,0,2
040159503,0,1,1
040159506,0,1,1
040159507,0,1,1
040159508,1,2,3
040159509,14,21,35
040159510,9,10,19
040159511,2,2,4
040159514,4,5,9
040159515,6,11,17
040159516,10,3,13
040159517,2,2,4
040159518,0,2,2
040159519,1,4,5
040159520,11,6,17
040159524,0,1,1
040159525,1,3,4
040159528,1,5,6
040159529,1,5,6
040159530,18,19,37
040159531,2,3,5
040159532,2,9,11
040159533,0,2,2
040159534,4,4,8
040179602,3,2,5
040179604,6,2,8
040179606,9,1,10
040179607,1,1,2
040179608,2,2,4
040179609,3,0,3
040179610,1,0,1
040179611,1,8,9
040179612,4,5,9
040179613,12,12,24
040179614,17,8,25
040179650,8,2,10
040179660,9,2,11
040179672,1,2,3
040179673,10,2,12
040190001,2,4,6
040190002,0,1,1
040190003,0,1,1
040190004,7,3,10
040190005,10,11,21
040190006,27,50,77
040190007,5,4,9
040190008,1,1,2
040190009,1,0,1
040190011,3,4,7
040190012,1,1,2
040190013,4,3,7
040190014,0,2,2
040190015,24,13,37
040190016,86,270,356
040190017,5,5,10
040190018,6,22,28
040190019,11,21,32
040190020,1,3,4
040190021,1,0,1
040190022,1,2,3
040190023,1,5,6
040190024,7,20,27
040190025,19,3,22
040190026,10,6,16
040190027,31,73,104
040190028,5,28,33
040190029,56,121,177
040190030,69,95,164
040190031,5,10,15
040190032,9,26,35
040190033,18,33,51
040190034,5,6,11
040190035,6,6,12
040190036,2,6,8
040190037,1,0,1
040190038,2,0,2
040190039,1,1,2
040190040,175,280,455
040190041,13,14,27
040190042,4,0,4
040190043,36,55,91
040190044,71,113,184
040190045,12,18,30
040190046,144,199,343
040190047,250,514,764
040190048,7,3,10
040190049,1,1,2
040190050,4,0,4
040199960,0,1,1
040210001,4,0,4
040210002,0,2,2
040210003,12,6,18
040210005,1,1,2
040210006,8,6,14
040210007,3,1,4
040210008,0,1,1
040210009,5,1,6
040210010,2,0,2
040210011,2,0,2
040210012,1,1,2
040210013,12,10,22
040210014,20,15,35
040210016,1,2,3
040210017,1,0,1
040210047,2,1,3
040239960,10,4,14
040239961,7,8,15
040239962,0,1,1
040239963,1,0,1
040239964,13,3,16
040250001,0,1,1
040250002,5,3,8
040250003,4,4,8
040250004,5,11,16
040250005,2,2,4
040250006,10,3,13
040250008,6,18,24
040250009,19,24,43
040250010,32,40,72
040250011,11,21,32
040250012,5,9,14
040250013,1,0,1
040250014,1,0,1
040250015,3,0,3
040250016,5,4,9
040250017,8,16,24
040250018,13,26,39
040250019,2,1,3
040250020,23,35,58
040270001,6,9,15
040270002,1,2,3
040270004,2,0,2
040270005,16,23,39
040270006,2,0,2
040270008,20,18,38
040270009,12,19,31
040270010,11,21,32
040270011,1,4,5
040270012,4,1,5
040270109,3,9,12
040270110,0,1,1
040270111,1,1,2
040270114,1,3,4
040270115,2,3,5
050019802,0,1,1
050019803,1,2,3
050019805,9,2,11
050019807,3,1,4
050039603,1,0,1
050039604,1,0,1
050039606,11,2,13
050059501,0,3,3
050059502,11,20,31
050059503,2,12,14
050059504,17,17,34
050059507,1,5,6
050059508,3,3,6
050059509,2,2,4
050070101,2,0,2
050070105,2,0,2
050070201,1,3,4
050070202,14,14,28
050070203,11,9,20
050070204,21,17,38
050070205,6,5,11
050070206,14,15,29
050070207,4,3,7
050070208,11,10,21
050070209,7,5,12
050070210,3,0,3
050070211,2,4,6
050070212,13,0,13
050070213,14,11,25
050070214,6,4,10
050099901,2,1,3
050099902,0,1,1
050099903,3,1,4
050099904,1,3,4
050099905,22,21,43
050099906,5,4,9
050119501,3,0,3
050119503,3,1,4
050119504,1,1,2
050139802,2,0,2
050159501,8,4,12
050159502,3,1,4
050159503,11,4,15
050159504,1,0,1
050159505,1,1,2
050179801,0,1,1
050179802,6,1,7
050179803,10,3,13
050179804,1,2,3
050199536,12,4,16
050199538,3,1,4
050199539,1,0,1
050219504,5,0,5
050219506,3,0,3
050239801,2,1,3
050239802,2,1,3
050239803,1,1,2
050239804,10,6,16
050239805,5,1,6
050250020,1,0,1
050279501,1,0,1
050279502,1,0,1
050279503,1,0,1
050279504,9,2,11
050279505,4,3,7
050299503,7,4,11
050299504,2,0,2
050299506,1,0,1
050310001,56,112,168
050310002,2,0,2
050310003,6,8,14
050310004,19,9,28
050310005,3,5,8
050310006,1,0,1
050310008,22,23,45
050310010,2,0,2
050310011,3,1,4
050330201,3,0,3
050330202,6,1,7
050330203,6,3,9
050330204,1,3,4
050330205,12,7,19
050330206,4,1,5
050350302,9,6,15
050350303,14,10,24
050350305,1,0,1
050350308,6,2,8
050350311,1,0,1
050379501,1,0,1
050379502,1,0,1
050379505,3,1,4
050379506,6,2,8
050399703,5,2,7
050419502,7,4,11
050419503,1,0,1
050419504,4,1,5
050419505,0,1,1
050419901,0,1,1
050439903,11,2,13
050450301,4,2,6
050450302,0,1,1
050450303,1,3,4
050450304,4,4,8
050450305,2,1,3
050450306,1,5,6
050450307,9,10,19
050450308,22,21,43
050450310,11,8,19
050450311,1,1,2
050479502,5,2,7
050479503,0,1,1
050499501,1,1,2
050499502,6,1,7
050499702,1,0,1
050499703,2,0,2
050510101,5,7,12
050510104,2,2,4
050510105,3,2,5
050510106,1,4,5
050510107,1,4,5
050510108,5,14,19
050510109,4,4,8
050510110,0,1,1
050510111,3,2,5
050510112,7,5,12
050510113,1,4,5
050510114,0,9,9
050510115,0,9,9
050510116,29,32,61
050510117,4,1,5
050510118,31,54,85
050510119,7,13,20
050539704,7,0,7
050559801,0,1,1
050559802,2,1,3
050559804,12,12,24
050559806,2,1,3
050559807,0,1,1
050559808,8,4,12
050579801,1,0,1
050579802,0,1,1
050579803,13,5,18
050579804,0,2,2
050579805,3,0,3
050590202,1,0,1
050590203,4,0,4
050590204,10,2,12
050590207,1,1,2
050619501,1,0,1
050619503,5,4,9
050639901,1,0,1
050639902,7,11,18
050639903,12,6,18
050639904,1,0,1
050639905,12,18,30
050639907,3,1,4
050659601,1,1,2
050659602,2,0,2
050659603,4,1,5
050679802,4,1,5
050679803,12,10,22
050690002,1,0,1
050690003,6,2,8
050690005,1,0,1
050690010,4,1,5
050690011,2,1,3
050690012,2,0,2
050690013,1,0,1
050690014,2,0,2
050690015,7,25,32
050690016,0,1,1
050690018,61,46,107
050690019,2,2,4
050690020,1,6,7
050690021,4,9,13
050719519,1,0,1
050719520,12,6,18
050719521,5,0,5
050739701,1,0,1
050739702,1,1,2
050739703,1,0,1
050759702,0,1,1
050759703,1,0,1
050759705,7,1,8
050779703,8,1,9
050799605,1,1,2
050810301,3,1,4
050810302,1,0,1
050810303,0,1,1
050839501,0,1,1
050839503,5,1,6
050839505,6,3,9
050850034,1,0,1
050850201,2,5,7
050850202,11,2,13
050850203,0,1,1
050850204,2,1,3
050850205,4,0,4
050850207,1,0,1
050870110,1,0,1
050879602,4,3,7
050899602,5,3,8
050899603,1,4,5
050910201,2,1,3
050910202,1,3,4
050910203,1,4,5
050910204,1,0,1
050910207,3,3,6
050910208,13,0,13
050910209,0,1,1
050930101,7,3,10
050930102,3,0,3
050930104,1,0,1
050930106,14,4,18
050930108,2,0,2
050930110,6,1,7
050930111,1,1,2
050959501,3,0,3
050959502,1,1,2
050959503,2,1,3
050979530,3,1,4
050979532,2,0,2
050999902,3,0,3
051019802,2,2,4
051019905,0,1,1
051039501,1,0,1
051039502,3,0,3
051039503,2,0,2
051039504,8,3,11
051039506,3,3,6
051059528,3,0,3
051079801,9,6,15
051079802,2,1,3
051079803,0,1,1
051079804,10,1,11
051079806,1,0,1
051099533,3,0,3
051099535,4,1,5
051119901,1,0,1
051119903,3,0,3
051119905,2,1,3
051119907,3,0,3
051139501,1,0,1
051139502,11,10,21
051139503,2,0,2
051139504,1,0,1
051159507,1,0,1
051159508,0,1,1
051159509,2,0,2
051159511,1,1,2
051159512,2,0,2
051159513,2,9,11
051159514,6,7,13
051159515,31,14,45
051159516,7,14,21
051179601,1,0,1
051179602,1,0,1
051179603,1,0,1
051179805,1,0,1
051190001,5,9,14
051190002,1,0,1
051190003,2,1,3
051190005,2,0,2
051190006,7,6,13
051190008,1,0,1
051190009,0,3,3
051190010,92,57,149
051190014,10,7,17
051190015,42,99,141
051190016,18,49,67
051190017,66,210,276
051190018,7,13,20
051190019,1,0,1
051190020,4,0,4
051190021,73,169,242
051190022,83,201,284
051190023,1,3,4
051190024,56,210,266
051190025,0,5,5
051190027,1,0,1
051190029,9,7,16
051190030,1,2,3
051190031,2,7,9
051190032,2,1,3
051190033,13,24,37
051190034,2,2,4
051190035,3,0,3
051190036,22,7,29
051190037,25,26,51
051190038,13,29,42
051190039,0,2,2
051190040,3,2,5
051190041,7,10,17
051190042,114,369,483
051190043,17,25,42
051190104,1,2,3
051199527,0,1,1
051219601,1,1,2
051219603,10,3,13
051239601,1,0,1
051239604,4,1,5
051239605,10,5,15
051250101,18,17,35
051250102,2,1,3
051250103,21,14,35
051250104,5,1,6
051250105,12,13,25
051279501,1,0,1
051279502,5,1,6
051279503,1,0,1
051299702,3,1,4
051299703,0,1,1
051310003,1,0,1
051310004,0,1,1
051310005,1,0,1
051310006,20,26,46
051310007,5,10,15
051310008,13,21,34
051310009,47,0,47
051310010,12,46,58
051310011,31,76,107
051310012,3,6,9
051310013,47,43,90
051310101,4,5,9
051310102,8,2,10
051310103,2,6,8
051339801,1,0,1
051339802,1,0,1
051339803,10,2,12
051359702,4,3,7
051359703,2,1,3
051359901,1,0,1
051379501,1,1,2
051379502,9,3,12
051399502,1,0,1
051399503,1,0,1
051399504,5,2,7
051399505,1,0,1
051399506,3,6,9
051399507,22,16,38
051399508,24,29,53
051399509,2,1,3
051399510,1,0,1
051419601,7,0,7
051419802,2,1,3
051430101,53,85,138
051430102,1,0,1
051430103,16,4,20
051430104,6,10,16
051430105,16,9,25
051430106,3,3,6
051430107,36,39,75
051430108,10,34,44
051430109,5,0,5
051430110,4,2,6
051430111,9,3,12
051430112,17,32,49
051430213,2,0,2
051459701,1,0,1
051459704,3,8,11
051459705,1,1,2
051459706,1,0,1
051459707,20,14,34
051459708,8,5,13
051459709,10,22,32
051459711,0,1,1
051459712,6,0,6
051459805,1,0,1
051479804,2,0,2
051479902,3,0,3
051499523,7,5,12
051499525,7,1,8
051499526,1,0,1
060013920,2,1,3
060014001,12,18,30
060014002,2,8,10
060014003,12,14,26
060014004,14,19,33
060014005,2,3,5
060014006,3,0,3
060014007,1,8,9
060014008,3,1,4
060014010,19,42,61
060014011,8,20,28
060014012,3,2,5
060014013,74,153,227
060014016,0,1,1
060014017,1,2,3
060014019,0,4,4
060014020,0,1,1
060014024,1,0,1
060014025,0,3,3
060014027,1,2,3
060014028,1,0,1
060014029,10,18,28
060014030,16,9,25
060014031,1,4,5
060014032,3,3,6
060014033,0,1,1
060014034,11,5,16
060014035,2,6,8
060014036,3,5,8
060014037,16,16,32
060014038,18,10,28
060014039,5,4,9
060014040,118,84,202
060014041,21,15,36
060014042,9,28,37
060014043,17,30,47
060014044,17,22,39
060014045,29,56,85
060014046,10,39,49
060014047,8,14,22
060014048,9,7,16
060014049,1,2,3
060014050,8,7,15
060014051,22,10,32
060014052,7,5,12
060014053,6,12,18
060014054,2,1,3
060014055,2,1,3
060014057,43,48,91
060014059,0,1,1
060014060,2,0,2
060014061,2,2,4
060014062,9,1,10
060014063,1,2,3
060014064,2,1,3
060014066,2,0,2
060014067,11,15,26
060014068,5,1,6
060014069,3,2,5
060014070,3,2,5
060014071,4,5,9
060014072,1,1,2
060014075,2,0,2
060014076,1,3,4
060014077,1,1,2
060014078,2,3,5
060014079,1,4,5
060014080,10,6,16
060014081,17,28,45
060014082,0,2,2
060014083,1,1,2
060014085,0,1,1
060014086,1,1,2
060014089,1,0,1
060014090,2,2,4
060014093,3,0,3
060014097,1,0,1
060014098,1,0,1
060014099,8,10,18
060014100,5,5,10
060014101,3,4,7
060014102,1,0,1
060014104,1,0,1
060014201,6,5,11
060014202,5,7,12
060014203,10,8,18
060014204,2,1,3
060014205,6,6,12
060014206,14,10,24
060014211,10,21,31
060014212,19,37,56
060014213,9,17,26
060014214,6,4,10
060014215,20,25,45
060014216,22,21,43
060014217,17,9,26
060014218,8,5,13
060014219,5,3,8
060014220,2,6,8
060014222,4,3,7
060014223,4,5,9
060014224,7,22,29
060014225,12,7,19
060014226,12,17,29
060014227,0,9,9
060014228,1,3,4
060014229,8,25,33
060014230,1,4,5
060014231,1,6,7
060014233,3,2,5
060014234,6,3,9
060014235,7,23,30
060014236,42,32,74
060014237,11,23,34
060014238,16,43,59
060014239,46,103,149
060014240,4,1,5
060014251,15,30,45
060014261,32,72,104
060014262,15,18,33
060014271,3,5,8
060014272,2,1,3
060014273,3,8,11
060014276,0,1,1
060014277,5,5,10
060014278,7,8,15
060014279,8,11,19
060014280,6,5,11
060014281,14,2,16
060014282,4,6,10
060014283,24,22,46
060014284,8,5,13
060014285,7,10,17
060014286,2,6,8
060014301,8,17,25
060014302,7,6,13
060014303,5,7,12
060014304,0,3,3
060014305,4,0,4
060014306,8,4,12
060014307,2,3,5
060014308,0,2,2
060014309,24,50,74
060014310,0,2,2
060014311,1,5,6
060014312,2,8,10
060014321,1,2,3
060014322,3,1,4
060014323,1,0,1
060014324,0,1,1
060014326,10,18,28
060014327,6,4,10
060014328,7,14,21
060014329,2,1,3
060014331,15,30,45
060014332,0,3,3
060014333,1,0,1
060014334,5,2,7
060014335,0,1,1
060014337,1,0,1
060014338,6,7,13
060014339,0,3,3
060014351,14,11,25
060014352,0,2,2
060014353,2,1,3
060014354,5,7,12
060014355,5,3,8
060014356,1,0,1
060014357,0,1,1
060014358,2,0,2
060014359,1,0,1
060014361,0,1,1
060014364,7,8,15
060014365,1,1,2
060014368,4,1,5
060014369,0,2,2
060014371,5,7,12
060014372,3,1,4
060014373,23,15,38
060014376,2,1,3
060014377,0,5,5
060014380,0,1,1
060014381,2,1,3
060014382,1,1,2
060014384,53,79,132
060014402,1,1,2
060014403,15,22,37
060014411,4,5,9
060014412,6,4,10
060014413,2,2,4
060014414,5,5,10
060014415,26,30,56
060014416,1,3,4
060014417,3,5,8
060014418,15,12,27
060014419,103,119,222
060014420,6,10,16
060014421,3,3,6
060014422,5,7,12
060014423,0,3,3
060014424,3,6,9
060014425,3,2,5
060014426,8,10,18
060014427,2,1,3
060014429,0,2,2
060014430,1,1,2
060014431,20,37,57
060014432,7,7,14
060014433,4,2,6
060014441,3,1,4
060014442,2,0,2
060014443,1,1,2
060014444,1,0,1
060014445,4,0,4
060014446,0,4,4
060014501,2,5,7
060014502,5,6,11
060014503,1,3,4
060014504,1,2,3
060014505,5,8,13
060014506,53,53,106
060014507,47,67,114
060014511,6,7,13
060014512,0,1,1
060014513,1,1,2
060014514,3,4,7
060014515,3,6,9
060014516,12,18,30
060014517,2,4,6
060050001,4,7,11
060050002,8,5,13
060050003,4,4,8
060050004,21,11,32
060050005,4,5,9
060070001,5,3,8
060070002,2,0,2
060070003,16,44,60
060070004,12,17,29
060070005,6,5,11
060070006,5,10,15
060070007,19,48,67
060070008,11,12,23
060070009,11,15,26
060070010,2,3,5
060070011,3,0,3
060070012,0,2,2
060070013,0,1,1
060070014,4,8,12
060070015,5,4,9
060070016,3,11,14
060070017,3,1,4
060070018,7,11,18
060070019,3,6,9
060070020,8,6,14
060070021,8,12,20
060070022,5,8,13
060070023,6,11,17
060070024,1,0,1
060070025,2,1,3
060070026,4,5,9
060070027,4,4,8
060070028,6,0,6
060070029,4,4,8
060070030,13,13,26
060070031,2,2,4
060070034,1,0,1
060070035,6,1,7
060090001,13,9,22
060090002,3,4,7
060090003,4,3,7
060090004,1,0,1
060090005,7,4,11
060110002,5,4,9
060110003,1,1,2
060110005,1,1,2
060133010,1,0,1
060133020,2,2,4
060133031,2,1,3
060133032,6,8,14
060133040,4,5,9
060133050,1,0,1
060133060,3,2,5
060133071,1,1,2
060133072,30,3,33
060133080,9,8,17
060133090,0,1,1
060133120,1,3,4
060133131,10,6,16
060133132,4,2,6
060133141,1,0,1
060133150,0,1,1
060133160,1,0,1
060133170,2,0,2
060133180,29,8,37
060133190,2,1,3
060133200,4,5,9
060133211,48,66,114
060133212,3,1,4
060133220,7,9,16
060133230,9,6,15
060133240,5,5,10
060133250,2,1,3
060133260,5,2,7
060133270,2,6,8
060133280,3,5,8
060133290,33,61,94
060133300,1,0,1
060133310,4,1,5
060133320,0,2,2
060133331,5,2,7
060133332,2,0,2
060133340,6,7,13
060133350,0,1,1
060133361,0,1,1
060133362,1,2,3
060133371,1,1,2
060133372,3,2,5
060133373,4,5,9
060133381,3,2,5
060133382,22,37,59
060133383,53,147,200
060133390,57,101,158
060133400,14,32,46
060133410,8,14,22
060133420,8,5,13
060133430,39,50,89
060133440,13,9,22
060133451,59,98,157
060133452,33,53,86
060133461,22,52,74
060133462,18,33,51
060133470,20,38,58
060133480,15,44,59
060133490,14,33,47
060133500,14,29,43
060133511,29,46,75
060133512,11,16,27
060133521,9,25,34
060133522,14,18,32
060133530,40,64,104
060133540,37,65,102
060133551,42,67,109
060133552,2,2,4
060133553,18,24,42
060133560,7,7,14
060133570,2,4,6
060133580,2,0,2
060133591,30,38,68
060133592,10,8,18
060133601,8,5,13
060133602,2,1,3
060133610,1,7,8
060133620,6,1,7
060133630,3,3,6
060133640,1,1,2
060133650,7,10,17
060133660,1,2,3
060133671,0,1,1
060133672,1,5,6
060133690,10,28,38
060133700,5,5,10
060133710,2,2,4
060133720,0,12,12
060133740,0,1,1
060133760,24,17,41
060133770,1,0,1
060133780,4,8,12
060133800,10,7,17
060133810,4,4,8
060133820,1,2,3
060133830,1,2,3
060133840,7,7,14
060133851,5,9,14
060133852,7,6,13
060133860,2,2,4
060133870,3,4,7
060133880,0,1,1
060133891,1,2,3
060133901,0,7,7
060133902,4,3,7
060133910,12,10,22
060133920,5,11,16
060134212,0,1,1
060150001,23,18,41
060150002,5,7,12
060170201,0,1,1
060170301,0,1,1
060170302,6,14,20
060170303,8,9,17
060170304,11,20,31
060170305,1,3,4
060170306,4,5,9
060170307,16,30,46
060170308,25,23,48
060170309,3,2,5
060170310,2,4,6
060170311,5,7,12
060170312,24,17,41
060170313,5,5,10
060170314,2,5,7
060170315,11,11,22
060190001,4,3,7
060190002,1,3,4
060190003,1,0,1
060190004,1,1,2
060190005,24,28,52
060190006,7,10,17
060190009,1,0,1
060190010,1,0,1
060190011,0,2,2
060190014,13,16,29
060190016,4,0,4
060190017,2,0,2
060190018,0,2,2
060190019,2,1,3
060190022,4,9,13
060190023,2,1,3
060190024,1,0,1
060190026,3,3,6
060190027,65,41,106
060190028,0,1,1
060190029,3,1,4
060190030,4,7,11
060190031,5,6,11
060190032,0,1,1
060190033,5,5,10
060190034,11,18,29
060190035,0,3,3
060190036,2,2,4
060190037,1,0,1
060190038,1,4,5
060190039,2,0,2
060190040,6,0,6
060190042,37,25,62
060190043,58,100,158
060190044,99,139,238
060190045,42,90,132
060190046,5,14,19
060190047,1,1,2
060190049,6,8,14
060190050,7,4,11
060190051,9,6,15
060190052,4,10,14
060190053,20,17,37
060190054,42,49,91
060190055,142,225,367
060190056,22,9,31
060190057,8,13,21
060190058,10,4,14
060190059,17,25,42
060190060,9,0,9
060190061,1,0,1
060190062,5,0,5
060190063,5,5,10
060190064,7,6,13
060190065,1,0,1
060190066,11,4,15
060190067,2,1,3
060190068,1,1,2
060190069,1,1,2
060190070,9,2,11
060190071,1,0,1
060190072,8,1,9
060190074,1,0,1
060190075,1,0,1
060190077,3,1,4
060190079,0,2,2
060190080,1,0,1
060190081,5,1,6
060190082,1,0,1
060190084,1,0,1
060210101,4,1,5
060210103,0,1,1
060210104,5,5,10
060210105,1,0,1
060230001,2,12,14
060230002,0,4,4
060230003,3,1,4
060230004,0,4,4
060230005,1,4,5
060230006,24,37,61
060230007,13,11,24
060230008,9,22,31
060230009,14,9,23
060230010,10,8,18
060230011,12,12,24
060230012,4,7,11
060230101,9,1,10
060230102,6,6,12
060230103,1,1,2
060230104,2,3,5
060230105,6,6,12
060230106,1,3,4
060230107,0,6,6
060230108,8,2,10
060230109,14,12,26
060230110,2,1,3
060230111,2,0,2
060230112,3,0,3
060230113,3,3,6
060250101,1,0,1
060250104,2,2,4
060250105,2,0,2
060250106,13,10,23
060250110,2,1,3
060250111,2,2,4
060250112,1,0,1
060250113,1,3,4
060250115,1,5,6
060250116,0,5,5
060250117,7,6,13
060250118,12,21,33
060250119,0,3,3
060250120,1,0,1
060250121,4,11,15
060250122,1,0,1
060250123,1,0,1
060250124,1,0,1
060250456,1,0,1
060270001,1,2,3
060270002,0,1,1
060270003,4,5,9
060270004,17,11,28
060270005,1,0,1
060270006,4,2,6
060290001,8,27,35
060290002,0,1,1
060290005,8,9,17
060290006,33,23,56
060290007,1,4,5
060290008,3,3,6
060290009,49,78,127
060290010,2,1,3
060290011,0,2,2
060290012,33,23,56
060290013,1,0,1
060290014,1,0,1
060290016,21,49,70
060290017,21,59,80
060290018,34,53,87
060290019,1,2,3
060290020,1,0,1
060290022,1,0,1
060290023,1,0,1
060290025,0,2,2
060290027,1,0,1
060290028,122,117,239
060290029,1,2,3
060290031,7,14,21
060290032,3,2,5
060290033,2,3,5
060290035,5,4,9
060290037,1,1,2
060290038,33,31,64
060290041,3,1,4
060290043,2,0,2
060290044,6,0,6
060290046,1,1,2
060290047,5,0,5
060290049,4,0,4
060290050,17,10,27
060290051,7,5,12
060290052,10,5,15
060290053,1,1,2
060290054,26,9,35
060290055,4,3,7
060290057,10,4,14
060290058,1,1,2
060290060,10,6,16
060290061,9,2,11
060290062,2,0,2
060290064,0,1,1
060310001,2,1,3
060310002,1,0,1
060310004,13,4,17
060310006,13,15,28
060310007,5,2,7
060310008,0,1,1
060310009,8,10,18
060310010,19,19,38
060310013,1,0,1
060310014,4,0,4
060310015,3,1,4
060310017,1,0,1
060330001,2,0,2
060330002,0,1,1
060330003,7,13,20
060330004,6,10,16
060330005,3,3,6
060330006,0,2,2
060330008,9,4,13
060330009,3,4,7
060330010,2,0,2
060330011,2,0,2
060330012,0,3,3
060330013,6,4,10
060350005,0,3,3
060350401,1,0,1
060350403,17,5,22
060350405,2,2,4
060350406,0,1,1
060370059,0,2,2
060371011,3,1,4
060371012,5,0,5
060371013,2,5,7
060371014,1,1,2
060371021,1,4,5
060371031,0,3,3
060371032,3,1,4
060371033,4,1,5
060371034,1,3,4
060371041,1,2,3
060371042,1,0,1
060371044,2,0,2
060371046,1,0,1
060371060,10,17,27
060371061,3,3,6
060371064,1,3,4
060371065,0,4,4
060371066,48,62,110
060371070,1,0,1
060371081,30,36,66
060371082,15,22,37
060371091,19,11,30
060371092,0,6,6
060371093,0,2,2
060371094,2,0,2
060371096,8,5,13
060371097,1,1,2
060371098,0,2,2
060371111,0,1,1
060371112,25,31,56
060371113,25,20,45
060371114,4,13,17
060371131,10,12,22
060371132,16,20,36
060371133,18,14,32
060371134,2,4,6
060371151,20,28,48
060371152,14,18,32
060371153,6,13,19
060371154,21,20,41
060371171,1,2,3
060371172,22,42,64
060371173,4,8,12
060371174,6,7,13
060371175,2,1,3
060371190,2,1,3
060371192,1,1,2
060371193,7,2,9
060371197,1,1,2
060371198,1,0,1
060371199,2,0,2
060371200,3,8,11
060371201,3,4,7
060371203,1,0,1
060371204,63,52,115
060371210,0,1,1
060371211,2,1,3
060371212,11,4,15
060371218,1,2,3
060371220,2,2,4
060371221,1,4,5
060371222,1,1,2
060371224,0,2,2
060371231,2,1,3
060371232,2,0,2
060371233,5,5,10
060371234,2,2,4
060371235,6,1,7
060371236,1,5,6
060371237,2,0,2
060371238,5,5,10
060371239,0,1,1
060371240,9,10,19
060371241,2,5,7
060371242,1,0,1
060371243,2,0,2
060371244,6,2,8
060371245,4,3,7
060371246,9,12,21
060371247,16,30,46
060371249,1,5,6
060371251,5,10,15
060371252,1,2,3
060371253,1,3,4
060371254,1,5,6
060371255,2,1,3
060371256,2,2,4
060371271,2,7,9
060371272,0,3,3
060371273,3,5,8
060371274,3,4,7
060371275,1,1,2
060371276,3,4,7
060371277,4,2,6
060371278,55,80,135
060371279,3,2,5
060371281,3,2,5
060371282,6,4,10
060371283,5,0,5
060371284,1,2,3
060371285,4,8,12
060371286,2,1,3
060371287,15,30,45
060371288,4,10,14
060371289,24,49,73
060371310,8,15,23
060371311,1,1,2
060371313,0,1,1
060371314,38,39,77
060371316,1,1,2
060371317,3,4,7
060371318,2,7,9
060371319,1,1,2
060371320,2,5,7
060371321,3,2,5
060371323,6,12,18
060371325,2,3,5
060371327,0,1,1
060371329,1,4,5
060371330,1,2,3
060371331,2,3,5
060371340,4,0,4
060371341,12,5,17
060371342,1,0,1
060371343,16,5,21
060371344,66,73,139
060371345,7,2,9
060371347,1,1,2
060371348,2,2,4
060371349,6,5,11
060371351,21,21,42
060371352,9,16,25
060371370,3,16,19
060371371,55,81,136
060371372,6,4,10
060371373,7,18,25
060371374,23,34,57
060371375,20,55,75
060371380,8,6,14
060371390,2,4,6
060371392,8,24,32
060371393,8,10,18
060371394,82,126,208
060371395,18,31,49
060371396,21,39,60
060371397,91,240,331
060371398,32,55,87
060371411,8,12,20
060371412,19,14,33
060371413,29,30,59
060371414,15,33,48
060371415,17,43,60
060371416,12,40,52
060371417,12,14,26
060371431,11,26,37
060371432,2,5,7
060371433,7,12,19
060371434,3,6,9
060371435,7,5,12
060371436,12,14,26
060371437,8,20,28
060371438,18,16,34
060371439,21,33,54
060371810,10,4,14
060371813,2,3,5
060371814,3,5,8
060371815,1,0,1
060371816,2,1,3
060371831,7,4,11
060371832,5,1,6
060371833,3,0,3
060371834,1,1,2
060371835,1,1,2
060371836,1,0,1
060371837,4,8,12
060371838,4,0,4
060371851,4,11,15
060371852,4,7,11
060371853,0,2,2
060371861,3,3,6
060371862,4,1,5
060371863,5,4,9
060371864,0,1,1
060371871,0,4,4
060371873,7,3,10
060371881,7,6,13
060371882,17,29,46
060371883,6,0,6
060371891,30,35,65
060371892,19,28,47
060371893,12,29,41
060371894,7,9,16
060371895,3,12,15
060371896,7,13,20
060371897,8,19,27
060371898,6,15,21
060371899,11,27,38
060371901,6,9,15
060371902,2,0,2
060371903,3,2,5
060371904,1,4,5
060371905,2,3,5
060371907,5,8,13
060371908,3,6,9
060371909,2,3,5
060371910,2,1,3
060371911,4,2,6
060371912,86,136,222
060371913,148,138,286
060371914,3,1,4
060371915,1,2,3
060371916,4,4,8
060371917,0,4,4
060371919,4,9,13
060371920,4,8,12
060371923,12,16,28
060371924,5,8,13
060371925,1,3,4
060371926,2,2,4
060371927,1,0,1
060371941,26,31,57
060371942,21,26,47
060371943,3,14,17
060371944,12,15,27
060371945,8,6,14
060371951,5,15,20
060371952,13,15,28
060371953,5,1,6
060371954,2,7,9
060371955,3,11,14
060371956,1,1,2
060371957,5,13,18
060371958,1,0,1
060371959,2,4,6
060371971,3,7,10
060371972,1,4,5
060371973,4,2,6
060371974,0,3,3
060371975,1,3,4
060371976,1,2,3
060371977,5,7,12
060371990,2,1,3
060371992,5,3,8
060371993,1,6,7
060371994,0,1,1
060371997,0,1,1
060371998,0,1,1
060372011,2,2,4
060372013,23,38,61
060372014,4,2,6
060372015,2,0,2
060372016,1,1,2
060372017,2,0,2
060372033,91,428,519
060372034,2,0,2
060372035,87,48,135
060372036,41,53,94
060372039,1,0,1
060372042,1,0,1
060372044,3,1,4
060372045,2,0,2
060372046,1,0,1
060372047,1,1,2
060372048,3,2,5
060372049,2,1,3
060372051,1,3,4
060372060,4,27,31
060372062,10,8,18
060372063,0,1,1
060372071,23,15,38
060372073,0,1,1
060372074,5,14,19
060372075,10,20,30
060372077,3,5,8
060372079,4,7,11
060372080,1,0,1
060372083,4,2,6
060372084,2,2,4
060372085,15,51,66
060372086,3,6,9
060372087,1,6,7
060372088,7,37,44
060372089,6,8,14
060372091,17,59,76
060372092,13,44,57
060372094,7,5,12
060372095,1,0,1
060372098,3,0,3
060372100,10,4,14
060372110,14,27,41
060372111,4,7,11
060372112,1,0,1
060372113,1,1,2
060372114,11,13,24
060372115,7,7,14
060372117,3,15,18
060372118,16,14,30
060372119,0,1,1
060372121,1,1,2
060372122,6,1,7
060372123,4,8,12
060372124,3,1,4
060372125,1,1,2
060372126,2,3,5
060372127,15,16,31
060372128,3,1,4
060372129,1,0,1
060372131,12,2,14
060372132,6,10,16
060372133,3,4,7
060372134,2,3,5
060372140,11,19,30
060372141,3,28,31
060372144,3,2,5
060372145,25,43,68
060372146,9,3,12
060372147,17,23,40
060372148,19,59,78
060372149,139,309,448
060372151,12,18,30
060372161,4,4,8
060372162,5,9,14
060372163,28,54,82
060372164,15,19,34
060372167,1,2,3
060372168,8,4,12
060372169,2,6,8
060372170,13,16,29
060372171,0,1,1
060372172,2,1,3
060372181,1,0,1
060372182,2,10,12
060372184,1,0,1
060372185,0,1,1
060372186,0,1,1
060372187,1,5,6
060372188,1,0,1
060372189,1,1,2
060372193,1,0,1
060372195,0,2,2
060372197,1,1,2
060372199,0,2,2
060372200,0,2,2
060372201,2,0,2
060372211,1,0,1
060372212,2,0,2
060372213,8,8,16
060372214,1,3,4
060372216,1,0,1
060372217,2,0,2
060372218,4,8,12
060372219,2,0,2
060372220,0,1,1
060372222,0,1,1
060372227,1,9,10
060372240,26,28,54
060372242,3,5,8
060372243,0,1,1
060372244,2,4,6
060372246,4,6,10
060372247,2,3,5
060372260,2,4,6
060372264,3,0,3
060372270,1,0,1
060372283,1,1,2
060372285,2,0,2
060372294,2,0,2
060372314,1,0,1
060372315,5,0,5
060372316,0,1,1
060372317,1,1,2
060372318,2,3,5
060372319,1,0,1
060372324,0,1,1
060372328,1,2,3
060372340,5,1,6
060372342,2,4,6
060372343,4,2,6
060372345,1,1,2
060372346,0,1,1
060372349,0,2,2
060372351,4,0,4
060372352,0,4,4
060372360,6,16,22
060372361,17,17,34
060372364,15,11,26
060372377,1,0,1
060372378,0,1,1
060372379,6,1,7
060372380,1,1,2
060372383,0,1,1
060372384,3,1,4
060372392,1,1,2
060372397,1,0,1
060372402,1,1,2
060372403,2,0,2
060372404,1,0,1
060372406,1,0,1
060372410,4,0,4
060372411,3,1,4
060372413,1,0,1
060372414,1,0,1
060372421,0,1,1
060372423,1,0,1
060372427,8,2,10
060372611,34,68,102
060372612,17,46,63
060372621,19,45,64
060372622,18,65,83
060372623,44,140,184
060372624,12,41,53
060372625,12,15,27
060372626,35,111,146
060372627,17,41,58
060372628,13,36,49
060372640,15,50,65
060372641,34,64,98
060372643,69,121,190
060372651,16,34,50
060372652,57,165,222
060372653,167,500,667
060372654,19,49,68
060372655,60,101,161
060372656,23,45,68
060372657,27,35,62
060372671,17,74,91
060372672,21,37,58
060372673,16,34,50
060372674,49,88,137
060372675,32,26,58
060372676,2,13,15
060372677,10,21,31
060372678,12,15,27
060372679,45,123,168
060372690,15,49,64
060372691,18,27,45
060372693,9,32,41
060372695,14,16,30
060372696,2,2,4
060372697,3,8,11
060372698,2,2,4
060372699,43,60,103
060372701,5,12,17
060372702,2,1,3
060372703,43,61,104
060372711,9,25,34
060372712,4,11,15
060372713,2,9,11
060372714,7,7,14
060372715,8,18,26
060372716,12,19,31
060372717,39,76,115
060372718,21,24,45
060372719,17,22,39
060372721,3,5,8
060372722,4,5,9
060372723,6,5,11
060372731,4,4,8
060372732,1,1,2
060372733,2,4,6
060372734,4,12,16
060372735,2,6,8
060372736,3,5,8
060372737,1,7,8
060372738,3,2,5
060372739,11,13,24
060372741,3,10,13
060372742,11,32,43
060372751,2,2,4
060372752,1,6,7
060372753,24,28,52
060372754,1,8,9
060372755,1,1,2
060372756,1,1,2
060372760,6,24,30
060372761,11,12,23
060372764,3,7,10
060372765,2,4,6
060372766,10,24,34
060372770,18,25,43
060372771,1,1,2
060372772,1,1,2
060372780,17,28,45
060372781,12,23,35
060372912,0,3,3
060372913,1,2,3
060372920,0,3,3
060372932,2,4,6
060372933,17,9,26
060372941,1,1,2
060372942,0,1,1
060372943,1,0,1
060372944,48,57,105
060372945,2,2,4
060372946,3,1,4
060372948,1,1,2
060372951,4,6,10
060372963,3,7,10
060372964,6,8,14
060372965,0,1,1
060372966,2,6,8
060372969,2,1,3
060372970,2,11,13
060372971,1,4,5
060372973,0,5,5
060372974,6,9,15
060372975,2,8,10
060372976,5,4,9
060373001,10,7,17
060373002,2,2,4
060373003,6,7,13
060373004,3,8,11
060373005,14,13,27
060373006,7,10,17
060373007,41,58,99
060373008,29,35,64
060373009,45,56,101
060373010,48,60,108
060373011,10,11,21
060373012,23,29,52
060373013,8,9,17
060373014,4,10,14
060373015,11,8,19
060373016,8,6,14
060373017,6,2,8
060373018,37,44,81
060373019,9,15,24
060373020,11,17,28
060373021,11,18,29
060373022,2,18,20
060373023,6,5,11
060373024,22,41,63
060373025,8,15,23
060373101,6,9,15
060373102,5,9,14
060373103,4,3,7
060373104,1,1,2
060373105,1,1,2
060373106,5,3,8
060373107,17,21,38
060373108,4,4,8
060373109,10,8,18
060373110,2,2,4
060373111,4,6,10
060373112,2,1,3
060373113,0,2,2
060373114,0,4,4
060373115,2,2,4
060373116,25,85,110
060373117,11,9,20
060373118,1,5,6
060373201,5,0,5
060373202,0,2,2
060373203,3,0,3
060374002,46,67,113
060374003,10,7,17
060374004,6,10,16
060374005,3,2,5
060374006,3,2,5
060374008,1,4,5
060374009,0,2,2
060374010,1,3,4
060374011,21,33,54
060374012,14,8,22
060374013,42,37,79
060374015,0,1,1
060374016,11,11,22
060374017,14,15,29
060374018,21,30,51
060374019,17,21,38
060374020,12,2,14
060374021,37,49,86
060374022,10,8,18
060374023,0,2,2
060374024,1,1,2
060374026,6,1,7
060374027,6,3,9
060374028,2,0,2
060374029,1,1,2
060374030,0,1,1
060374032,2,1,3
060374033,85,98,183
060374034,47,39,86
060374035,4,10,14
060374036,11,15,26
060374037,5,11,16
060374038,1,6,7
060374039,5,6,11
060374043,3,1,4
060374045,1,3,4
060374046,1,2,3
060374047,26,20,46
060374048,4,1,5
060374049,2,1,3
060374051,3,2,5
060374052,4,3,7
060374053,5,6,11
060374055,3,1,4
060374056,1,2,3
060374057,1,5,6
060374058,3,2,5
060374060,1,3,4
060374061,35,53,88
060374062,1,1,2
060374063,15,21,36
060374064,9,4,13
060374065,4,2,6
060374066,6,7,13
060374067,54,60,114
060374068,8,2,10
060374070,2,0,2
060374071,1,0,1
060374072,0,1,1
060374073,1,0,1
060374075,1,0,1
060374076,3,1,4
060374077,2,3,5
060374078,2,0,2
060374079,2,2,4
060374080,17,17,34
060374081,14,6,20
060374082,14,4,18
060374083,3,3,6
060374084,9,3,12
060374085,20,20,40
060374086,56,44,100
060374087,25,21,46
060374088,4,4,8
060374300,5,19,24
060374301,11,65,76
060374302,3,10,13
060374303,18,12,30
060374304,13,25,38
060374305,26,44,70
060374306,20,41,61
060374307,56,92,148
060374308,34,44,78
060374309,2,3,5
060374310,4,9,13
060374311,1,1,2
060374314,2,4,6
060374315,7,1,8
060374316,10,5,15
060374317,23,26,49
060374318,4,1,5
060374319,2,2,4
060374320,12,6,18
060374321,5,3,8
060374322,5,10,15
060374323,3,2,5
060374324,2,1,3
060374325,2,1,3
060374326,1,1,2
060374327,0,3,3
060374328,3,0,3
060374329,5,4,9
060374331,1,1,2
060374332,9,1,10
060374333,3,5,8
060374334,1,1,2
060374335,1,4,5
060374336,3,2,5
060374337,0,2,2
060374338,4,1,5
060374339,1,0,1
060374340,1,0,1
060374600,11,28,39
060374601,19,21,40
060374602,6,6,12
060374603,6,10,16
060374604,2,0,2
060374605,43,59,102
060374606,9,24,33
060374607,26,43,69
060374608,13,36,49
060374609,5,4,9
060374610,1,1,2
060374611,5,1,6
060374612,13,14,27
060374613,8,15,23
060374614,2,0,2
060374615,2,4,6
060374616,3,2,5
060374617,5,10,15
060374619,22,27,49
060374620,1,0,1
060374621,0,4,4
060374622,24,27,51
060374623,16,16,32
060374624,3,10,13
060374625,14,16,30
060374626,7,7,14
060374627,4,2,6
060374628,7,1,8
060374629,8,9,17
060374630,8,4,12
060374631,16,26,42
060374632,15,20,35
060374633,9,13,22
060374634,7,14,21
060374635,21,40,61
060374636,43,55,98
060374637,20,29,49
060374638,12,28,40
060374639,60,115,175
060374640,21,47,68
060374641,47,82,129
060374642,34,56,90
060374800,16,17,33
060374801,4,3,7
060374802,17,15,32
060374803,27,21,48
060374804,12,15,27
060374805,23,33,56
060374806,24,31,55
060374807,42,79,121
060374808,8,10,18
060374809,8,11,19
060374810,16,19,35
060374811,17,29,46
060374812,1,8,9
060374813,2,1,3
060374814,17,11,28
060374815,5,2,7
060374816,23,22,45
060374817,39,52,91
060374818,5,1,6
060374819,14,9,23
060374820,27,34,61
060374821,7,36,43
060374822,4,6,10
060374823,3,5,8
060374824,7,2,9
060374825,9,5,14
060374826,10,11,21
060374827,3,2,5
060374828,6,3,9
060375001,3,12,15
060375002,49,45,94
060375003,10,8,18
060375004,5,1,6
060375005,0,1,1
060375006,2,1,3
060375008,2,4,6
060375009,2,2,4
060375012,1,3,4
060375013,4,4,8
060375015,16,15,31
060375016,6,18,24
060375017,9,4,13
060375018,9,29,38
060375020,5,4,9
060375021,23,24,47
060375022,1,1,2
060375023,1,1,2
060375024,1,0,1
060375025,8,9,17
060375026,2,1,3
060375027,0,1,1
060375028,0,3,3
060375029,1,0,1
060375030,0,1,1
060375032,2,1,3
060375033,6,6,12
060375034,22,10,32
060375035,4,0,4
060375036,21,7,28
060375037,9,20,29
060375038,7,10,17
060375039,3,0,3
060375040,0,2,2
060375041,0,2,2
060375300,28,19,47
060375301,28,26,54
060375302,13,10,23
060375303,3,2,5
060375304,14,2,16
060375305,1,1,2
060375306,1,0,1
060375308,0,1,1
060375309,0,1,1
060375310,1,1,2
060375311,2,3,5
060375312,4,1,5
060375313,3,3,6
060375315,1,1,2
060375316,0,3,3
060375317,6,13,19
060375318,1,1,2
060375319,1,2,3
060375320,3,0,3
060375321,1,3,4
060375322,1,0,1
060375323,4,8,12
060375324,0,2,2
060375325,9,2,11
060375326,4,7,11
060375330,1,0,1
060375331,10,8,18
060375334,4,0,4
060375335,0,1,1
060375336,3,2,5
060375338,4,2,6
060375341,1,0,1
060375342,1,2,3
060375344,13,2,15
060375345,2,0,2
060375347,1,0,1
060375348,8,2,10
060375350,2,0,2
060375355,3,2,5
060375356,1,0,1
060375357,2,1,3
060375358,10,2,12
060375359,10,2,12
060375360,0,1,1
060375362,1,2,3
060375401,7,16,23
060375402,12,23,35
060375405,1,1,2
060375406,1,1,2
060375407,35,145,180
060375408,4,8,12
060375410,1,0,1
060375413,0,1,1
060375416,5,1,6
060375418,0,1,1
060375424,3,0,3
060375425,0,1,1
060375426,3,0,3
060375427,1,0,1
060375428,1,1,2
060375430,0,1,1
060375431,1,1,2
060375433,17,16,33
060375434,4,4,8
060375435,98,164,262
060375436,18,17,35
060375437,5,2,7
060375438,3,5,8
060375439,2,6,8
060375440,0,1,1
060375500,1,7,8
060375501,0,2,2
060375502,0,1,1
060375504,1,0,1
060375505,21,9,30
060375506,21,19,40
060375507,2,3,5
060375508,7,7,14
060375509,31,34,65
060375510,7,5,12
060375511,54,33,87
060375512,8,7,15
060375513,18,36,54
060375514,6,4,10
060375515,5,5,10
060375516,6,27,33
060375517,4,3,7
060375518,7,4,11
060375520,5,4,9
060375521,2,6,8
060375522,5,0,5
060375523,6,6,12
060375526,3,2,5
060375527,9,3,12
060375528,1,2,3
060375529,2,1,3
060375531,1,3,4
060375533,0,2,2
060375534,0,1,1
060375535,0,1,1
060375536,3,2,5
060375537,1,0,1
060375538,11,5,16
060375539,12,11,23
060375540,23,57,80
060375541,6,1,7
060375542,5,7,12
060375543,2,1,3
060375544,21,18,39
060375545,112,107,219
060375548,18,12,30
060375549,13,5,18
060375550,3,1,4
060375551,5,6,11
060375552,5,6,11
060375700,6,5,11
060375701,1,1,2
060375703,3,1,4
060375704,0,1,1
060375705,1,3,4
060375706,2,3,5
060375707,26,37,63
060375708,4,7,11
060375709,2,1,3
060375710,1,1,2
060375711,4,0,4
060375712,5,10,15
060375713,14,11,25
060375714,1,5,6
060375715,11,17,28
060375717,4,0,4
060375718,20,35,55
060375719,16,17,33
060375720,10,13,23
060375721,0,1,1
060375722,107,138,245
060375723,0,2,2
060375726,1,2,3
060375727,1,1,2
060375729,1,1,2
060375730,1,4,5
060375731,4,3,7
060375732,6,12,18
060375734,10,22,32
060375735,10,7,17
060375736,2,0,2
060375737,4,16,20
060375738,1,0,1
060375739,14,13,27
060375740,6,3,9
060375741,3,2,5
060375742,31,17,48
060375743,13,13,26
060375744,14,9,23
060375745,12,8,20
060375746,10,18,28
060375748,19,29,48
060375749,11,8,19
060375750,20,41,61
060375751,3,1,4
060375752,1,0,1
060375753,1,2,3
060375754,2,0,2
060375755,0,1,1
060375756,9,39,48
060375758,0,3,3
060375759,3,1,4
060375760,2,6,8
060375761,4,7,11
060375762,6,19,25
060375763,46,44,90
060375764,1,1,2
060375765,4,0,4
060375766,13,14,27
060375767,8,6,14
060375768,7,4,11
060375769,3,5,8
060375770,4,9,13
060375771,15,12,27
060375772,5,22,27
060375773,17,29,46
060375774,4,21,25
060375775,13,36,49
060375776,36,66,102
060375991,1,0,1
060376003,0,2,2
060376005,1,2,3
060376006,1,0,1
060376007,3,5,8
060376008,8,1,9
060376009,1,2,3
060376010,30,74,104
060376011,8,22,30
060376012,5,6,11
060376013,5,6,11
060376014,1,3,4
060376015,1,0,1
060376018,0,1,1
060376020,6,2,8
060376021,20,28,48
060376022,3,0,3
060376023,8,2,10
060376024,12,6,18
060376025,2,4,6
060376026,2,0,2
060376027,5,0,5
060376028,3,1,4
060376030,17,14,31
060376031,9,4,13
060376032,2,1,3
060376033,5,3,8
060376034,1,0,1
060376035,2,0,2
060376036,2,2,4
060376037,4,3,7
060376038,1,6,7
060376039,3,1,4
060376040,1,3,4
060376041,4,4,8
060376099,17,27,44
060376200,3,9,12
060376201,5,10,15
060376202,0,9,9
060376203,34,93,127
060376204,9,28,37
060376205,10,17,27
060376206,7,22,29
060376207,11,20,31
060376208,19,35,54
060376209,13,41,54
060376210,17,46,63
060376211,8,19,27
060376212,24,51,75
060376213,48,64,112
060376214,8,10,18
060376500,6,10,16
060376501,9,3,12
060376502,1,1,2
060376503,4,5,9
060376504,13,22,35
060376505,6,5,11
060376506,77,99,176
060376507,14,42,56
060376508,13,41,54
060376509,14,9,23
060376510,21,11,32
060376511,63,167,230
060376512,19,23,42
060376513,26,25,51
060376514,4,18,22
060376700,4,4,8
060376701,2,9,11
060376702,37,55,92
060376703,46,128,174
060376704,102,154,256
060376705,15,43,58
060376706,38,45,83
060376707,25,63,88
060377001,12,16,28
060377002,11,5,16
060377003,7,14,21
060377004,19,37,56
060377005,29,44,73
060377006,24,76,100
060377007,14,40,54
060377008,152,314,466
060377009,74,116,190
060377010,37,114,151
060377011,13,68,81
060377012,25,66,91
060377013,41,94,135
060377014,15,34,49
060377015,74,105,179
060377016,101,244,345
060377017,33,69,102
060377018,7,9,16
060377019,16,29,45
060377020,12,25,37
060377021,12,25,37
060377022,7,22,29
060377023,9,21,30
060377024,4,1,5
060377025,24,18,42
060377026,9,22,31
060377027,4,9,13
060377028,19,19,38
060377029,28,70,98
060377030,51,76,127
060377031,14,12,26
060377032,11,23,34
060378001,18,45,63
060378002,30,63,93
060378003,58,97,155
060378004,21,57,78
060378005,17,36,53
060379005,3,1,4
060379006,3,0,3
060379007,45,65,110
060379008,28,43,71
060379009,2,0,2
060379010,25,20,45
060379011,6,2,8
060379012,7,3,10
060379100,1,1,2
060379101,0,1,1
060379102,18,13,31
060379103,5,12,17
060379104,1,3,4
060379105,3,1,4
060379106,2,3,5
060379107,3,1,4
060379108,10,14,24
060379109,2,2,4
060379110,1,1,2
060379200,27,17,44
060379201,16,16,32
060379203,76,79,155
060379300,1,0,1
060379302,0,1,1
060390001,18,17,35
060390003,9,4,13
060390005,20,32,52
060390006,0,1,1
060390007,3,1,4
060390008,15,6,21
060390010,3,4,7
060390084,2,0,2
060411011,6,9,15
060411012,1,6,7
060411021,9,8,17
060411022,7,4,11
060411031,5,14,19
060411032,17,22,39
060411041,5,26,31
060411042,7,17,24
060411043,1,5,6
060411050,2,5,7
060411060,16,24,40
060411070,11,19,30
060411081,8,21,29
060411082,35,67,102
060411090,11,17,28
060411101,8,19,27
060411102,16,21,37
060411110,24,20,44
060411121,4,5,9
060411122,6,7,13
060411130,6,3,9
060411141,3,8,11
060411142,3,0,3
060411150,10,16,26
060411160,6,3,9
060411170,16,43,59
060411181,2,10,12
060411182,5,23,28
060411191,8,28,36
060411192,47,112,159
060411200,23,45,68
060411211,7,29,36
060411212,7,21,28
060411230,5,28,33
060411241,13,35,48
060411242,17,57,74
060411250,12,27,39
060411261,24,41,65
060411262,14,25,39
060411270,9,44,53
060411281,17,28,45
060411282,11,28,39
060411290,0,2,2
060411302,28,68,96
060411310,4,3,7
060411321,6,5,11
060411322,3,9,12
060411330,3,5,8
060430001,7,3,10
060430002,1,2,3
060430003,1,2,3
060430004,2,1,3
060450101,4,1,5
060450102,3,2,5
060450103,1,2,3
060450104,5,9,14
060450105,11,4,15
060450106,1,5,6
060450107,10,5,15
060450108,10,5,15
060450109,1,1,2
060450110,13,25,38
060450111,5,6,11
060450112,4,4,8
060450113,4,6,10
060450114,4,7,11
060450115,11,10,21
060450116,8,25,33
060450117,5,10,15
060450118,2,1,3
060470002,0,1,1
060470003,3,0,3
060470004,2,2,4
060470005,3,0,3
060470006,2,2,4
060470007,7,3,10
060470008,1,0,1
060470009,5,1,6
060470010,31,44,75
060470011,6,7,13
060470012,10,8,18
060470013,14,19,33
060470014,4,8,12
060470015,6,1,7
060470016,17,2,19
060470018,3,3,6
060470020,2,0,2
060470021,0,1,1
060470022,8,1,9
060470023,8,5,13
060470024,1,0,1
060490101,0,1,1
060490102,6,1,7
060510001,10,15,25
060510004,1,2,3
060530001,5,3,8
060530002,2,1,3
060530004,3,0,3
060530005,2,3,5
060530009,2,0,2
060530011,35,63,98
060530012,8,24,32
060530013,6,3,9
060530014,7,1,8
060530015,4,6,10
060530016,1,0,1
060530017,1,0,1
060530018,7,2,9
060530101,0,1,1
060530102,0,1,1
060530103,5,1,6
060530104,1,1,2
060530105,12,3,15
060530106,21,6,27
060530107,27,42,69
060530108,3,1,4
060530110,14,21,35
060530111,2,2,4
060530112,0,1,1
060530113,15,2,17
060530114,1,0,1
060530115,2,1,3
060530116,44,88,132
060530117,6,17,23
060530118,1,1,2
060530119,15,35,50
060530120,0,2,2
060530121,4,3,7
060530122,5,10,15
060530123,8,2,10
060530124,10,15,25
060530125,2,7,9
060530126,1,1,2
060530127,0,2,2
060530128,38,53,91
060530129,5,41,46
060530130,20,23,43
060530132,10,17,27
060530133,2,5,7
060530134,2,0,2
060530137,2,0,2
060530138,1,2,3
060530140,0,1,1
060530141,1,4,5
060530142,0,1,1
060530143,0,3,3
060552001,3,1,4
060552002,1,9,10
060552003,1,9,10
060552004,4,13,17
060552005,36,33,69
060552006,24,44,68
060552007,10,15,25
060552008,8,17,25
060552009,4,14,18
060552010,2,5,7
060552011,10,12,22
060552012,11,26,37
060552013,8,6,14
060552014,17,39,56
060552015,4,5,9
060552016,15,20,35
060552017,13,41,54
060552019,2,3,5
060552020,8,2,10
060570001,12,10,22
060570002,0,2,2
060570003,0,1,1
060570004,12,11,23
060570005,19,25,44
060570006,21,13,34
060570007,4,13,17
060570008,20,31,51
060570009,2,1,3
060570010,0,1,1
060570012,18,29,47
060570220,4,0,4
060590011,7,2,9
060590012,2,1,3
060590013,24,26,50
060590014,9,5,14
060590015,32,46,78
060590016,55,88,143
060590017,67,135,202
060590018,2,2,4
060590019,4,2,6
060590110,2,4,6
060590111,2,3,5
060590112,3,2,5
060590113,2,2,4
060590114,10,8,18
060590115,7,15,22
060590116,1,1,2
060590117,30,39,69
060590187,0,1,1
060590218,110,92,202
060590219,155,206,361
060590320,178,232,410
060590421,40,59,99
060590422,39,50,89
060590423,219,322,541
060590524,116,126,242
060590525,230,269,499
060590626,373,628,1001
060590627,17,32,49
060590628,7,14,21
060590629,5,16,21
060590630,96,264,360
060590631,12,10,22
060590632,0,2,2
060590633,5,2,7
060590634,17,34,51
060590635,5,19,24
060590636,57,112,169
060590637,8,8,16
060590638,19,27,46
060590639,29,31,60
060590740,12,9,21
060590741,40,30,70
060590742,4,0,4
060590743,1,0,1
060590744,8,7,15
060590745,1,2,3
060590746,2,0,2
060590747,2,0,2
060590748,3,4,7
060590749,3,1,4
060590750,6,11,17
060590751,7,8,15
060590752,2,1,3
060590753,16,14,30
060590754,59,103,162
060590755,52,83,135
060590756,101,144,245
060590757,16,28,44
060590758,118,93,211
060590759,12,16,28
060590760,83,166,249
060590761,56,149,205
060590762,18,24,42
060590863,8,12,20
060590864,8,10,18
060590865,2,3,5
060590866,35,48,83
060590867,23,54,77
060590868,3,6,9
060590869,30,19,49
060590870,3,2,5
060590871,17,17,34
060590872,2,10,12
060590873,3,1,4
060590874,3,1,4
060590875,3,5,8
060590876,4,5,9
060590877,10,10,20
060590878,21,26,47
060590879,4,4,8
060590880,6,3,9
060590881,5,12,17
060590882,5,6,11
060590883,12,6,18
060590884,1,4,5
060590885,26,30,56
060590886,6,1,7
060590887,6,12,18
060590888,4,8,12
060590889,39,19,58
060590890,2,4,6
060590891,13,12,25
060590992,271,294,565
060590993,53,79,132
060590994,60,91,151
060590995,87,179,266
060590996,12,24,36
060590997,15,8,23
060590998,14,9,23
060590999,10,5,15
060591100,83,79,162
060591101,96,135,231
060591102,7,10,17
060591103,10,11,21
060591104,4,3,7
060591105,3,3,6
060591106,36,27,63
060595001,0,1,1
060595037,2,0,2
060610201,6,12,18
060610202,1,0,1
060610203,8,6,14
060610204,11,7,18
060610205,2,4,6
060610206,46,75,121
060610207,71,105,176
060610208,27,11,38
060610209,2,2,4
060610210,26,30,56
060610211,17,15,32
060610212,5,3,8
060610213,6,5,11
060610214,3,4,7
060610215,16,20,36
060610216,9,25,34
060610218,21,10,31
060610219,7,7,14
060610220,8,19,27
060630001,4,4,8
060630002,5,0,5
060630003,4,2,6
060630004,1,1,2
060630005,5,9,14
060650190,1,0,1
060650301,1,4,5
060650302,6,5,11
060650303,22,48,70
060650305,3,8,11
060650306,30,59,89
060650307,5,6,11
060650308,1,6,7
060650309,0,1,1
060650310,2,6,8
060650311,15,35,50
060650312,27,25,52
060650314,4,2,6
060650315,32,19,51
060650316,1,5,6
060650317,3,3,6
060650402,0,1,1
060650403,0,1,1
060650404,1,3,4
060650405,1,1,2
060650406,2,0,2
060650407,2,2,4
060650408,30,21,51
060650409,9,8,17
060650410,2,3,5
060650411,0,1,1
060650412,4,7,11
060650414,53,45,98
060650416,18,12,30
060650417,2,1,3
060650418,22,60,82
060650419,21,20,41
060650420,18,18,36
060650421,2,4,6
060650422,32,49,81
060650423,3,3,6
060650424,18,7,25
060650425,33,24,57
060650426,20,15,35
060650427,21,19,40
060650428,3,0,3
060650429,3,0,3
060650430,9,4,13
060650431,5,3,8
060650432,120,112,232
060650433,28,31,59
060650434,33,44,77
060650435,9,7,16
060650436,2,0,2
060650437,3,0,3
060650438,23,17,40
060650439,1,2,3
060650440,0,1,1
060650441,13,10,23
060650444,3,7,10
060650445,10,6,16
060650446,42,82,124
060650447,20,57,77
060650448,22,40,62
060650449,117,250,367
060650450,2,1,3
060650451,58,131,189
060650452,48,36,84
060650454,2,1,3
060650455,4,0,4
060650456,6,17,23
060650457,1,0,1
060650459,0,1,1
060650461,14,11,25
060670001,2,8,10
060670002,27,48,75
060670003,6,11,17
060670004,0,8,8
060670005,1,3,4
060670006,3,1,4
060670007,1,0,1
060670008,3,5,8
060670009,3,5,8
060670010,1,0,1
060670011,2,4,6
060670012,5,3,8
060670013,12,19,31
060670014,29,101,130
060670015,49,149,198
060670016,18,46,64
060670017,106,206,312
060670018,15,65,80
060670019,0,5,5
060670021,1,1,2
060670022,1,2,3
060670023,7,6,13
060670024,7,13,20
060670025,4,6,10
060670026,3,7,10
060670029,4,5,9
060670030,0,1,1
060670031,2,0,2
060670032,2,0,2
060670033,6,8,14
060670034,6,7,13
060670035,2,0,2
060670038,3,3,6
060670039,1,2,3
060670040,77,75,152
060670041,0,1,1
060670042,2,0,2
060670043,1,0,1
060670044,1,0,1
060670045,4,0,4
060670046,1,3,4
060670047,2,1,3
060670048,0,3,3
060670049,12,6,18
060670050,9,6,15
060670051,0,2,2
060670052,10,19,29
060670054,97,173,270
060670055,29,36,65
060670056,62,133,195
060670057,19,52,71
060670058,56,81,137
060670059,13,23,36
060670060,8,16,24
060670061,6,15,21
060670062,7,6,13
060670065,1,1,2
060670069,0,15,15
060670070,24,29,53
060670071,2,4,6
060670072,5,1,6
060670073,1,4,5
060670074,8,12,20
060670075,7,6,13
060670076,14,12,26
060670077,17,28,45
060670078,22,40,62
060670079,6,11,17
060670080,50,78,128
060670081,69,103,172
060670082,31,37,68
060670084,10,6,16
060670085,42,38,80
060670086,5,4,9
060670087,35,33,68
060670088,0,2,2
060670089,11,7,18
060670090,23,32,55
060670091,8,19,27
060670092,1,0,1
060670093,36,36,72
060670094,4,6,10
060670095,1,2,3
060670096,123,131,254
060670097,1,0,1
060670098,1,0,1
060670102,0,1,1
060690001,1,0,1
060690002,3,3,6
060690003,1,0,1
060690004,3,0,3
060690005,5,3,8
060690006,12,11,23
060690007,0,1,1
060690008,0,2,2
060710001,52,42,94
060710002,19,23,42
060710003,1,3,4
060710004,3,5,8
060710005,2,2,4
060710006,25,17,42
060710007,2,1,3
060710008,105,91,196
060710009,40,71,111
060710011,11,4,15
060710012,2,2,4
060710013,5,1,6
060710014,1,1,2
060710015,1,6,7
060710016,1,1,2
060710017,4,1,5
060710018,6,2,8
060710019,2,2,4
060710020,64,56,120
060710021,19,11,30
060710022,4,1,5
060710023,5,6,11
060710026,4,1,5
060710027,5,5,10
060710028,1,0,1
060710030,6,1,7
060710031,0,3,3
060710033,82,80,162
060710035,2,2,4
060710036,5,14,19
060710038,5,3,8
060710040,1,0,1
060710041,3,0,3
060710042,8,9,17
060710043,1,0,1
060710045,8,4,12
060710046,5,4,9
060710047,1,0,1
060710051,8,6,14
060710052,3,1,4
060710053,0,2,2
060710054,11,15,26
060710055,0,1,1
060710056,3,1,4
060710057,1,6,7
060710060,3,10,13
060710061,6,7,13
060710062,12,4,16
060710063,14,52,66
060710065,17,22,39
060710066,4,1,5
060710068,1,0,1
060710070,9,3,12
060710071,62,108,170
060710072,3,5,8
060710073,350,632,982
060710074,23,27,50
060710075,0,1,1
060710076,4,1,5
060710078,27,31,58
060710079,31,40,71
060710080,4,9,13
060710081,9,15,24
060710082,28,37,65
060710083,82,110,192
060710084,18,33,51
060710085,46,130,176
060710086,4,11,15
060710087,27,39,66
060710088,1,4,5
060710091,9,6,15
060710092,0,2,2
060710094,9,5,14
060710095,6,4,10
060710097,46,62,108
060710098,2,3,5
060710099,14,14,28
060710100,44,28,72
060710103,12,7,19
060710104,34,42,76
060710105,0,1,1
060710107,5,5,10
060710108,5,4,9
060710109,6,1,7
060710110,15,22,37
060710111,2,4,6
060710112,8,6,14
060710113,0,3,3
060710114,0,4,4
060710115,1,3,4
060710116,4,1,5
060710118,2,1,3
060710119,1,0,1
060710120,0,1,1
060710121,12,25,37
060714024,0,1,1
060714033,1,0,1
060730001,22,43,65
060730002,26,25,51
060730003,15,42,57
060730004,118,216,334
060730005,7,10,17
060730006,8,24,32
060730007,7,7,14
060730008,9,7,16
060730009,3,0,3
060730010,5,4,9
060730011,3,2,5
060730012,0,2,2
060730013,0,1,1
060730014,4,5,9
060730015,0,1,1
060730017,1,0,1
060730018,0,3,3
060730019,2,3,5
060730020,17,31,48
060730021,6,3,9
060730022,1,0,1
060730023,10,3,13
060730024,1,0,1
060730025,0,5,5
060730026,1,0,1
060730027,16,6,22
060730028,13,22,35
060730029,42,88,130
060730030,2,0,2
060730031,4,2,6
060730032,45,24,69
060730033,6,1,7
060730034,4,1,5
060730038,1,1,2
060730039,0,1,1
060730041,1,3,4
060730042,2,4,6
060730043,0,14,14
060730044,0,3,3
060730045,1,3,4
060730046,0,1,1
060730049,0,1,1
060730050,1,1,2
060730051,0,3,3
060730052,2,6,8
060730053,7,8,15
060730054,12,14,26
060730055,22,109,131
060730056,0,5,5
060730057,18,32,50
060730058,2,2,4
060730059,6,15,21
060730060,35,47,82
060730061,2,8,10
060730062,0,1,1
060730063,0,2,2
060730064,1,0,1
060730065,4,9,13
060730066,12,46,58
060730068,19,26,45
060730069,7,14,21
060730070,15,26,41
060730071,11,50,61
060730072,18,17,35
060730073,11,13,24
060730074,7,3,10
060730075,7,9,16
060730076,12,19,31
060730077,10,32,42
060730078,20,18,38
060730079,21,38,59
060730080,20,53,73
060730081,30,63,93
060730082,33,87,120
060730083,604,1456,2060
060730085,57,165,222
060730086,1,3,4
060730087,65,188,253
060730088,7,1,8
060730089,4,16,20
060730090,2,3,5
060730091,29,29,58
060730092,7,17,24
060730093,27,79,106
060730095,58,115,173
060730096,51,116,167
060730097,46,73,119
060730098,15,29,44
060730100,29,22,51
060730101,7,5,12
060730102,1,0,1
060730103,1,0,1
060730105,3,2,5
060730106,19,33,52
060730107,8,19,27
060730108,9,14,23
060730109,2,14,16
060730110,14,15,29
060730111,9,13,22
060730112,3,8,11
060730113,1,7,8
060730114,1,1,2
060730115,1,0,1
060730116,0,1,1
060730117,2,2,4
060730118,4,0,4
060730119,12,13,25
060730120,0,7,7
060730123,11,16,27
060730125,0,2,2
060730126,0,2,2
060730127,26,29,55
060730128,7,8,15
060730129,5,7,12
060730130,6,14,20
060730131,11,4,15
060730132,1,3,4
060730133,34,51,85
060730134,65,64,129
060730135,10,1,11
060730136,26,19,45
060730137,5,6,11
060730138,0,1,1
060730139,2,3,5
060730140,0,1,1
060730141,0,1,1
060730143,1,0,1
060730145,3,0,3
060730146,12,14,26
060730147,4,1,5
060730148,33,16,49
060730149,12,15,27
060730150,66,75,141
060730151,3,5,8
060730152,16,17,33
060730153,12,9,21
060730154,21,17,38
060730155,6,1,7
060730156,3,5,8
060730157,1,1,2
060730158,3,4,7
060730159,4,4,8
060730160,1,7,8
060730161,0,2,2
060730162,8,15,23
060730163,3,0,3
060730164,14,22,36
060730165,1,1,2
060730166,9,7,16
060730167,1,0,1
060730168,9,5,14
060730169,3,1,4
060730170,245,385,630
060730171,77,146,223
060730172,17,45,62
060730173,41,94,135
060730174,13,39,52
060730175,23,48,71
060730176,19,22,41
060730177,10,21,31
060730178,47,82,129
060730179,10,12,22
060730180,9,5,14
060730181,1,4,5
060730182,2,0,2
060730183,0,2,2
060730184,3,3,6
060730185,96,119,215
060730186,11,17,28
060730187,18,13,31
060730188,25,28,53
060730189,25,26,51
060730190,11,11,22
060730191,14,24,38
060730192,9,19,28
060730193,9,11,20
060730194,3,3,6
060730195,3,2,5
060730196,7,6,13
060730197,5,12,17
060730198,34,35,69
060730199,10,7,17
060730200,53,55,108
060730201,7,9,16
060730202,43,62,105
060730203,24,26,50
060730204,20,24,44
060730205,2,1,3
060730206,26,23,49
060730207,35,34,69
060730208,15,12,27
060730209,1,4,5
060730210,6,9,15
060730211,2,3,5
060730212,11,20,31
060730213,10,15,25
060750101,3,10,13
060750102,8,18,26
060750103,1,10,11
060750104,2,7,9
060750105,5,4,9
060750106,6,4,10
060750107,14,6,20
060750108,7,7,14
060750109,9,11,20
060750110,18,11,29
060750111,14,69,83
060750112,8,17,25
060750113,10,15,25
060750114,5,4,9
060750115,1,2,3
060750116,4,15,19
060750117,38,99,137
060750118,2,2,4
060750119,3,6,9
060750120,10,23,33
060750121,20,36,56
060750122,1,4,5
060750123,1,2,3
060750124,9,8,17
060750125,2,0,2
060750126,10,23,33
060750127,7,17,24
060750128,9,30,39
060750129,8,13,21
060750130,17,36,53
060750131,19,44,63
060750132,18,39,57
060750133,67,158,225
060750134,11,25,36
060750135,50,164,214
060750151,13,23,36
060750152,10,12,22
060750153,27,42,69
060750154,33,36,69
060750155,47,79,126
060750156,8,11,19
060750157,73,38,111
060750158,62,67,129
060750159,3,5,8
060750160,7,14,21
060750161,1,4,5
060750162,3,6,9
060750163,5,2,7
060750164,5,7,12
060750165,80,303,383
060750166,14,23,37
060750167,9,8,17
060750168,6,9,15
060750169,28,40,68
060750170,18,36,54
060750171,36,61,97
060750176,12,18,30
060750177,7,6,13
060750178,2,13,15
060750179,12,26,38
060750180,3,7,10
060750201,3,5,8
060750202,2,4,6
060750203,9,9,18
060750204,36,56,92
060750205,17,28,45
060750206,14,20,34
060750207,14,10,24
060750208,6,9,15
060750209,0,1,1
060750210,10,3,13
060750211,16,28,44
060750212,10,23,33
060750213,7,13,20
060750214,17,17,34
060750215,11,8,19
060750216,25,46,71
060750217,12,24,36
060750218,11,14,25
060750226,2,5,7
060750227,22,23,45
060750228,43,70,113
060750229,4,0,4
060750230,0,2,2
060750233,1,0,1
060750234,6,0,6
060750251,9,5,14
060750252,16,10,26
060750253,21,26,47
060750254,7,5,12
060750255,3,7,10
060750256,2,2,4
060750257,5,2,7
060750259,3,8,11
060750260,5,4,9
060750261,2,2,4
060750262,5,1,6
060750263,2,2,4
060750264,0,3,3
060750301,152,434,586
060750302,56,61,117
060750303,56,89,145
060750304,26,43,69
060750305,12,23,35
060750306,13,20,33
060750307,18,26,44
060750308,24,30,54
060750309,38,52,90
060750310,5,16,21
060750311,8,9,17
060750312,3,1,4
060750313,5,2,7
060750314,1,0,1
060750326,41,44,85
060750327,12,16,28
060750328,11,15,26
060750329,7,14,21
060750330,12,19,31
060750331,12,19,31
060750332,24,26,50
060750351,9,9,18
060750352,8,14,22
060750353,6,7,13
060750354,10,3,13
060750401,7,16,23
060750402,13,19,32
060750426,18,18,36
060750427,10,14,24
060750428,15,32,47
060750451,26,29,55
060750452,10,20,30
060750476,17,11,28
060750477,10,10,20
060750478,15,27,42
060750479,17,25,42
060750601,13,14,27
060750602,18,51,69
060750604,4,10,14
060750605,0,2,2
060750607,2,3,5
060750609,2,5,7
060750610,1,2,3
060756043,1,0,1
060770001,1,6,7
060770002,1,1,2
060770003,1,0,1
060770004,10,23,33
060770007,1,1,2
060770009,1,3,4
060770010,1,8,9
060770011,4,11,15
060770012,7,10,17
060770013,41,78,119
060770014,1,10,11
060770015,1,0,1
060770016,1,0,1
060770024,1,0,1
060770025,0,1,1
060770029,0,2,2
060770031,68,104,172
060770032,23,21,44
060770033,19,20,39
060770034,30,15,45
060770035,3,15,18
060770036,3,0,3
060770038,67,39,106
060770040,1,0,1
060770041,8,10,18
060770042,11,12,23
060770043,39,39,78
060770044,2,0,2
060770045,0,2,2
060770046,7,5,12
060770047,4,2,6
060770048,2,1,3
060770049,3,1,4
060770050,8,3,11
060770051,37,20,57
060770052,3,5,8
060770053,16,16,32
060770054,16,8,24
060790100,3,6,9
060790101,11,9,20
060790102,7,5,12
060790103,2,7,9
060790104,6,17,23
060790105,5,12,17
060790106,5,6,11
060790107,12,15,27
060790108,6,8,14
060790109,15,25,40
060790110,30,57,87
060790111,21,30,51
060790112,16,65,81
060790113,2,11,13
060790115,7,15,22
060790116,11,16,27
060790117,22,28,50
060790118,15,11,26
060790119,10,13,23
060790120,1,0,1
060790121,0,2,2
060790122,0,3,3
060790123,4,15,19
060790124,8,5,13
060790125,14,27,41
060790126,9,6,15
060790127,25,44,69
060815046,0,1,1
060815111,2,1,3
060816001,0,5,5
060816002,1,1,2
060816003,2,3,5
060816004,1,2,3
060816005,4,7,11
060816006,2,2,4
060816007,1,3,4
060816008,11,11,22
060816009,2,4,6
060816010,0,3,3
060816011,3,5,8
060816012,1,4,5
060816013,4,2,6
060816014,35,63,98
060816015,7,22,29
060816016,6,5,11
060816017,2,1,3
060816018,4,0,4
060816019,38,48,86
060816020,7,4,11
060816022,9,2,11
060816023,5,10,15
060816024,4,1,5
060816025,3,3,6
060816026,1,1,2
060816027,4,3,7
060816028,2,1,3
060816029,3,3,6
060816030,5,1,6
060816031,2,3,5
060816032,2,2,4
060816033,1,1,2
060816034,3,3,6
060816036,5,6,11
060816037,0,3,3
060816038,2,10,12
060816039,9,5,14
060816040,1,1,2
060816041,5,6,11
060816042,0,1,1
060816043,1,2,3
060816044,0,1,1
060816045,2,4,6
060816046,2,2,4
060816047,2,6,8
060816048,3,5,8
060816049,8,9,17
060816050,46,89,135
060816051,9,19,28
060816052,9,17,26
060816053,4,13,17
060816054,2,4,6
060816055,5,14,19
060816056,33,64,97
060816057,25,61,86
060816058,5,12,17
060816059,6,29,35
060816060,1,3,4
060816062,2,3,5
060816063,53,82,135
060816064,21,13,34
060816065,11,19,30
060816066,5,5,10
060816067,4,3,7
060816068,5,12,17
060816069,6,18,24
060816070,7,14,21
060816071,10,17,27
060816072,2,10,12
060816073,4,7,11
060816074,4,5,9
060816075,2,2,4
060816076,1,4,5
060816077,0,2,2
060816078,1,0,1
060816079,2,4,6
060816080,43,50,93
060816081,2,6,8
060816082,3,4,7
060816083,5,8,13
060816084,1,7,8
060816085,4,2,6
060816086,0,3,3
060816087,4,12,16
060816088,5,7,12
060816089,11,18,29
060816090,3,6,9
060816091,0,2,2
060816092,15,11,26
060816093,3,9,12
060816094,1,5,6
060816095,7,10,17
060816096,18,30,48
060816097,6,12,18
060816098,21,38,59
060816099,2,5,7
060816100,11,12,23
060816101,0,1,1
060816102,50,78,128
060816103,34,36,70
060816104,0,3,3
060816105,3,0,3
060816106,3,6,9
060816107,6,5,11
060816108,1,1,2
060816109,3,3,6
060816110,7,8,15
060816111,6,35,41
060816112,5,6,11
060816113,8,10,18
060816114,16,37,53
060816115,11,24,35
060816116,5,30,35
060816117,2,2,4
060816118,0,2,2
060816121,2,15,17
060816122,11,17,28
060816124,4,10,14
060816125,11,26,37
060816126,34,76,110
060816127,7,18,25
060816128,16,29,45
060816129,19,20,39
060816130,23,47,70
060816131,6,15,21
060816132,29,63,92
060816133,8,18,26
060816134,9,31,40
060816135,8,7,15
060816136,2,6,8
060816137,13,14,27
060816138,4,9,13
060830001,30,57,87
060830002,18,17,35
060830003,39,118,157
060830004,22,43,65
060830005,18,44,62
060830006,10,14,24
060830007,10,20,30
060830008,11,4,15
060830009,39,82,121
060830010,5,2,7
060830011,5,2,7
060830012,11,23,34
060830013,21,26,47
060830014,12,24,36
060830015,8,33,41
060830016,6,7,13
060830017,11,10,21
060830019,28,29,57
060830020,37,35,72
060830021,22,20,42
060830022,23,35,58
060830023,2,0,2
060830024,2,2,4
060830026,11,6,17
060830027,23,20,43
060830028,15,16,31
060830029,22,33,55
060830030,40,73,113
060855001,0,1,1
060855002,5,4,9
060855004,3,6,9
060855005,36,48,84
060855006,4,8,12
060855009,4,1,5
060855010,2,0,2
060855011,4,2,6
060855012,28,52,80
060855013,15,2,17
060855014,2,2,4
060855015,1,0,1
060855016,3,0,3
060855018,3,0,3
060855019,13,19,32
060855020,21,42,63
060855021,107,117,224
060855022,4,12,16
060855023,9,4,13
060855024,6,2,8
060855025,7,3,10
060855026,11,17,28
060855027,66,127,193
060855028,1,3,4
060855029,33,30,63
060855030,7,2,9
060855031,12,9,21
060855032,7,3,10
060855033,79,67,146
060855034,0,1,1
060855035,3,0,3
060855036,1,1,2
060855037,53,41,94
060855038,4,1,5
060855039,1,0,1
060855040,4,0,4
060855042,6,7,13
060855043,32,39,71
060855044,25,17,42
060855045,30,9,39
060855046,2,14,16
060855047,1,1,2
060855048,7,12,19
060855049,1,0,1
060855050,19,26,45
060855051,2,0,2
060855052,6,2,8
060855053,5,7,12
060855054,77,96,173
060855055,6,2,8
060855056,2,4,6
060855057,0,2,2
060855058,5,1,6
060855059,3,8,11
060855060,3,1,4
060855061,10,16,26
060855062,19,13,32
060855063,13,16,29
060855064,15,10,25
060855065,19,19,38
060855066,12,14,26
060855067,46,45,91
060855068,59,73,132
060855069,20,17,37
060855070,26,52,78
060855071,8,12,20
060855072,35,71,106
060855073,28,58,86
060855074,14,19,33
060855075,19,29,48
060855076,16,17,33
060855077,34,31,65
060855078,18,16,34
060855079,16,10,26
060855080,15,17,32
060855081,13,16,29
060855082,21,24,45
060855083,14,15,29
060855084,22,17,39
060855085,19,30,49
060855086,27,46,73
060855087,6,9,15
060855091,39,61,100
060855092,13,12,25
060855093,16,27,43
060855094,16,33,49
060855095,6,12,18
060855096,15,13,28
060855097,2,5,7
060855098,18,25,43
060855099,46,113,159
060855100,34,52,86
060855101,9,18,27
060855102,10,15,25
060855103,13,41,54
060855104,14,16,30
060855105,10,24,34
060855106,20,41,61
060855107,17,11,28
060855108,25,38,63
060855109,7,23,30
060855110,11,28,39
060855111,30,54,84
060855112,17,49,66
060855113,60,138,198
060855114,12,44,56
060855115,20,37,57
060855116,243,824,1067
060855117,42,97,139
060855118,3,2,5
060855119,54,64,118
060855120,108,117,225
060855121,1,1,2
060855122,2,1,3
060855123,22,22,44
060855124,6,7,13
060855125,13,14,27
060855126,21,17,38
060855127,0,1,1
060871001,5,1,6
060871002,27,28,55
060871003,8,10,18
060871004,1,1,2
060871005,7,7,14
060871006,8,8,16
060871007,1,7,8
060871008,5,9,14
060871009,10,11,21
060871010,3,4,7
060871011,5,5,10
060871012,6,5,11
060871013,1,0,1
060871101,1,0,1
060871102,2,2,4
060871103,4,3,7
060871104,1,0,1
060871105,15,8,23
060871106,11,15,26
060871202,1,1,2
060871203,2,1,3
060871204,4,4,8
060871205,3,10,13
060871206,2,2,4
060871207,1,2,3
060871208,8,12,20
060871209,9,15,24
060871210,1,2,3
060871211,5,1,6
060871212,6,17,23
060871213,28,89,117
060871214,3,3,6
060871215,6,7,13
060871216,6,3,9
060871217,6,3,9
060871218,8,12,20
060871219,14,12,26
060871220,27,35,62
060871221,3,1,4
060871222,12,20,32
060871223,7,12,19
060871224,10,11,21
060871225,3,3,6
060875132,0,1,1
060876138,0,1,1
060890002,2,2,4
060890101,30,42,72
060890102,4,2,6
060890103,7,7,14
060890104,6,8,14
060890105,43,71,114
060890106,32,44,76
060890107,5,10,15
060890108,4,16,20
060890109,7,9,16
060890110,9,6,15
060890111,1,3,4
060890112,6,4,10
060890113,1,0,1
060890114,9,12,21
060890115,4,1,5
060890117,2,0,2
060890118,3,4,7
060890119,3,4,7
060890120,4,2,6
060890121,1,0,1
060890122,0,1,1
060890123,0,2,2
060890124,6,14,20
060890125,1,1,2
060890126,3,12,15
060890127,8,6,14
060890401,0,2,2
060910100,1,1,2
060930003,3,1,4
060930004,2,0,2
060930005,3,0,3
060930007,20,15,35
060930008,2,4,6
060930009,3,1,4
060930010,14,9,23
060930011,2,0,2
060930012,1,1,2
060930101,1,1,2
060952014,1,3,4
060952501,6,5,11
060952502,3,1,4
060952503,0,1,1
060952505,1,1,2
060952506,19,14,33
060952507,0,3,3
060952508,2,0,2
060952509,2,0,2
060952510,3,5,8
060952512,1,1,2
060952513,3,3,6
060952514,47,75,122
060952515,3,0,3
060952516,0,1,1
060952518,3,5,8
060952519,7,15,22
060952520,10,10,20
060952521,14,28,42
060952522,10,19,29
060952523,44,57,101
060952524,3,2,5
060952525,21,16,37
060952526,30,23,53
060952527,4,6,10
060952528,33,22,55
060952529,49,46,95
060952531,16,21,37
060952532,21,36,57
060952534,12,8,20
060952535,2,1,3
060971330,0,1,1
060971501,3,2,5
060971502,30,49,79
060971503,6,18,24
060971505,11,14,25
060971506,33,29,62
060971507,10,22,32
060971508,8,4,12
060971509,6,3,9
060971510,1,2,3
060971511,2,3,5
060971512,3,4,7
060971513,23,9,32
060971514,1,6,7
060971515,38,61,99
060971516,19,41,60
060971517,15,18,33
060971518,72,75,147
060971519,2,0,2
060971520,6,42,48
060971521,3,4,7
060971522,21,23,44
060971523,21,25,46
060971524,80,75,155
060971525,1,2,3
060971526,14,18,32
060971527,9,12,21
060971528,31,42,73
060971529,6,3,9
060971530,8,20,28
060971531,2,0,2
060971532,2,0,2
060971533,5,3,8
060971534,38,32,70
060971535,7,11,18
060971536,12,13,25
060971537,16,11,27
060971538,10,17,27
060971539,32,16,48
060971540,2,7,9
060971541,3,4,7
060971542,8,2,10
060971543,13,19,32
060990001,6,6,12
060990002,8,2,10
060990003,6,3,9
060990004,6,10,16
060990005,29,40,69
060990006,2,2,4
060990008,16,15,31
060990009,62,66,128
060990010,58,63,121
060990011,7,30,37
060990012,2,13,15
060990013,45,67,112
060990014,2,13,15
060990017,5,0,5
060990018,4,5,9
060990019,7,11,18
060990020,7,19,26
060990025,1,0,1
060990026,5,1,6
060990027,3,2,5
060990028,6,4,10
060990029,3,1,4
060990030,2,2,4
060990032,6,1,7
060990035,2,0,2
060990036,5,2,7
060990038,1,0,1
060990039,54,29,83
061010501,35,35,70
061010502,11,12,23
061010503,7,8,15
061010504,9,5,14
061010505,20,11,31
061010506,14,9,23
061010507,1,4,5
061010508,0,1,1
061010509,0,1,1
061010510,3,0,3
061010511,0,1,1
061030001,0,1,1
061030002,1,1,2
061030003,2,2,4
061030004,2,3,5
061030005,7,14,21
061030006,3,4,7
061030007,15,6,21
061030010,3,0,3
061050001,6,3,9
061050003,3,1,4
061070001,7,5,12
061070003,3,1,4
061070004,6,2,8
061070005,2,0,2
061070006,1,0,1
061070007,0,1,1
061070008,2,3,5
061070009,3,1,4
061070010,39,62,101
061070011,6,0,6
061070012,22,25,47
061070013,5,10,15
061070014,3,7,10
061070015,6,6,12
061070016,2,2,4
061070017,15,14,29
061070018,6,4,10
061070019,13,12,25
061070020,17,25,42
061070023,19,18,37
061070024,0,1,1
061070025,0,1,1
061070026,7,2,9
061070027,5,6,11
061070028,1,0,1
061070029,8,1,9
061070033,1,1,2
061070034,5,0,5
061070035,7,5,12
061070036,6,0,6
061070037,4,1,5
061070038,31,25,56
061070039,2,1,3
061070041,2,0,2
061070043,0,1,1
061090011,17,14,31
061090012,14,15,29
061090021,4,2,6
061090022,8,16,24
061090031,5,9,14
061090032,1,2,3
061090041,3,7,10
061090042,1,4,5
061090051,4,3,7
061090052,0,1,1
061110003,6,1,7
061110004,4,1,5
061110005,1,0,1
061110006,4,1,5
061110007,9,3,12
061110008,6,5,11
061110009,25,29,54
061110010,8,3,11
061110011,5,8,13
061110012,15,13,28
061110013,3,1,4
061110014,3,6,9
061110015,9,9,18
061110016,16,7,23
061110017,13,20,33
061110018,8,10,18
061110019,103,117,220
061110020,13,14,27
061110021,8,4,12
061110022,1,2,3
061110023,2,0,2
061110024,6,7,13
061110025,12,27,39
061110026,0,1,1
061110027,2,9,11
061110028,0,5,5
061110029,6,7,13
061110030,10,17,27
061110031,1,7,8
061110032,1,0,1
061110033,9,25,34
061110034,13,7,20
061110035,2,4,6
061110036,12,21,33
061110038,4,1,5
061110039,1,2,3
061110040,0,1,1
061110041,2,1,3
061110042,2,0,2
061110043,5,5,10
061110044,3,3,6
061110045,0,2,2
061110046,1,1,2
061110047,2,0,2
061110049,17,32,49
061110050,1,1,2
061110051,6,14,20
061110052,30,77,107
061110053,28,38,66
061110054,8,5,13
061110055,20,26,46
061110056,3,1,4
061110058,4,0,4
061110059,47,72,119
061110060,4,6,10
061110061,14,9,23
061110062,13,35,48
061110063,2,7,9
061110064,3,0,3
061110065,1,0,1
061110066,5,3,8
061110067,21,32,53
061110068,3,4,7
061110069,3,4,7
061110070,9,4,13
061110071,6,4,10
061110072,9,18,27
061110073,2,8,10
061110074,24,42,66
061110075,31,45,76
061110076,11,7,18
061110077,1,1,2
061110078,7,9,16
061110079,2,3,5
061110080,8,6,14
061110081,0,6,6
061110082,1,0,1
061110083,3,7,10
061110085,31,27,58
061118003,0,2,2
061130101,1,1,2
061130102,4,5,9
061130103,1,3,4
061130104,0,1,1
061130105,89,171,260
061130106,84,109,193
061130107,56,90,146
061130108,1,1,2
061130109,1,2,3
061130110,36,29,65
061130111,3,3,6
061130112,5,14,19
061130113,4,4,8
061130115,3,0,3
061130116,0,3,3
061132529,0,1,1
061132533,0,1,1
061150401,24,21,45
061150402,1,0,1
061150403,2,2,4
061150404,0,1,1
061150405,1,0,1
061150407,2,0,2
061150408,1,0,1
061150409,4,5,9
061150410,1,6,7
061150411,4,2,6
080010073,5,8,13
080010078,0,1,1
080010079,0,1,1
080010080,1,0,1
080010082,2,0,2
080010084,1,0,1
080010085,48,31,79
080010086,17,5,22
080010087,2,1,3
080010088,2,1,3
080010089,1,0,1
080010090,0,4,4
080010091,1,1,2
080010092,8,10,18
080010093,50,48,98
080010094,18,17,35
080010095,1,2,3
080010096,17,7,24
080010131,0,2,2
080039816,25,18,43
080039818,1,3,4
080050039,1,1,2
080050049,7,30,37
080050053,0,1,1
080050055,1,1,2
080050056,143,195,338
080050057,2,42,44
080050058,5,2,7
080050059,55,125,180
080050060,2,2,4
080050061,4,12,16
080050062,2,1,3
080050065,3,1,4
080050066,4,3,7
080050067,68,176,244
080050068,69,142,211
080050069,7,5,12
080050070,223,316,539
080050072,0,2,2
080050073,1,0,1
080050074,4,1,5
080050075,1,0,1
080050076,19,29,48
080050077,2,5,7
080050082,1,0,1
080050084,0,1,1
080050120,4,3,7
080079741,13,8,21
080079742,1,1,2
080099846,0,1,1
080099847,3,1,4
080119866,1,0,1
080119867,2,6,8
080130019,2,4,6
080130085,0,2,2
080130121,71,116,187
080130122,42,89,131
080130123,6,2,8
080130124,5,10,15
080130125,13,29,42
080130126,9,7,16
080130127,26,58,84
080130128,5,6,11
080130129,18,6,24
080130130,28,22,50
080130131,62,33,95
080130132,18,22,40
080130133,60,51,111
080130135,1,3,4
080130136,0,9,9
080130137,13,18,31
080159606,6,4,10
080159607,2,3,5
080159608,5,7,12
080159609,4,4,8
080179906,4,0,4
080190098,2,0,2
080190120,0,1,1
080199571,6,3,9
080199572,1,1,2
080199573,0,1,1
080219746,1,1,2
080219747,2,1,3
080219749,1,0,1
080239826,0,3,3
080239827,1,0,1
080259896,1,0,1
080279801,2,2,4
080299646,4,1,5
080299647,7,6,13
080299648,6,2,8
080299649,8,5,13
080299650,2,1,3
080299662,1,1,2
080310001,5,1,6
080310002,6,0,6
080310003,23,15,38
080310004,6,1,7
080310005,6,6,12
080310006,1,10,11
080310007,10,52,62
080310008,1,0,1
080310009,2,5,7
080310011,0,1,1
080310013,3,0,3
080310016,0,1,1
080310017,13,54,67
080310018,13,33,46
080310019,1,0,1
080310020,1,1,2
080310021,2,3,5
080310023,1,0,1
080310024,23,63,86
080310025,1,0,1
080310026,4,6,10
080310027,35,44,79
080310028,37,59,96
080310029,33,20,53
080310030,41,113,154
080310031,103,226,329
080310032,55,81,136
080310033,34,41,75
080310034,35,62,97
080310035,0,1,1
080310036,1,3,4
080310037,61,86,147
080310038,40,74,114
080310039,42,79,121
080310040,35,71,106
080310041,19,25,44
080310042,50,49,99
080310043,294,641,935
080310044,24,30,54
080310045,5,1,6
080310046,1,6,7
080310048,3,7,10
080310049,17,41,58
080310050,17,26,43
080310051,11,30,41
080310052,11,6,17
080310053,7,18,25
080310054,11,1,12
080310055,2,5,7
080310056,0,1,1
080310067,1,4,5
080310068,55,87,142
080310069,16,20,36
080310070,50,59,109
080310083,5,1,6
080310092,8,11,19
080310106,0,1,1
080310117,2,4,6
080310119,4,1,5
080310120,12,12,24
080350068,0,1,1
080350139,21,27,48
080350140,8,10,18
080350141,47,66,113
080350142,1,3,4
080350143,0,1,1
080350144,7,6,13
080350145,11,10,21
080350146,3,1,4
080379518,0,1,1
080379531,3,1,4
080379532,2,0,2
080379534,6,13,19
080379535,25,50,75
080379537,1,5,6
080379630,5,8,13
080390139,1,0,1
080399912,8,3,11
080410001,30,41,71
080410002,22,22,44
080410003,1,18,19
080410004,5,13,18
080410005,7,8,15
080410006,2,15,17
080410007,5,16,21
080410008,1,2,3
080410009,5,13,18
080410010,10,51,61
080410011,11,24,35
080410013,6,4,10
080410014,4,1,5
080410016,2,21,23
080410017,0,1,1
080410018,2,34,36
080410019,1,8,9
080410020,6,8,14
080410021,8,31,39
080410022,6,15,21
080410023,13,27,40
080410024,2,3,5
080410025,14,32,46
080410026,5,5,10
080410027,13,15,28
080410029,2,4,6
080410030,3,3,6
080410031,14,39,53
080410032,6,8,14
080410033,33,54,87
080410034,3,14,17
080410037,46,94,140
080410038,4,13,17
080410039,69,100,169
080410040,1,0,1
080410042,5,0,5
080410043,1,0,1
080410044,7,3,10
080410045,3,3,6
080410046,2,4,6
080410047,11,8,19
080410048,2,2,4
080410049,4,5,9
080410051,5,3,8
080410052,1,3,4
080410054,1,5,6
080410055,1,1,2
080410056,2,1,3
080410057,21,15,36
080410058,1,1,2
080410059,21,6,27
080410060,1,1,2
080410066,4,1,5
080410067,6,6,12
080439781,2,0,2
080439782,5,0,5
080439783,9,5,14
080439784,0,2,2
080439785,7,9,16
080439786,7,3,10
080439788,0,2,2
080439789,2,4,6
080439790,0,2,2
080459516,2,5,7
080459517,20,27,47
080459518,4,7,11
080459519,3,1,4
080459520,8,0,8
080459521,3,4,7
080459532,1,1,2
080470098,3,5,8
080470138,2,2,4
080499563,3,3,6
080499564,1,1,2
080499565,1,3,4
080499566,3,1,4
080519636,6,4,10
080519637,6,3,9
080519638,4,7,11
080519639,1,2,3
080539731,1,1,2
080559806,5,1,6
080559807,1,3,4
080579556,1,0,1
080590056,0,3,3
080590096,1,0,1
080590098,137,190,327
080590099,10,3,13
080590100,4,16,20
080590101,1,1,2
080590102,19,9,28
080590103,13,6,19
080590104,3,5,8
080590105,53,95,148
080590106,3,10,13
080590107,7,4,11
080590108,10,16,26
080590109,1,4,5
080590110,2,15,17
080590111,6,11,17
080590112,24,10,34
080590114,7,10,17
080590115,2,2,4
080590116,3,0,3
080590117,69,78,147
080590118,11,7,18
080590119,17,21,38
080590120,105,88,193
080619901,2,1,3
080639921,5,1,6
080659617,3,2,5
080659618,0,1,1
080679706,2,2,4
080679707,8,19,27
080679708,10,25,35
080679709,1,7,8
080679710,22,30,52
080679711,9,19,28
080679712,1,4,5
080679713,1,0,1
080690001,5,2,7
080690002,4,1,5
080690003,3,2,5
080690004,1,3,4
080690005,3,2,5
080690006,4,1,5
080690007,4,3,7
080690008,60,54,114
080690009,14,17,31
080690010,20,44,64
080690011,27,24,51
080690013,19,19,38
080690016,28,56,84
080690017,30,45,75
080690018,13,11,24
080690019,5,3,8
080690020,13,9,22
080690024,3,6,9
080690025,5,4,9
080690026,4,4,8
080690027,0,1,1
080690028,19,26,45
080690136,0,1,1
080719832,1,0,1
080719833,0,1,1
080719835,5,2,7
080719836,7,2,9
080739917,3,1,4
080739918,2,1,3
080759961,8,10,18
080759962,1,1,2
080759963,11,5,16
080770001,7,21,28
080770002,1,2,3
080770003,2,1,3
080770004,16,7,23
080770005,30,58,88
080770006,10,9,19
080770007,3,4,7
080770008,2,0,2
080770010,45,46,91
080770011,2,6,8
080770012,2,1,3
080770013,1,3,4
080770014,30,34,64
080770015,3,4,7
080770016,13,15,28
080770017,9,4,13
080770018,3,0,3
080770019,1,2,3
080799736,1,0,1
080819502,6,7,13
080819503,4,3,7
080839690,2,3,5
080839691,1,4,5
080839692,4,3,7
080839693,13,6,19
080839694,4,8,12
080839695,0,1,1
080859661,1,0,1
080859662,0,2,2
080859663,15,23,38
080859664,8,6,14
080859665,4,6,10
080859666,2,6,8
080879947,5,1,6
080879948,0,1,1
080879949,8,5,13
080879950,10,0,10
080879951,3,1,4
080890032,1,0,1
080899877,5,5,10
080899878,16,8,24
080899880,3,1,4
080899882,0,1,1
080919676,6,9,15
080939596,1,2,3
080939597,1,0,1
080939598,2,2,4
080959976,4,1,5
080959977,3,0,3
080979518,0,1,1
080979532,2,0,2
080979626,2,5,7
080979627,11,31,42
080979628,6,7,13
080979629,5,18,23
080979630,0,12,12
080999860,7,3,10
081010001,2,7,9
081010003,3,8,11
081010004,0,3,3
081010005,17,30,47
081010006,3,13,16
081010007,5,1,6
081010008,0,1,1
081010009,13,25,38
081010011,0,1,1
081010012,0,1,1
081010013,0,1,1
081010015,4,3,7
081010016,1,10,11
081010017,2,4,6
081010018,0,1,1
081010019,4,7,11
081010023,43,45,88
081010025,1,2,3
081010026,3,3,6
081010027,1,0,1
081010028,16,29,45
081010029,38,46,84
081010030,10,8,18
081010031,3,0,3
081010032,1,0,1
081010033,1,1,2
081010045,1,0,1
081039511,3,1,4
081039512,2,2,4
081059746,0,1,1
081059767,6,0,6
081059768,2,1,3
081059769,4,2,6
081079547,1,0,1
081079549,13,35,48
081079550,6,6,12
081099776,2,2,4
081119726,1,1,2
081139681,6,6,12
081139682,1,0,1
081159983,1,0,1
081179581,3,10,13
081179582,1,1,2
081179583,5,10,15
081179584,11,12,23
081179585,11,9,20
081190101,16,14,30
081190102,0,1,1
081199598,1,0,1
081219942,2,1,3
081230001,5,3,8
081230004,56,77,133
081230005,3,2,5
081230007,6,2,8
081230008,0,1,1
081230009,0,1,1
081230011,1,3,4
081230012,21,14,35
081230013,2,2,4
081230014,30,51,81
081230015,2,2,4
081230016,0,2,2
081230017,0,1,1
081230018,0,1,1
081230019,3,0,3
081230020,2,2,4
081230021,4,2,6
081230022,9,3,12
081230023,4,0,4
081230128,0,1,1
081230132,3,4,7
081259931,5,3,8
081259932,6,0,6
081259977,2,0,2
090010101,18,44,62
090010102,13,27,40
090010103,28,73,101
090010104,8,18,26
090010105,9,8,17
090010106,15,27,42
090010107,4,5,9
090010108,3,10,13
090010109,9,8,17
090010110,14,12,26
090010111,8,21,29
090010112,2,8,10
090010113,6,4,10
090010201,39,48,87
090010202,8,22,30
090010203,6,27,33
090010204,9,7,16
090010205,6,21,27
090010206,2,7,9
090010207,12,4,16
090010208,7,6,13
090010209,2,4,6
090010210,5,1,6
090010211,5,5,10
090010212,16,15,31
090010213,16,15,31
090010214,7,6,13
090010215,19,20,39
090010216,43,54,97
090010217,11,18,29
090010218,7,13,20
090010219,2,6,8
090010220,0,1,1
090010221,1,3,4
090010222,1,0,1
090010223,4,2,6
090010224,3,3,6
090010301,1,4,5
090010302,8,5,13
090010303,6,6,12
090010304,12,12,24
090010305,4,4,8
090010351,19,25,44
090010352,2,10,12
090010353,4,14,18
090010354,10,17,27
090010425,6,4,10
090010426,1,6,7
090010427,5,3,8
090010428,4,3,7
090010429,3,5,8
090010431,7,2,9
090010432,4,1,5
090010434,1,2,3
090010435,0,2,2
090010436,16,36,52
090010437,19,50,69
090010438,48,39,87
090010440,6,5,11
090010441,1,2,3
090010442,3,5,8
090010443,2,3,5
090010444,1,1,2
090010446,3,3,6
090010451,9,17,26
090010452,12,14,26
090010453,2,7,9
090010454,5,3,8
090010501,11,29,40
090010502,18,23,41
090010503,15,40,55
090010504,3,18,21
090010505,13,24,37
090010506,4,16,20
090010551,10,33,43
090010552,15,24,39
090010601,7,10,17
090010602,5,10,15
090010603,11,14,25
090010604,9,21,30
090010605,5,5,10
090010606,10,15,25
090010607,7,22,29
090010608,0,3,3
090010609,1,4,5
090010610,15,12,27
090010611,5,2,7
090010612,2,1,3
090010613,0,3,3
090010614,1,18,19
090010615,19,41,60
090010616,9,19,28
090010701,4,7,11
090010702,1,0,1
090010703,1,0,1
090010707,0,1,1
090010708,0,2,2
090010709,1,2,3
090010711,2,2,4
090010712,0,1,1
090010713,1,3,4
090010717,2,1,3
090010718,14,45,59
090010719,0,5,5
090010720,1,1,2
090010721,6,4,10
090010722,1,0,1
090010723,5,10,15
090010724,22,8,30
090010725,10,14,24
090010726,33,26,59
090010727,1,1,2
090010729,2,0,2
090010730,1,0,1
090010733,12,10,22
090010737,52,48,100
090010738,2,0,2
090010801,3,2,5
090010802,0,1,1
090010803,1,0,1
090010804,1,1,2
090010805,1,7,8
090010806,3,7,10
090010807,7,8,15
090010808,8,9,17
090010809,5,3,8
090010810,2,0,2
090010811,2,12,14
090010812,6,6,12
090010813,14,13,27
090010901,6,9,15
090010902,13,13,26
090010903,5,2,7
090010904,22,10,32
090010905,5,6,11
090010906,3,5,8
090010907,6,19,25
090011001,5,9,14
090011002,6,8,14
090011003,1,6,7
090011051,10,25,35
090011052,7,19,26
090011101,1,1,2
090011102,2,2,4
090011103,17,13,30
090011104,0,2,2
090011105,2,7,9
090011106,2,1,3
090012001,3,2,5
090012002,4,4,8
090012003,4,5,9
090012051,0,6,6
090012052,8,8,16
090012053,12,13,25
090012101,6,1,7
090012102,42,53,95
090012103,35,65,100
090012104,6,11,17
090012105,6,11,17
090012106,8,16,24
090012107,1,3,4
090012108,6,10,16
090012109,7,7,14
090012110,1,1,2
090012112,8,7,15
090012113,3,1,4
090012114,2,4,6
090012201,1,2,3
090012202,7,4,11
090012203,1,2,3
090012301,7,17,24
090012302,4,9,13
090012303,4,10,14
090012304,8,22,30
090012305,4,6,10
090012401,7,7,14
090012402,4,15,19
090012451,4,2,6
090012452,4,11,15
090012453,18,24,42
090012454,3,8,11
090012455,5,11,16
090012456,7,20,27
090012571,6,4,10
090034001,4,6,10
090034002,3,4,7
090034003,5,6,11
090034051,10,37,47
090034052,2,1,3
090034053,2,2,4
090034054,2,1,3
090034055,0,1,1
090034056,4,0,4
090034057,3,0,3
090034058,2,7,9
090034059,1,6,7
090034060,4,11,15
090034061,10,13,23
090034101,7,7,14
090034153,1,0,1
090034156,21,16,37
090034157,27,57,84
090034158,13,39,52
090034159,1,0,1
090034160,1,0,1
090034162,0,1,1
090034164,4,8,12
090034165,0,1,1
090034166,2,0,2
090034167,1,5,6
090034168,3,1,4
090034171,3,9,12
090034172,0,1,1
090034173,1,0,1
090034174,34,23,57
090034175,3,9,12
090034204,3,2,5
090034205,5,3,8
090034206,7,2,9
090034207,0,1,1
090034301,12,13,25
090034302,11,6,17
090034303,4,4,8
090034304,2,3,5
090034305,6,3,9
090034306,7,2,9
090034601,73,139,212
090034602,54,138,192
090034603,13,26,39
090034621,23,59,82
090034622,32,66,98
090034641,9,14,23
090034661,17,31,48
090034662,14,20,34
090034663,6,12,18
090034664,5,6,11
090034681,5,11,16
090034701,7,4,11
090034711,1,0,1
090034712,0,3,3
090034713,33,45,78
090034714,10,17,27
090034715,1,1,2
090034731,3,4,7
090034734,5,2,7
090034735,20,16,36
090034736,4,5,9
090034737,1,1,2
090034763,4,3,7
090034771,11,14,25
090034772,1,2,3
090034802,2,2,4
090034803,0,1,1
090034804,1,3,4
090034805,2,0,2
090034806,1,4,5
090034807,0,1,1
090034808,20,19,39
090034810,3,0,3
090034812,0,2,2
090034841,2,3,5
090034871,3,11,14
090034872,8,12,20
090034873,2,2,4
090034874,6,2,8
090034875,4,5,9
090034901,6,9,15
090034903,25,22,47
090034921,8,1,9
090034922,4,5,9
090034923,2,8,10
090034924,2,2,4
090034925,2,7,9
090034926,10,13,23
090034941,3,6,9
090034942,12,1,13
090034943,1,3,4
090034944,12,11,23
090034945,2,6,8
090034946,11,17,28
090034961,5,3,8
090034962,5,10,15
090034963,7,6,13
090034964,8,19,27
090034965,24,20,44
090034966,9,9,18
090034967,13,11,24
090034968,1,5,6
090034969,24,35,59
090034970,15,22,37
090034971,24,40,64
090034972,11,13,24
090034973,24,29,53
090034974,17,27,44
090034975,7,20,27
090034976,17,18,35
090034977,32,61,93
090035002,6,39,45
090035003,33,198,231
090035005,2,7,9
090035006,2,2,4
090035007,1,3,4
090035015,1,3,4
090035020,0,1,1
090035021,6,5,11
090035022,1,0,1
090035023,2,0,2
090035024,2,0,2
090035025,1,2,3
090035026,1,1,2
090035029,2,5,7
090035031,30,39,69
090035032,9,16,25
090035033,5,55,60
090035034,18,42,60
090035035,0,1,1
090035036,21,12,33
090035037,1,0,1
090035038,1,0,1
090035039,1,1,2
090035040,2,12,14
090035042,8,8,16
090035043,0,1,1
090035044,2,13,15
090035045,0,1,1
090035048,0,1,1
090035101,0,2,2
090035102,12,10,22
090035103,1,1,2
090035104,2,1,3
090035105,2,2,4
090035106,0,4,4
090035108,5,2,7
090035110,0,1,1
090035111,3,2,5
090035113,1,1,2
090035114,0,1,1
090035141,16,15,31
090035142,6,4,10
090035143,2,0,2
090035144,23,32,55
090035145,4,3,7
090035146,8,11,19
090035147,6,4,10
090035149,0,2,2
090035150,4,9,13
090035151,5,6,11
090035152,6,7,13
090035201,10,13,23
090035202,12,28,40
090035203,22,30,52
090035204,21,29,50
090035205,10,24,34
090035241,8,3,11
090052501,0,3,3
090052531,5,9,14
090052532,9,5,14
090052533,10,6,16
090052534,3,8,11
090052535,6,3,9
090052602,2,0,2
090052611,5,15,20
090052621,15,23,38
090052622,0,1,1
090052632,1,3,4
090052651,1,1,2
090052661,4,5,9
090052671,4,7,11
090052681,3,6,9
090052901,2,3,5
090052931,2,0,2
090052961,5,7,12
090052983,0,5,5
090052984,1,3,4
090053001,4,19,23
090053004,9,4,13
090053005,1,8,9
090053031,1,0,1
090053061,9,1,10
090053081,1,8,9
090053101,5,12,17
090053102,0,2,2
090053104,1,0,1
090053105,2,2,4
090053106,2,9,11
090053107,3,2,5
090053108,12,28,40
090053201,6,4,10
090053203,0,1,1
090053421,3,2,5
090053491,1,0,1
090053492,2,1,3
090053601,11,7,18
090053602,3,5,8
090053603,1,0,1
090053604,2,0,2
090053621,14,29,43
090054254,3,1,4
090054255,0,1,1
090071657,2,0,2
090075411,0,1,1
090075412,4,0,4
090075413,19,8,27
090075414,24,37,61
090075415,0,2,2
090075416,12,25,37
090075417,9,20,29
090075419,22,34,56
090075420,4,2,6
090075421,3,14,17
090075422,2,5,7
090075501,1,0,1
090075502,3,2,5
090075601,1,6,7
090075602,1,6,7
090075701,8,3,11
090075702,5,6,11
090075703,7,7,14
090075801,4,11,15
090075851,8,10,18
090075901,8,11,19
090075951,5,3,8
090076001,5,5,10
090076101,4,4,8
090076102,0,4,4
090076103,0,1,1
090076104,0,2,2
090076201,3,4,7
090076301,16,22,38
090076401,3,11,14
090076701,4,8,12
090076702,9,17,26
090076801,3,4,7
090091201,7,2,9
090091202,22,30,52
090091251,3,0,3
090091252,7,2,9
090091253,13,12,25
090091254,2,1,3
090091301,3,2,5
090091302,0,3,3
090091401,79,137,216
090091402,14,28,42
090091403,96,167,263
090091404,2,7,9
090091405,6,4,10
090091406,4,13,17
090091407,43,81,124
090091408,37,106,143
090091409,3,12,15
090091410,24,31,55
090091411,10,18,28
090091412,1,6,7
090091413,4,3,7
090091414,6,7,13
090091415,1,0,1
090091416,5,10,15
090091417,58,246,304
090091418,27,46,73
090091419,35,62,97
090091420,17,59,76
090091422,1,8,9
090091423,0,3,3
090091425,1,0,1
090091426,5,7,12
090091427,2,3,5
090091428,5,9,14
090091501,15,23,38
090091502,5,12,17
090091503,1,1,2
090091504,3,4,7
090091505,3,7,10
090091506,3,6,9
090091507,2,3,5
090091508,2,3,5
090091509,15,10,25
090091510,3,12,15
090091511,5,7,12
090091512,2,2,4
090091541,5,9,14
090091542,4,17,21
090091543,3,24,27
090091544,0,1,1
090091545,8,4,12
090091546,5,3,8
090091547,3,4,7
090091548,0,4,4
090091549,2,2,4
090091550,2,4,6
090091551,0,5,5
090091571,14,16,30
090091572,10,20,30
090091573,6,18,24
090091574,16,20,36
090091601,28,64,92
090091602,43,89,132
090091611,3,20,23
090091651,8,14,22
090091652,18,44,62
090091653,6,27,33
090091654,8,38,46
090091655,3,1,4
090091656,4,6,10
090091657,0,2,2
090091658,32,41,73
090091659,4,19,23
090091660,53,110,163
090091671,19,42,61
090091672,7,8,15
090091673,5,10,15
090091701,2,1,3
090091702,0,1,1
090091703,0,1,1
090091704,2,1,3
090091705,3,3,6
090091706,1,0,1
090091707,3,1,4
090091709,0,8,8
090091710,1,2,3
090091711,12,20,32
090091712,3,4,7
090091713,4,4,8
090091714,8,2,10
090091715,2,2,4
090091716,3,9,12
090091717,0,3,3
090091751,16,17,33
090091752,11,1,12
090091753,0,1,1
090091754,3,9,12
090091755,1,8,9
090091756,2,1,3
090091757,0,1,1
090091758,7,12,19
090091759,2,3,5
090091760,4,10,14
090091801,12,22,34
090091802,3,2,5
090091803,5,0,5
090091804,0,1,1
090091805,4,11,15
090091806,0,4,4
090091841,21,24,45
090091842,7,9,16
090091843,12,23,35
090091844,7,27,34
090091845,3,3,6
090091846,7,21,28
090091847,17,20,37
090091861,8,8,16
090091862,4,3,7
090091901,12,21,33
090091902,23,31,54
090091903,41,73,114
090091941,18,40,58
090091942,35,65,100
090093411,2,2,4
090093431,32,37,69
090093432,5,7,12
090093433,19,21,40
090093434,9,16,25
090093441,20,10,30
090093442,3,7,10
090093452,4,2,6
090093453,0,2,2
090093454,8,3,11
090093461,7,2,9
090093471,2,1,3
090093481,53,48,101
090093501,19,29,48
090093505,0,2,2
090093508,4,2,6
090093509,3,1,4
090093510,1,3,4
090093511,0,1,1
090093512,0,1,1
090093513,5,1,6
090093515,1,0,1
090093516,9,16,25
090093518,29,66,95
090093519,4,1,5
090093520,30,57,87
090093521,4,1,5
090093522,1,0,1
090093525,0,1,1
090093526,1,0,1
090093527,2,10,12
090093528,4,1,5
090093611,2,2,4
090093612,3,0,3
090116501,2,2,4
090116601,13,20,33
090116901,0,2,2
090116902,0,1,1
090116904,0,2,2
090116905,4,1,5
090116907,6,11,17
090116908,16,63,79
090116909,10,14,24
090116933,5,10,15
090116934,6,8,14
090116935,9,10,19
090116936,1,1,2
090116937,1,4,5
090116951,3,3,6
090116952,3,2,5
090116961,0,1,1
090116962,6,17,23
090116963,17,26,43
090116964,1,11,12
090116965,15,41,56
090116966,8,10,18
090116967,1,1,2
090116970,0,1,1
090117001,0,2,2
090117011,6,6,12
090117012,10,12,22
090117021,1,3,4
090117022,6,10,16
090117023,1,0,1
090117024,2,2,4
090117025,2,2,4
090117026,1,2,3
090117027,9,15,24
090117029,6,9,15
090117030,13,15,28
090117031,1,6,7
090117051,4,2,6
090117052,6,16,22
090117053,8,17,25
090117054,2,3,5
090117071,4,6,10
090117101,2,2,4
090117131,0,1,1
090117141,10,3,13
090117151,2,5,7
090117161,18,28,46
090117162,12,13,25
090119061,0,1,1
090135145,0,1,1
090135152,0,3,3
090135202,1,0,1
090135261,7,1,8
090135281,1,0,1
090135291,6,11,17
090135302,2,8,10
090135303,16,18,34
090135304,0,1,1
090135305,3,2,5
090135306,2,2,4
090135331,11,9,20
090135351,2,0,2
090135352,3,3,6
090135382,10,22,32
090138401,2,3,5
090138501,2,3,5
090138502,3,4,7
090138601,1,3,4
090138811,9,9,18
090138812,1,2,3
090138813,2,6,8
090138815,17,17,34
090138902,3,7,10
090158001,1,0,1
090158002,2,3,5
090158003,13,25,38
090158004,0,1,1
090158005,3,3,6
090158200,0,1,1
090158250,3,0,3
090158301,2,0,2
090159001,3,2,5
090159002,1,0,1
090159011,10,9,19
090159022,1,1,2
090159025,9,5,14
090159031,8,13,21
090159032,12,12,24
090159041,2,0,2
090159044,3,1,4
090159045,8,4,12
090159051,2,2,4
090159061,3,1,4
090159072,2,1,3
090159073,1,2,3
100010401,1,0,1
100010402,11,4,15
100010405,1,0,1
100010406,4,2,6
100010407,9,16,25
100010408,1,2,3
100010409,1,3,4
100010410,0,1,1
100010411,1,3,4
100010412,4,11,15
100010413,16,29,45
100010414,8,22,30
100010415,4,4,8
100010416,11,5,16
100010417,4,3,7
100010418,19,23,42
100010419,0,1,1
100010420,1,0,1
100010421,0,1,1
100010422,6,6,12
100010423,1,1,2
100010425,0,1,1
100010426,0,1,1
100010428,1,0,1
100010429,1,1,2
100010430,3,1,4
100010431,2,0,2
100030001,20,63,83
100030002,7,6,13
100030003,1,1,2
100030004,10,16,26
100030005,1,0,1
100030006,1,0,1
100030010,10,18,28
100030011,9,39,48
100030012,5,19,24
100030013,21,38,59
100030014,8,16,24
100030015,4,6,10
100030016,0,3,3
100030019,1,0,1
100030020,0,1,1
100030021,1,0,1
100030023,2,0,2
100030024,3,5,8
100030026,0,1,1
100030101,5,8,13
100030102,1,1,2
100030103,2,0,2
100030104,3,4,7
100030105,11,5,16
100030106,2,0,2
100030107,3,2,5
100030108,19,22,41
100030109,12,10,22
100030110,3,4,7
100030111,5,5,10
100030112,39,49,88
100030113,8,3,11
100030114,33,10,43
100030115,2,2,4
100030116,15,11,26
100030117,20,53,73
100030118,16,36,52
100030119,13,46,59
100030120,1,2,3
100030121,0,3,3
100030122,6,3,9
100030123,18,19,37
100030125,6,0,6
100030126,3,1,4
100030127,1,1,2
100030128,0,1,1
100030129,0,2,2
100030130,4,17,21
100030131,7,7,14
100030132,0,1,1
100030133,9,4,13
100030134,1,1,2
100030135,58,63,121
100030136,65,68,133
100030137,5,6,11
100030138,40,152,192
100030139,19,15,34
100030140,5,0,5
100030141,0,1,1
100030142,1,0,1
100030143,6,6,12
100030144,14,18,32
100030145,10,14,24
100030147,3,18,21
100030148,27,29,56
100030149,29,34,63
100030150,1,1,2
100030151,2,2,4
100030152,5,2,7
100030153,3,9,12
100030156,1,0,1
100030157,1,0,1
100030158,0,1,1
100030161,1,2,3
100030163,9,6,15
100030164,1,0,1
100030166,7,1,8
100030167,5,2,7
100030168,2,1,3
100030169,1,0,1
100050425,7,16,23
100050426,2,3,5
100050501,11,22,33
100050503,3,1,4
100050504,37,49,86
100050505,8,5,13
100050506,2,1,3
100050507,5,3,8
100050508,9,12,21
100050509,20,49,69
100050510,13,36,49
100050511,2,6,8
100050512,2,5,7
100050513,6,5,11
100050514,0,1,1
100050515,2,0,2
100050517,2,1,3
100050518,5,2,7
100050519,4,0,4
110010001,13,36,49
110010002,117,261,378
110010003,49,64,113
110010004,8,17,25
110010005,21,50,71
110010006,23,44,67
110010007,17,39,56
110010008,54,155,209
110010009,34,79,113
110010010,28,64,92
110010011,20,39,59
110010012,7,26,33
110010013,49,87,136
110010014,26,42,68
110010015,21,39,60
110010016,24,29,53
110010017,24,59,83
110010018,9,71,80
110010019,6,5,11
110010020,6,13,19
110010021,8,11,19
110010022,0,4,4
110010023,126,330,456
110010024,3,2,5
110010025,4,3,7
110010026,9,24,33
110010027,13,25,38
110010028,10,31,41
110010029,0,1,1
110010030,0,1,1
110010031,3,3,6
110010032,1,0,1
110010033,6,5,11
110010034,40,53,93
110010035,83,130,213
110010036,4,0,4
110010037,1,2,3
110010038,19,12,31
110010039,9,6,15
110010040,7,27,34
110010041,10,24,34
110010042,17,38,55
110010043,7,10,17
110010044,1,4,5
110010046,1,0,1
110010047,1,0,1
110010048,9,11,20
110010049,1,2,3
110010050,5,11,16
110010051,7,20,27
110010052,6,10,16
110010053,25,17,42
110010054,88,149,237
110010055,60,83,143
110010056,114,166,280
110010057,41,142,183
110010058,7,12,19
110010059,1,1,2
110010060,7,19,26
110010061,9,6,15
110010062,38,50,88
110010063,6,6,12
110010065,9,9,18
110010066,14,16,30
110010067,8,14,22
110010068,6,8,14
110010069,1,3,4
110010070,10,27,37
110010072,2,1,3
110010073,13,24,37
110010075,7,1,8
110010076,6,3,9
110010077,1,1,2
110010078,1,2,3
110010079,3,3,6
110010080,5,3,8
110010081,5,4,9
110010082,2,7,9
110010083,5,7,12
110010084,5,4,9
110010085,0,1,1
110010086,5,2,7
110010087,5,1,6
110010088,1,4,5
110010090,0,2,2
110010091,6,10,16
110010092,1,3,4
110010093,8,5,13
110010094,7,4,11
110010095,52,78,130
110010096,0,1,1
110010097,2,1,3
110010098,10,40,50
110010099,7,3,10
110011034,3,0,3
110016118,3,0,3
110017012,0,1,1
120010001,6,9,15
120010002,24,40,64
120010003,7,10,17
120010004,1,1,2
120010005,8,13,21
120010007,1,3,4
120010008,11,29,40
120010009,134,377,511
120010010,14,41,55
120010011,41,51,92
120010012,23,39,62
120010014,1,0,1
120010015,27,78,105
120010016,20,45,65
120010017,51,129,180
120010018,65,108,173
120010019,3,0,3
120010020,5,4,9
120010021,3,1,4
120010022,157,279,436
120010311,0,1,1
120030401,8,10,18
120050003,0,2,2
120050005,2,4,6
120050007,1,0,1
120050008,9,3,12
120050009,2,2,4
120050010,1,1,2
120050011,1,0,1
120050012,2,10,12
120050013,4,2,6
120050014,14,14,28
120050015,23,57,80
120050016,10,54,64
120050019,5,7,12
120050021,8,13,21
120050022,4,6,10
120050023,0,3,3
120050025,7,12,19
120050026,4,15,19
120050027,7,10,17
120070001,4,1,5
120070002,1,2,3
120070311,3,0,3
120090601,0,2,2
120090602,5,14,19
120090604,15,18,33
120090606,0,1,1
120090607,10,5,15
120090608,1,5,6
120090609,6,7,13
120090610,4,4,8
120090611,3,6,9
120090612,6,5,11
120090621,9,4,13
120090622,2,4,6
120090623,3,1,4
120090627,3,3,6
120090628,14,46,60
120090629,2,1,3
120090630,5,1,6
120090631,41,29,70
120090641,40,39,79
120090642,8,5,13
120090643,2,3,5
120090644,2,0,2
120090645,2,3,5
120090646,5,3,8
120090647,26,103,129
120090648,4,27,31
120090649,2,37,39
120090650,0,2,2
120090651,26,16,42
120090652,17,6,23
120090661,14,25,39
120090662,9,10,19
120090663,25,47,72
120090664,9,10,19
120090665,3,7,10
120090666,1,2,3
120090667,7,14,21
120090669,9,18,27
120090671,2,2,4
120090681,15,26,41
120090682,8,11,19
120090683,5,6,11
120090684,2,1,3
120090685,1,4,5
120090686,1,1,2
120090691,1,4,5
120090693,3,7,10
120090694,10,22,32
120090695,10,10,20
120090696,4,7,11
120090697,3,3,6
120090698,5,16,21
120090699,14,13,27
120090701,0,2,2
120090711,1,5,6
120090712,3,1,4
120090713,14,8,22
120110101,14,21,35
120110102,3,2,5
120110103,14,20,34
120110104,16,13,29
120110105,24,33,57
120110106,57,62,119
120110107,4,23,27
120110108,2,6,8
120110109,8,21,29
120110110,9,4,13
120110201,10,6,16
120110202,24,36,60
120110203,120,153,273
120110204,36,71,107
120110205,3,0,3
120110301,5,18,23
120110302,2,0,2
120110303,2,4,6
120110304,1,0,1
120110305,1,4,5
120110306,0,2,2
120110307,14,18,32
120110308,8,21,29
120110309,13,13,26
120110310,10,29,39
120110311,17,16,33
120110312,31,38,69
120110401,13,25,38
120110402,24,83,107
120110403,37,109,146
120110404,15,70,85
120110405,31,59,90
120110406,24,39,63
120110407,5,5,10
120110408,0,2,2
120110409,1,0,1
120110412,1,2,3
120110413,1,1,2
120110415,3,0,3
120110416,4,0,4
120110417,5,2,7
120110418,8,8,16
120110419,12,21,33
120110420,5,38,43
120110421,3,10,13
120110422,13,20,33
120110423,34,59,93
120110424,4,3,7
120110425,2,4,6
120110426,0,4,4
120110427,1,3,4
120110428,0,1,1
120110429,2,1,3
120110430,5,0,5
120110431,5,4,9
120110432,1,2,3
120110433,7,13,20
120110501,6,34,40
120110502,44,90,134
120110503,22,52,74
120110504,1,5,6
120110505,9,12,21
120110506,9,25,34
120110507,1,3,4
120110508,5,10,15
120110509,1,1,2
120110510,8,2,10
120110601,82,121,203
120110602,6,14,20
120110603,5,4,9
120110604,1,4,5
120110605,45,47,92
120110606,70,115,185
120110607,6,7,13
120110608,12,20,32
120110609,3,13,16
120110610,58,76,134
120110611,1,0,1
120110701,2,2,4
120110702,21,44,65
120110703,133,197,330
120110704,20,24,44
120110705,19,21,40
120110706,7,6,13
120110801,5,13,18
120110802,1,2,3
120110803,0,1,1
120110804,12,35,47
120110805,1,2,3
120110901,15,16,31
120110902,10,16,26
120110903,3,6,9
120110904,1,9,10
120110905,46,84,130
120110906,1,0,1
120110907,13,20,33
120110908,35,36,71
120110909,34,90,124
120110910,13,21,34
120110911,2,4,6
120110912,5,0,5
120110913,4,0,4
120110914,1,2,3
120110915,1,2,3
120110916,19,25,44
120110917,6,25,31
120110918,1,0,1
120110919,14,9,23
120110920,4,21,25
120110921,1,8,9
120111001,24,61,85
120111002,6,6,12
120111003,6,7,13
120111005,1,0,1
120111006,0,1,1
120111008,4,2,6
120111101,3,3,6
120111102,0,1,1
120111103,189,196,385
120111104,3,3,6
120111105,2,1,3
120139902,2,0,2
120139903,9,1,10
120150101,3,7,10
120150102,2,5,7
120150103,19,47,66
120150104,25,58,83
120150105,7,5,12
120150201,4,14,18
120150202,5,4,9
120150203,10,8,18
120150204,2,2,4
120150205,7,15,22
120150206,20,44,64
120150207,19,39,58
120150208,1,1,2
120150209,5,12,17
120150210,5,14,19
120150301,0,4,4
120150302,0,2,2
120150303,8,13,21
120150304,4,3,7
120150305,8,5,13
120179801,9,11,20
120179802,2,3,5
120179803,4,23,27
120179804,1,2,3
120179805,16,21,37
120179806,6,12,18
120179807,22,20,42
120179808,0,2,2
120179809,5,8,13
120179810,11,22,33
120179811,2,1,3
120179812,2,1,3
120179813,2,1,3
120179814,6,15,21
120179815,6,11,17
120179816,7,5,12
120179817,4,8,12
120190003,1,2,3
120190301,2,3,5
120190302,1,2,3
120190303,21,15,36
120190304,5,20,25
120190305,19,17,36
120190306,21,11,32
120190307,7,6,13
120190308,21,29,50
120190309,8,8,16
120190311,1,1,2
120190312,1,9,10
120190313,5,5,10
120190314,2,1,3
120210001,26,69,95
120210002,2,12,14
120210003,11,49,60
120210004,19,52,71
120210005,2,18,20
120210006,1,7,8
120210007,0,2,2
120210101,45,62,107
120210102,77,189,266
120210103,4,13,17
120210104,54,66,120
120210105,9,19,28
120210106,23,16,39
120210107,2,6,8
120210108,6,8,14
120210109,19,52,71
120210110,12,19,31
120210111,5,2,7
120210112,2,11,13
120210113,1,0,1
120210114,2,0,2
120210506,2,1,3
120239706,3,5,8
120239902,9,24,33
120239904,6,3,9
120239905,21,26,47
120239907,6,14,20
120239908,0,2,2
120239909,1,3,4
120250002,1,3,4
120250037,2,3,5
120250042,0,5,5
120250091,6,8,14
120250093,0,1,1
120250097,1,3,4
120250102,1,1,2
120279802,14,8,22
120279803,3,7,10
120279804,0,3,3
120299801,4,3,7
120299802,1,0,1
120310002,0,2,2
120310006,7,11,18
120310007,12,22,34
120310008,40,151,191
120310009,2,3,5
120310010,4,1,5
120310012,7,7,14
120310013,0,1,1
120310014,3,2,5
120310015,43,109,152
120310016,10,27,37
120310017,2,10,12
120310018,1,1,2
120310019,3,27,30
120310020,54,116,170
120310021,26,16,42
120310022,14,11,25
120310023,7,9,16
120310024,4,9,13
120310025,2,1,3
120310028,4,5,9
120310029,2,0,2
120310101,0,2,2
120310102,1,0,1
120310103,3,1,4
120310104,5,2,7
120310105,2,1,3
120310107,1,1,2
120310111,6,0,6
120310112,1,0,1
120310114,1,0,1
120310115,2,0,2
120310116,2,2,4
120310118,2,1,3
120310119,2,2,4
120310120,9,0,9
120310121,3,1,4
120310122,3,0,3
120310123,2,1,3
120310124,0,1,1
120310125,1,0,1
120310126,0,5,5
120310127,3,2,5
120310128,0,1,1
120310130,15,36,51
120310131,6,8,14
120310132,15,16,31
120310133,2,0,2
120310134,8,3,11
120310135,10,3,13
120310136,0,1,1
120310137,5,4,9
120310138,0,2,2
120310139,21,37,58
120310140,9,10,19
120310141,9,13,22
120310142,26,41,67
120310143,55,45,100
120310144,159,284,443
120310145,4,3,7
120310146,19,6,25
120310147,6,2,8
120310148,2,0,2
120310149,11,10,21
120310150,2,0,2
120310152,2,0,2
120310153,4,2,6
120310154,3,2,5
120310155,1,1,2
120310156,6,10,16
120310157,10,7,17
120310158,10,17,27
120310159,61,77,138
120310160,23,102,125
120310161,15,57,72
120310162,0,8,8
120310164,12,22,34
120310165,17,39,56
120310166,21,14,35
120310167,53,45,98
120310168,49,60,109
120310306,1,1,2
120330001,0,9,9
120330002,3,0,3
120330004,1,3,4
120330005,9,19,28
120330006,0,2,2
120330007,1,3,4
120330008,8,13,21
120330009,8,8,16
120330010,16,39,55
120330011,37,48,85
120330012,67,99,166
120330013,14,30,44
120330014,5,3,8
120330015,0,3,3
120330016,2,1,3
120330017,1,0,1
120330018,6,68,74
120330019,0,1,1
120330021,0,1,1
120330022,1,0,1
120330023,9,15,24
120330024,10,19,29
120330025,5,7,12
120330026,25,45,70
120330027,14,8,22
120330028,14,17,31
120330029,0,1,1
120330030,3,0,3
120330031,1,0,1
120330032,8,7,15
120330033,7,7,14
120330034,1,1,2
120330035,35,110,145
120330036,28,34,62
120330038,1,0,1
120330039,0,1,1
120330040,3,1,4
120330109,0,2,2
120350801,1,0,1
120359601,14,13,27
120359602,8,10,18
120359603,10,24,34
120370101,0,1,1
120379701,2,1,3
120379702,1,0,1
120379703,8,4,12
120390201,1,1,2
120390204,7,15,22
120390205,6,1,7
120390207,9,4,13
120410022,0,1,1
120419502,3,0,3
120439502,2,0,2
120439603,0,1,1
120459601,3,0,3
120459602,12,2,14
120459603,2,3,5
120479801,6,1,7
120479802,0,1,1
120499702,1,0,1
120499703,1,1,2
120499704,8,2,10
120519601,5,2,7
120519602,3,3,6
120519604,7,3,10
120530001,0,3,3
120530002,3,5,8
120530003,0,3,3
120530004,1,1,2
120530005,10,16,26
120530006,1,1,2
120530007,15,31,46
120530008,3,2,5
120530009,19,21,40
120530010,11,9,20
120530011,1,2,3
120530012,6,1,7
120530013,12,13,25
120530014,4,2,6
120530015,10,15,25
120530016,3,2,5
120559601,4,8,12
120559602,4,2,6
120559603,1,6,7
120559604,6,8,14
120559605,22,18,40
120559606,4,4,8
120559607,0,4,4
120559608,4,8,12
120559609,0,1,1
120559610,0,1,1
120559611,6,3,9
120559612,5,14,19
120559613,4,4,8
120559614,3,2,5
120559616,4,4,8
120559617,4,4,8
120570001,2,14,16
120570002,2,2,4
120570003,2,0,2
120570004,4,4,8
120570005,2,1,3
120570006,1,0,1
120570007,0,1,1
120570008,2,0,2
120570009,3,2,5
120570010,1,0,1
120570011,0,1,1
120570012,2,3,5
120570013,1,2,3
120570014,1,5,6
120570015,1,1,2
120570017,1,2,3
120570018,2,0,2
120570019,1,0,1
120570022,1,1,2
120570023,2,4,6
120570024,9,16,25
120570025,29,93,122
120570026,4,4,8
120570027,40,62,102
120570028,1,12,13
120570029,0,1,1
120570030,1,0,1
120570031,1,0,1
120570032,1,0,1
120570036,0,2,2
120570037,1,0,1
120570038,1,0,1
120570039,0,2,2
120570040,2,4,6
120570042,1,0,1
120570044,0,5,5
120570045,2,0,2
120570046,8,35,43
120570047,4,2,6
120570048,2,4,6
120570049,13,14,27
120570050,2,3,5
120570051,18,47,65
120570053,1,0,1
120570054,43,81,124
120570055,13,58,71
120570057,21,69,90
120570058,11,19,30
120570059,22,48,70
120570060,10,26,36
120570061,32,59,91
120570062,5,6,11
120570063,7,10,17
120570064,6,13,19
120570065,12,12,24
120570066,2,1,3
120570067,9,31,40
120570068,8,17,25
120570069,7,5,12
120570070,2,1,3
120570071,9,9,18
120570073,2,5,7
120570101,6,4,10
120570102,53,89,142
120570103,4,4,8
120570104,2,12,14
120570105,3,3,6
120570106,5,3,8
120570107,25,22,47
120570108,81,161,242
120570109,25,107,132
120570110,88,183,271
120570111,31,30,61
120570112,17,19,36
120570113,34,72,106
120570114,52,74,126
120570115,62,98,160
120570116,35,48,83
120570117,30,29,59
120570118,11,3,14
120570119,33,43,76
120570120,0,1,1
120570121,6,28,34
120570122,9,16,25
120570123,4,7,11
120570125,10,12,22
120570126,8,0,8
120570127,16,12,28
120570129,1,1,2
120570130,0,3,3
120570132,19,21,40
120570133,83,92,175
120570134,29,30,59
120570135,2,2,4
120570136,0,1,1
120570137,9,7,16
120570138,2,1,3
120570139,10,5,15
120570140,32,43,75
120570141,9,10,19
120570320,2,1,3
120599602,1,0,1
120599604,5,4,9
120610501,2,6,8
120610502,8,20,28
120610503,28,68,96
120610504,10,38,48
120610505,33,97,130
120610506,7,8,15
120610507,10,20,30
120610508,28,18,46
120610509,2,1,3
120639803,7,1,8
120639804,1,0,1
120639805,14,11,25
120639806,3,2,5
120639807,8,8,16
120639808,4,0,4
120639809,1,1,2
120639810,1,0,1
120659801,4,1,5
120659802,0,1,1
120679602,2,1,3
120690301,3,6,9
120690302,32,44,76
120690303,9,15,24
120690304,8,13,21
120690305,7,16,23
120690306,19,30,49
120690307,18,24,42
120690308,13,25,38
120690309,18,33,51
120690310,2,2,4
120690311,11,10,21
120690312,6,4,10
120690313,23,19,42
120699901,2,1,3
120710001,0,1,1
120710002,1,0,1
120710003,3,1,4
120710004,1,0,1
120710005,0,1,1
120710007,1,3,4
120710008,3,26,29
120710009,7,14,21
120710010,6,4,10
120710011,19,131,150
120710012,16,24,40
120710013,7,8,15
120710014,23,60,83
120710015,12,41,53
120710016,13,16,29
120710017,34,52,86
120710018,18,40,58
120710019,68,66,134
120710101,5,3,8
120710102,2,1,3
120710103,32,34,66
120710104,12,18,30
120710105,7,3,10
120710106,3,6,9
120710107,14,8,22
120710108,13,13,26
120710201,4,4,8
120710202,0,2,2
120710203,1,0,1
120710204,1,5,6
120710205,1,0,1
120710206,2,3,5
120710207,3,0,3
120710208,2,2,4
120710301,1,2,3
120710302,3,6,9
120710303,0,4,4
120710401,37,47,84
120710402,2,3,5
120710403,12,8,20
120710501,11,16,27
120710502,8,2,10
120710503,23,48,71
120710504,0,2,2
120710506,13,9,22
120710601,0,2,2
120710602,3,1,4
120710603,1,2,3
120710701,3,4,7
120710702,5,3,8
120710801,0,1,1
120710802,22,62,84
120710901,3,6,9
120730001,2,6,8
120730002,16,11,27
120730003,4,7,11
120730004,3,1,4
120730007,1,2,3
120730008,6,7,13
120730009,85,96,181
120730011,1,2,3
120730013,0,1,1
120730014,1,1,2
120730015,2,4,6
120730016,7,5,12
120730017,21,39,60
120730019,1,3,4
120730020,5,1,6
120730021,0,2,2
120730022,6,5,11
120730023,3,8,11
120730024,89,116,205
120730025,38,55,93
120730026,1,1,2
120730027,1,0,1
120759502,1,1,2
120759701,2,0,2
120759702,3,0,3
120759703,1,0,1
120759704,1,3,4
120759705,5,2,7
120759706,1,1,2
120759707,2,3,5
120759803,0,4,4
120799801,1,0,1
120799901,1,0,1
120799903,7,3,10
120810001,24,62,86
120810002,1,1,2
120810003,9,9,18
120810004,40,120,160
120810005,15,12,27
120810006,1,1,2
120810007,8,0,8
120810008,29,40,69
120810009,7,4,11
120810010,1,3,4
120810011,19,38,57
120810012,40,63,103
120810013,8,4,12
120810014,5,3,8
120810015,0,1,1
120810016,0,1,1
120810017,6,19,25
120810018,11,13,24
120810019,5,9,14
120810020,31,31,62
120810027,0,1,1
120830001,2,2,4
120830002,2,1,3
120830003,2,3,5
120830004,1,2,3
120830005,1,0,1
120830007,5,4,9
120830008,0,3,3
120830009,1,1,2
120830010,8,5,13
120830011,6,3,9
120830012,3,3,6
120830013,0,1,1
120830014,1,3,4
120830015,1,2,3
120830016,5,2,7
120830017,1,0,1
120830018,0,3,3
120830019,27,86,113
120830020,2,8,10
120830021,23,19,42
120830022,10,9,19
120830023,29,47,76
120830024,43,84,127
120830025,5,9,14
120830026,6,7,13
120830027,12,9,21
120830304,0,1,1
120850001,9,25,34
120850002,2,1,3
120850003,16,4,20
120850004,11,18,29
120850005,10,22,32
120850006,50,61,111
120850007,4,12,16
120850008,21,53,74
120850009,16,18,34
120850010,6,16,22
120850011,6,13,19
120850013,6,18,24
120850014,20,18,38
120850015,1,2,3
120850016,6,19,25
120850017,3,1,4
120850018,1,3,4
120860001,160,268,428
120860002,78,114,192
120860003,23,15,38
120860004,6,4,10
120860005,5,2,7
120860006,52,58,110
120860007,57,45,102
120860008,10,8,18
120860009,2,1,3
120860010,11,31,42
120860011,15,29,44
120860012,28,59,87
120860013,7,10,17
120860014,2,1,3
120860015,2,0,2
120860016,9,7,16
120860017,0,1,1
120860018,2,1,3
120860019,9,2,11
120860020,6,1,7
120860021,6,11,17
120860022,9,6,15
120860023,2,2,4
120860024,2,5,7
120860025,1,3,4
120860026,1,0,1
120860027,31,49,80
120860028,0,2,2
120860030,88,313,401
120860031,0,2,2
120860034,1,0,1
120860036,34,192,226
120860037,8,12,20
120860038,55,101,156
120860039,104,178,282
120860040,90,238,328
120860041,51,93,144
120860042,34,55,89
120860043,10,24,34
120860044,32,54,86
120860045,5,10,15
120860046,39,89,128
120860047,18,22,40
120860048,4,3,7
120860049,11,25,36
120860050,8,5,13
120860051,11,9,20
120860052,8,6,14
120860053,16,11,27
120860054,24,18,42
120860055,34,22,56
120860056,17,27,44
120860057,19,19,38
120860058,15,29,44
120860059,18,30,48
120860060,45,80,125
120860061,61,96,157
120860062,64,115,179
120860063,17,21,38
120860064,21,20,41
120860065,24,24,48
120860066,20,17,37
120860067,78,161,239
120860068,55,148,203
120860069,26,36,62
120860070,16,27,43
120860071,13,21,34
120860072,4,2,6
120860073,14,49,63
120860074,54,77,131
120860075,32,59,91
120860076,112,199,311
120860077,47,100,147
120860078,87,213,300
120860079,23,64,87
120860080,26,53,79
120860081,36,69,105
120860082,65,86,151
120860083,31,37,68
120860084,191,323,514
120860085,29,45,74
120860086,30,22,52
120860087,11,3,14
120860088,66,55,121
120860089,74,60,134
120860090,134,176,310
120860091,26,70,96
120860092,1,3,4
120860093,101,110,211
120860094,1,1,2
120860095,3,3,6
120860096,5,5,10
120860097,38,70,108
120860098,19,19,38
120860099,4,7,11
120860100,10,2,12
120860101,378,346,724
120860102,2,6,8
120860103,3,7,10
120860106,11,16,27
120860107,2,0,2
120860108,1,1,2
120860109,0,2,2
120860110,1,0,1
120860111,13,6,19
120860112,17,7,24
120860113,1,0,1
120860114,3,2,5
120860115,3,1,4
120879702,6,7,13
120879703,12,12,24
120879704,3,2,5
120879705,1,5,6
120879706,5,1,6
120879707,2,2,4
120879708,11,21,32
120879709,2,7,9
120879710,1,7,8
120879711,7,9,16
120879712,5,13,18
120879713,3,2,5
120879714,5,3,8
120879715,5,12,17
120879716,3,3,6
120879717,2,2,4
120879718,2,13,15
120879719,5,8,13
120879720,6,8,14
120879721,8,17,25
120879723,1,3,4
120879724,3,3,6
120879725,6,12,18
120879726,4,2,6
120890501,18,17,35
120890502,12,27,39
120890503,4,3,7
120890505,2,0,2
120910201,1,0,1
120910203,3,4,7
120910204,1,0,1
120910205,6,4,10
120910206,5,1,6
120910207,14,9,23
120910208,5,2,7
120910209,14,15,29
120910210,26,31,57
120910211,3,6,9
120910212,12,5,17
120910213,1,0,1
120910214,7,14,21
120910215,10,21,31
120910216,1,6,7
120910217,6,4,10
120910218,27,52,79
120910219,4,5,9
120910220,4,4,8
120910221,0,1,1
120910222,1,2,3
120910223,1,1,2
120910224,4,4,8
120910225,2,6,8
120910226,3,0,3
120910227,1,1,2
120910229,2,1,3
120910230,2,3,5
120910231,0,5,5
120910232,2,4,6
120910233,16,40,56
120939901,2,0,2
120939902,4,2,6
120939903,10,13,23
120939905,2,7,9
120939906,3,6,9
120950101,4,29,33
120950102,11,32,43
120950103,4,8,12
120950105,1,1,2
120950106,3,1,4
120950107,13,20,33
120950108,4,22,26
120950109,11,10,21
120950110,2,2,4
120950111,5,2,7
120950112,4,11,15
120950113,20,68,88
120950114,65,152,217
120950117,2,0,2
120950118,0,1,1
120950119,1,2,3
120950120,4,2,6
120950121,6,1,7
120950122,1,2,3
120950123,9,2,11
120950124,2,4,6
120950125,3,2,5
120950126,6,0,6
120950127,36,66,102
120950128,18,51,69
120950129,18,8,26
120950130,2,1,3
120950131,0,2,2
120950132,3,1,4
120950133,5,6,11
120950134,5,8,13
120950135,14,11,25
120950136,32,10,42
120950137,10,3,13
120950138,4,5,9
120950139,32,35,67
120950140,11,12,23
120950141,11,18,29
120950142,1,1,2
120950143,6,3,9
120950144,1,0,1
120950145,4,2,6
120950146,7,8,15
120950147,30,27,57
120950148,103,114,217
120950149,5,4,9
120950150,2,1,3
120950151,3,9,12
120950152,23,45,68
120950153,0,6,6
120950154,11,20,31
120950155,10,49,59
120950156,5,8,13
120950157,11,26,37
120950158,10,33,43
120950159,10,64,74
120950160,14,41,55
120950161,7,21,28
120950162,11,8,19
120950163,31,22,53
120950164,26,26,52
120950165,19,8,27
120950166,0,1,1
120950167,47,51,98
120950168,8,4,12
120950169,5,21,26
120950170,60,46,106
120950171,64,106,170
120950173,8,6,14
120950174,5,2,7
120950175,7,3,10
120950176,1,1,2
120950177,8,1,9
120950178,16,9,25
120950179,2,5,7
120950216,4,1,5
120950222,1,0,1
120970401,16,21,37
120970402,14,16,30
120970403,40,43,83
120970404,8,8,16
120970405,20,15,35
120970406,1,1,2
120990001,19,10,29
120990002,46,97,143
120990003,28,69,97
120990004,27,32,59
120990005,28,49,77
120990006,4,6,10
120990007,16,22,38
120990008,27,72,99
120990009,23,43,66
120990010,26,32,58
120990011,4,4,8
120990012,5,2,7
120990013,1,1,2
120990014,21,75,96
120990015,6,5,11
120990016,3,7,10
120990017,10,9,19
120990018,14,30,44
120990019,41,55,96
120990020,2,5,7
120990021,3,2,5
120990023,36,115,151
120990025,0,1,1
120990026,1,1,2
120990027,5,9,14
120990028,2,1,3
120990029,0,1,1
120990030,1,0,1
120990031,3,4,7
120990032,1,1,2
120990033,1,0,1
120990034,7,6,13
120990035,19,74,93
120990036,10,8,18
120990037,0,3,3
120990038,4,7,11
120990039,2,2,4
120990040,4,4,8
120990041,6,9,15
120990042,8,11,19
120990043,11,13,24
120990044,3,1,4
120990045,7,12,19
120990046,1,3,4
120990047,5,5,10
120990048,35,46,81
120990049,27,96,123
120990050,2,0,2
120990052,4,2,6
120990053,10,6,16
120990054,11,44,55
120990055,3,3,6
120990056,2,0,2
120990057,1,2,3
120990058,8,7,15
120990059,123,173,296
120990060,41,54,95
120990061,1,1,2
120990062,13,8,21
120990063,21,30,51
120990064,9,20,29
120990065,3,13,16
120990066,16,15,31
120990067,0,2,2
120990069,35,44,79
120990070,98,243,341
120990072,16,22,38
120990073,10,34,44
120990074,44,90,134
120990075,19,45,64
120990076,136,285,421
120990077,230,302,532
120990078,81,97,178
120990079,11,13,24
120990080,2,2,4
120990082,12,7,19
121010014,1,0,1
121010110,1,0,1
121010301,1,4,5
121010302,5,9,14
121010303,6,21,27
121010304,9,20,29
121010305,3,0,3
121010306,8,6,14
121010307,1,3,4
121010308,18,33,51
121010309,8,11,19
121010310,17,15,32
121010311,21,21,42
121010312,9,35,44
121010313,3,1,4
121010314,7,47,54
121010315,19,16,35
121010316,0,2,2
121010317,15,9,24
121010318,0,1,1
121010319,1,4,5
121010320,13,16,29
121010321,12,29,41
121010322,2,0,2
121010323,0,3,3
121010324,0,1,1
121010325,0,2,2
121010326,19,12,31
121010327,1,1,2
121010328,18,27,45
121010329,4,5,9
121010330,13,8,21
121030201,30,53,83
121030202,23,17,40
121030203,3,3,6
121030204,3,3,6
121030205,2,0,2
121030207,1,1,2
121030212,1,0,1
121030213,39,96,135
121030214,0,10,10
121030215,7,17,24
121030216,2,4,6
121030218,2,2,4
121030219,10,13,23
121030220,1,5,6
121030221,2,3,5
121030222,7,2,9
121030223,10,21,31
121030224,16,39,55
121030225,21,44,65
121030226,8,8,16
121030227,1,6,7
121030228,1,2,3
121030229,8,14,22
121030231,1,3,4
121030232,2,2,4
121030233,5,10,15
121030234,18,52,70
121030235,2,5,7
121030236,8,5,13
121030237,6,13,19
121030238,3,3,6
121030239,1,1,2
121030240,37,63,100
121030241,1,8,9
121030242,3,3,6
121030243,5,2,7
121030244,52,56,108
121030245,46,27,73
121030246,1,0,1
121030247,4,3,7
121030248,4,20,24
121030249,8,15,23
121030250,55,81,136
121030251,85,115,200
121030252,54,118,172
121030253,14,19,33
121030254,24,50,74
121030255,5,11,16
121030256,9,9,18
121030257,28,49,77
121030258,4,2,6
121030259,35,89,124
121030260,12,41,53
121030261,2,2,4
121030262,7,0,7
121030263,2,0,2
121030264,6,9,15
121030265,4,18,22
121030266,1,0,1
121030267,18,30,48
121030268,57,101,158
121030269,41,38,79
121030270,3,7,10
121030271,32,39,71
121030272,48,61,109
121030273,118,176,294
121030274,10,24,34
121030275,14,21,35
121030276,27,41,68
121030277,13,18,31
121030278,8,9,17
121030279,13,16,29
121030280,26,35,61
121030281,20,52,72
121030282,1,0,1
121030283,0,3,3
121030284,2,2,4
121030285,1,2,3
121050102,1,1,2
121050103,2,0,2
121050104,7,14,21
121050105,12,27,39
121050106,15,15,30
121050107,6,18,24
121050108,2,5,7
121050112,1,1,2
121050113,37,65,102
121050114,19,54,73
121050115,1,0,1
121050116,2,3,5
121050117,2,1,3
121050118,41,44,85
121050119,13,9,22
121050120,1,5,6
121050121,3,6,9
121050122,8,5,13
121050123,2,5,7
121050124,2,3,5
121050125,6,6,12
121050126,5,1,6
121050127,5,2,7
121050128,2,8,10
121050129,1,0,1
121050130,3,3,6
121050131,8,2,10
121050132,1,0,1
121050133,1,0,1
121050135,0,3,3
121050136,0,2,2
121050137,52,96,148
121050138,2,4,6
121050139,14,24,38
121050140,12,24,36
121050141,18,18,36
121050142,5,3,8
121050143,12,14,26
121050144,1,1,2
121050145,0,1,1
121050147,1,1,2
121050148,2,1,3
121050149,5,2,7
121050150,5,5,10
121050151,12,6,18
121050152,3,6,9
121050154,2,3,5
121050155,1,0,1
121050156,0,1,1
121050157,0,1,1
121050160,2,0,2
121050313,1,0,1
121059702,0,1,1
121070020,1,1,2
121070311,2,3,5
121079502,2,0,2
121079503,1,1,2
121079506,21,9,30
121079507,2,1,3
121079508,6,7,13
121079509,5,2,7
121079510,4,1,5
121079511,0,1,1
121079513,1,0,1
121079514,5,3,8
121090201,1,0,1
121090202,2,2,4
121090204,11,13,24
121090206,2,2,4
121090207,58,124,182
121090208,18,22,40
121090209,2,2,4
121090211,0,1,1
121090212,17,9,26
121090213,25,45,70
121090214,8,21,29
121110001,3,8,11
121110004,22,52,74
121110005,4,5,9
121110006,0,2,2
121110007,1,5,6
121110008,0,1,1
121110010,1,0,1
121110011,1,2,3
121110012,2,4,6
121110013,11,12,23
121110014,4,10,14
121110015,12,7,19
121110016,8,3,11
121110017,5,9,14
121110018,10,24,34
121110019,7,12,19
121110020,22,32,54
121110021,24,21,45
121110022,1,9,10
121130102,3,1,4
121130103,5,3,8
121130104,0,1,1
121130105,14,17,31
121130106,1,1,2
121130107,15,11,26
121130108,36,44,80
121130109,21,33,54
121150001,12,35,47
121150002,0,1,1
121150004,8,9,17
121150005,64,184,248
121150006,12,64,76
121150007,11,22,33
121150008,28,53,81
121150009,1,5,6
121150010,0,4,4
121150011,2,3,5
121150012,16,27,43
121150013,5,19,24
121150014,12,29,41
121150015,28,36,64
121150016,7,10,17
121150017,19,42,61
121150018,25,42,67
121150019,31,65,96
121150020,43,74,117
121150021,11,27,38
121150022,17,24,41
121150023,8,19,27
121150024,26,77,103
121150025,17,14,31
121150026,23,13,36
121150027,55,108,163
121150302,1,2,3
121170156,0,1,1
121170163,3,1,4
121170201,5,4,9
121170202,5,15,20
121170203,7,1,8
121170204,0,1,1
121170205,8,20,28
121170206,2,2,4
121170207,42,66,108
121170208,39,31,70
121170209,1,2,3
121170210,1,2,3
121170211,4,0,4
121170212,4,5,9
121170213,63,42,105
121170214,8,6,14
121170215,24,29,53
121170216,66,92,158
121170217,21,32,53
121170218,13,32,45
121170219,19,24,43
121170220,13,7,20
121170221,7,4,11
121170222,33,29,62
121190304,0,1,1
121199901,6,13,19
121199902,4,3,7
121199903,0,2,2
121199904,0,2,2
121199905,8,0,8
121219501,2,0,2
121219701,4,2,6
121219704,4,4,8
121219705,1,0,1
121219706,0,1,1
121239501,10,10,20
121239502,0,1,1
121259601,4,2,6
121259602,4,7,11
121270801,2,8,10
121270802,7,7,14
121270803,8,6,14
121270804,6,17,23
121270805,7,10,17
121270806,5,12,17
121270807,3,10,13
121270808,57,99,156
121270809,1,0,1
121270810,6,5,11
121270811,6,11,17
121270812,7,6,13
121270813,1,1,2
121270814,1,8,9
121270815,1,0,1
121270816,0,1,1
121270817,2,15,17
121270818,22,60,82
121270820,5,7,12
121270821,2,0,2
121270822,5,3,8
121270823,31,45,76
121270824,22,29,51
121270825,26,20,46
121270826,22,26,48
121270827,9,17,26
121270828,11,28,39
121270829,10,10,20
121270830,4,5,9
121270832,25,40,65
121270901,3,2,5
121270902,19,26,45
121270903,5,11,16
121270904,8,14,22
121270905,6,8,14
121270906,1,1,2
121270907,6,4,10
121270908,12,14,26
121270909,19,9,28
121270910,25,13,38
121290101,3,2,5
121290102,10,3,13
121310233,3,7,10
121319501,0,1,1
121319503,9,2,11
121319505,1,2,3
121319506,4,6,10
121339701,1,1,2
121339703,9,6,15
130019501,1,0,1
130019502,1,0,1
130019503,13,1,14
130039602,0,1,1
130059702,8,4,12
130099702,6,9,15
130099703,3,11,14
130099704,20,37,57
130099705,12,8,20
130099707,9,11,20
130119801,2,0,2
130119803,1,0,1
130119906,1,0,1
130131801,2,2,4
130131802,14,4,18
130131803,4,1,5
130131804,0,1,1
130131805,1,0,1
130159601,1,2,3
130159602,4,0,4
130159603,0,1,1
130159604,12,8,20
130159606,11,20,31
130159607,2,3,5
130159608,1,0,1
130159610,1,0,1
130179604,10,2,12
130179605,3,1,4
130199502,1,0,1
130199703,2,0,2
130199704,0,1,1
130199705,7,2,9
130210101,1,0,1
130210102,7,11,18
130210103,1,0,1
130210104,0,1,1
130210105,20,9,29
130210106,6,13,19
130210107,18,20,38
130210108,26,39,65
130210110,12,10,22
130210113,19,39,58
130210114,44,91,135
130210117,4,0,4
130210118,17,14,31
130210119,3,3,6
130210120,11,15,26
130210121,35,54,89
130210123,2,4,6
130210124,0,1,1
130210125,2,0,2
130210128,1,0,1
130210131,2,0,2
130210132,7,2,9
130210133,2,0,2
130210134,59,93,152
130210135,6,2,8
130210136,13,14,27
130210503,1,1,2
130239902,2,0,2
130239903,5,0,5
130279604,0,1,1
130279707,0,1,1
130279904,3,0,3
130279905,4,1,5
130299203,18,12,30
130299909,1,0,1
130319901,0,1,1
130319902,5,5,10
130319903,3,12,15
130319904,15,11,26
130319905,10,14,24
130319906,4,4,8
130319907,5,1,6
130339501,5,0,5
130339502,1,0,1
130339504,1,1,2
130339505,4,1,5
130339507,2,0,2
130351502,3,2,5
130379503,1,1,2
130379504,0,1,1
130390101,0,1,1
130390102,1,3,4
130390103,0,7,7
130390104,15,10,25
130390105,2,0,2
130390106,6,6,12
130439501,8,3,11
130450804,3,1,4
130459901,3,0,3
130459902,2,2,4
130459903,0,1,1
130459904,2,1,3
130459905,5,7,12
130459906,3,3,6
130459907,7,13,20
130459910,11,18,29
130459911,22,18,40
130459912,3,0,3
130470301,0,1,1
130470302,4,0,4
130470303,3,2,5
130470304,1,2,3
130470307,15,23,38
130499901,6,1,7
130510001,1,2,3
130510003,6,3,9
130510008,2,6,8
130510009,2,2,4
130510013,2,0,2
130510015,1,0,1
130510019,1,0,1
130510022,1,0,1
130510023,1,0,1
130510025,0,2,2
130510026,3,0,3
130510028,1,0,1
130510029,12,11,23
130510030,2,2,4
130510033,1,0,1
130510034,45,71,116
130510035,59,65,124
130510036,1,3,4
130510037,1,0,1
130510039,1,3,4
130510040,56,127,183
130510042,26,43,69
130510045,2,2,4
130510101,2,1,3
130510102,1,4,5
130510106,5,1,6
130510108,18,22,40
130510109,1,3,4
130510110,59,99,158
130510111,35,51,86
130559802,1,2,3
130559803,1,0,1
130559804,4,0,4
130559806,1,0,1
130570901,2,0,2
130570902,3,2,5
130570904,11,11,22
130570905,3,3,6
130570906,5,6,11
130570907,6,1,7
130570908,5,3,8
130570909,8,1,9
130570910,28,20,48
130570911,1,2,3
130590002,9,6,15
130590003,2,3,5
130590006,0,5,5
130590007,22,48,70
130590008,10,26,36
130590009,1,11,12
130590010,2,4,6
130590011,11,16,27
130590012,7,7,14
130590013,13,27,40
130590014,6,9,15
130590015,15,15,30
130590302,3,10,13
130590307,1,3,4
130619601,2,1,3
130630402,8,13,21
130630403,18,3,21
130630404,21,21,42
130630405,37,98,135
130630406,32,27,59
130630701,2,0,2
130659701,6,1,7
130670114,1,3,4
130670301,7,6,13
130670302,74,80,154
130670303,127,203,330
130670304,18,33,51
130670305,13,19,32
130670306,63,122,185
130670307,7,22,29
130670308,0,1,1
130670309,6,18,24
130670310,8,14,22
130670311,49,65,114
130670312,60,58,118
130670313,23,27,50
130670314,41,62,103
130670315,5,8,13
130670911,2,0,2
130671206,2,0,2
130679608,1,0,1
130699901,2,1,3
130699902,0,1,1
130699903,1,0,1
130699904,15,13,28
130699905,6,9,15
130699906,1,0,1
130699907,1,2,3
130699908,3,2,5
130719706,7,9,16
130719707,17,14,31
130719708,2,3,5
130719709,1,0,1
130730101,4,2,6
130730301,94,182,276
130730302,29,43,72
130730303,58,119,177
130730304,2,0,2
130730305,4,5,9
130730306,3,6,9
130759803,9,2,11
130771702,8,11,19
130771703,18,13,31
130771704,13,5,18
130771706,7,15,22
130771707,0,5,5
130771708,2,2,4
130790701,2,0,2
130819801,8,2,10
130819802,1,3,4
130819803,6,4,10
130819804,7,3,10
130830401,2,8,10
130830402,1,1,2
130859701,3,0,3
130859702,8,2,10
130879701,1,0,1
130879703,7,1,8
130879704,1,1,2
130879705,1,2,3
130879706,12,12,24
130890092,1,0,1
130890094,0,1,1
130890100,0,1,1
130890101,1,1,2
130890201,9,19,28
130890202,14,38,52
130890203,11,15,26
130890204,6,20,26
130890205,3,0,3
130890207,3,2,5
130890208,3,5,8
130890209,1,3,4
130890211,24,41,65
130890212,124,237,361
130890213,18,23,41
130890214,44,78,122
130890215,93,209,302
130890216,91,179,270
130890217,90,202,292
130890218,66,80,146
130890219,45,57,102
130890220,29,38,67
130890221,3,3,6
130890222,71,156,227
130890223,51,70,121
130890224,170,492,662
130890225,19,45,64
130890226,27,26,53
130890227,4,3,7
130890228,4,8,12
130890229,8,14,22
130890230,6,10,16
130890231,11,17,28
130890232,38,21,59
130890233,31,19,50
130890234,60,33,93
130890235,4,4,8
130890236,2,0,2
130890238,6,0,6
130890504,4,1,5
130890507,0,1,1
130919602,0,1,1
130919603,16,12,28
130939701,2,0,2
130939703,4,0,4
130939804,2,0,2
130950001,6,8,14
130950003,25,42,67
130950004,4,1,5
130950005,24,13,37
130950006,1,5,6
130950007,12,9,21
130950008,10,10,20
130950009,1,2,3
130950010,2,3,5
130950011,1,0,1
130950012,0,1,1
130950013,3,26,29
130950014,1,0,1
130950015,3,0,3
130950102,2,2,4
130950104,19,42,61
130950111,0,1,1
130950203,0,1,1
130970313,0,1,1
130970801,14,14,28
130970803,22,8,30
130970804,5,1,6
130970805,16,8,24
130970806,3,4,7
130999902,2,0,2
130999903,3,1,4
130999904,2,1,3
131030302,5,1,6
131030303,4,3,7
131059901,0,1,1
131059904,7,2,9
131059905,6,1,7
131079508,0,1,1
131079702,1,0,1
131079801,1,1,2
131079803,1,1,2
131079804,6,0,6
131079806,6,4,10
131099703,11,1,12
131119501,2,0,2
131119502,1,3,4
131119503,2,1,3
131119504,3,3,6
131119505,3,2,5
131131401,29,15,44
131131402,31,29,60
131131403,27,26,53
131131404,34,29,63
131131405,1,4,5
131131606,0,1,1
131150001,1,2,3
131150002,14,2,16
131150003,15,42,57
131150004,3,4,7
131150005,9,21,30
131150006,1,0,1
131150007,4,3,7
131150008,5,4,9
131150009,5,22,27
131150010,10,6,16
131150011,33,11,44
131150012,7,6,13
131150013,7,4,11
131150014,9,23,32
131150015,2,2,4
131150016,3,1,4
131150017,10,9,19
131150018,8,6,14
131150020,3,2,5
131170116,1,3,4
131170502,0,1,1
131171301,1,0,1
131171302,0,2,2
131171303,7,6,13
131171304,16,7,23
131171305,18,11,29
131171306,6,17,23
131199704,1,1,2
131199901,2,1,3
131199904,10,1,11
131210001,15,40,55
131210002,32,38,70
131210004,12,34,46
131210005,11,30,41
131210006,0,2,2
131210010,13,23,36
131210011,18,15,33
131210012,16,27,43
131210013,9,17,26
131210014,9,14,23
131210015,13,15,28
131210016,5,8,13
131210017,17,72,89
131210018,44,41,85
131210019,13,25,38
131210020,0,1,1
131210021,0,1,1
131210022,1,0,1
131210024,5,3,8
131210025,1,0,1
131210027,26,40,66
131210028,3,3,6
131210030,9,12,21
131210032,0,1,1
131210033,5,14,19
131210035,3,4,7
131210036,1,0,1
131210038,1,0,1
131210039,2,1,3
131210040,1,1,2
131210041,1,0,1
131210042,2,0,2
131210043,34,28,62
131210046,5,8,13
131210048,0,1,1
131210049,7,6,13
131210050,2,3,5
131210052,0,4,4
131210053,4,8,12
131210056,1,1,2
131210060,2,0,2
131210061,1,0,1
131210062,3,3,6
131210063,1,0,1
131210065,1,0,1
131210066,1,0,1
131210067,1,0,1
131210069,1,1,2
131210072,4,6,10
131210073,0,1,1
131210074,3,5,8
131210075,2,2,4
131210076,3,2,5
131210077,11,11,22
131210078,22,25,47
131210079,9,7,16
131210080,1,1,2
131210081,2,1,3
131210082,2,4,6
131210084,2,0,2
131210085,1,0,1
131210087,0,1,1
131210088,1,0,1
131210089,17,20,37
131210090,9,20,29
131210091,72,188,260
131210092,6,11,17
131210093,13,41,54
131210094,33,54,87
131210095,14,44,58
131210096,29,49,78
131210097,21,44,65
131210098,35,113,148
131210099,9,34,43
131210100,27,66,93
131210101,235,492,727
131210102,60,216,276
131210103,34,19,53
131210104,2,4,6
131210105,20,7,27
131210106,3,5,8
131210108,2,6,8
131210109,0,1,1
131210110,10,23,33
131210111,7,7,14
131210112,2,9,11
131210113,14,4,18
131210114,92,153,245
131210115,27,31,58
131210116,140,135,275
131210201,1,1,2
131210211,1,2,3
131210212,5,3,8
131210214,0,1,1
131210215,3,1,4
131210224,1,1,2
131210238,1,2,3
131210303,4,4,8
131210312,3,18,21
131210401,0,5,5
131210402,1,1,2
131210502,2,1,3
131211401,1,0,1
131239801,0,1,1
131239802,10,4,14
131270001,5,18,23
131270002,10,31,41
131270003,10,29,39
131270004,5,12,17
131270005,27,61,88
131270008,5,7,12
131270009,1,2,3
131270010,4,6,10
131290008,1,0,1
131299701,0,1,1
131299703,2,0,2
131299704,6,4,10
131299705,6,2,8
131299706,12,10,22
131299707,3,1,4
131299708,4,1,5
131319503,1,2,3
131319504,1,0,1
131319505,9,2,11
131330304,1,0,1
131339502,2,0,2
131339503,12,7,19
131350016,0,1,1
131350116,1,1,2
131350213,0,1,1
131350501,15,7,22
131350502,52,61,113
131350503,67,76,143
131350504,96,81,177
131350505,104,124,228
131350506,7,13,20
131350507,66,78,144
131351105,2,0,2
131351306,4,0,4
131379901,2,3,5
131379902,7,3,10
131379903,1,1,2
131379904,0,2,2
131379905,12,7,19
131379906,3,1,4
131390001,1,0,1
131390002,3,1,4
131390003,9,13,22
131390004,4,11,15
131390005,18,22,40
131390006,20,25,45
131390008,35,60,95
131390009,13,27,40
131390010,4,7,11
131390011,2,7,9
131390013,4,3,7
131390014,6,2,8
131390015,1,4,5
131390016,3,0,3
131391305,0,1,1
131419802,2,3,5
131439801,1,1,2
131439802,4,0,4
131439803,8,2,10
131459611,2,1,3
131459801,3,10,13
131459802,0,1,1
131459803,7,5,12
131459804,6,3,9
131479601,2,2,4
131479602,0,1,1
131479603,1,0,1
131479604,9,4,13
131479605,4,2,6
131499703,1,1,2
131510406,4,2,6
131510701,53,45,98
131510702,7,6,13
131510703,18,18,36
131510704,1,1,2
131510705,5,0,5
131530201,5,12,17
131530202,6,1,7
131530203,1,0,1
131530206,16,18,34
131530208,1,0,1
131530209,9,12,21
131530210,5,4,9
131530211,21,33,54
131530212,17,4,21
131530213,1,0,1
131530214,6,1,7
131559502,5,1,6
131570103,7,5,12
131570104,1,0,1
131570105,1,0,1
131570106,1,0,1
131570107,4,0,4
131599903,3,0,3
131599904,1,0,1
131619601,1,0,1
131619602,8,2,10
131639601,3,1,4
131639603,8,3,11
131639604,1,0,1
131659601,4,0,4
131679802,3,1,4
131690110,1,0,1
131690301,4,3,7
131690302,1,0,1
131690303,6,2,8
131719701,1,0,1
131719702,3,1,4
131719703,1,2,3
131730107,0,1,1
131739502,4,1,5
131739706,0,1,1
131759502,11,16,27
131759503,0,1,1
131759504,17,22,39
131759505,30,28,58
131759506,0,2,2
131759508,3,0,3
131759509,3,0,3
131759510,1,2,3
131770102,0,2,2
131770202,1,0,1
131770203,4,13,17
131790101,1,8,9
131790102,7,3,10
131790103,14,10,24
131790104,4,0,4
131790105,3,0,3
131819701,0,1,1
131819702,3,2,5
131839802,1,0,1
131850101,8,1,9
131850102,8,11,19
131850103,14,33,47
131850104,29,48,77
131850106,2,1,3
131850107,0,1,1
131850108,1,0,1
131850110,7,27,34
131850111,2,3,5
131850112,1,4,5
131850113,0,2,2
131850116,4,2,6
131879601,1,1,2
131879602,8,2,10
131899501,2,2,4
131899502,8,4,12
131899504,6,1,7
131899505,1,0,1
131919901,1,4,5
131919902,0,1,1
131919903,1,1,2
131939801,0,1,1
131939803,3,0,3
131939804,1,1,2
131950201,2,0,2
131950204,0,1,1
131950205,1,0,1
131979802,4,1,5
131999701,1,0,1
131999703,0,1,1
131999704,1,0,1
131999705,5,1,6
131999706,2,4,6
132019502,6,0,6
132059804,9,2,11
132059806,3,2,5
132059807,1,0,1
132070134,1,1,2
132070136,0,1,1
132070501,2,2,4
132070502,6,3,9
132070503,3,4,7
132099502,2,0,2
132119801,0,1,1
132119803,4,2,6
132119804,1,2,3
132139901,0,1,1
132139903,6,1,7
132139904,7,1,8
132150001,1,1,2
132150002,1,2,3
132150004,5,12,17
132150006,0,1,1
132150008,1,0,1
132150009,22,37,59
132150010,2,3,5
132150011,9,15,24
132150012,4,8,12
132150014,12,18,30
132150015,49,42,91
132150018,11,12,23
132150019,3,2,5
132150020,0,2,2
132150021,1,0,1
132150023,3,2,5
132150024,0,1,1
132150026,1,0,1
132150028,1,1,2
132150029,1,0,1
132150030,1,0,1
132150031,1,0,1
132150101,24,26,50
132150102,28,25,53
132150103,38,45,83
132150104,8,20,28
132150105,28,54,82
132150107,2,0,2
132150108,3,5,8
132150202,10,8,18
132159803,0,2,2
132171001,3,1,4
132171002,3,0,3
132171003,15,11,26
132171004,2,2,4
132171005,4,1,5
132171006,0,1,1
132171007,0,2,2
132171009,3,2,5
132190013,1,0,1
132190301,2,6,8
132190302,12,13,25
132190303,5,0,5
132190304,13,10,23
132190305,2,0,2
132190306,1,3,4
132190307,1,3,4
132210014,1,0,1
132219602,3,1,4
132230301,1,0,1
132231201,2,1,3
132231202,1,1,2
132231203,3,0,3
132231204,1,1,2
132231205,5,0,5
132231206,1,0,1
132250401,3,2,5
132250402,6,3,9
132250404,3,0,3
132279501,15,14,29
132279502,2,0,2
132279503,0,1,1
132279504,6,0,6
132299601,0,1,1
132299603,7,1,8
132319801,2,1,3
132339901,1,1,2
132339902,6,0,6
132339903,0,1,1
132339905,4,1,5
132339906,2,2,4
132339907,3,0,3
132359502,12,6,18
132379601,3,4,7
132379602,6,4,10
132379603,3,2,5
132399801,1,1,2
132419701,4,5,9
132419702,8,9,17
132419703,1,4,5
132439902,5,0,5
132450001,18,34,52
132450002,1,6,7
132450003,1,2,3
132450004,1,6,7
132450006,4,3,7
132450007,18,16,34
132450008,96,310,406
132450009,1,0,1
132450010,23,33,56
132450011,21,41,62
132450012,34,69,103
132450013,3,8,11
132450016,32,51,83
132450101,59,100,159
132450102,89,152,241
132450103,2,1,3
132450105,13,10,23
132450107,6,4,10
132450108,9,33,42
132450109,3,3,6
132450301,4,13,17
132450302,0,1,1
132450305,3,1,4
132459502,0,1,1
132470601,2,2,4
132470602,2,6,8
132470603,48,46,94
132470604,10,9,19
132499601,1,0,1
132519703,5,1,6
132519705,0,1,1
132539802,5,3,8
132551601,0,1,1
132551602,1,0,1
132551604,1,2,3
132551605,5,4,9
132551606,0,1,1
132551608,0,1,1
132551610,1,0,1
132551611,9,3,12
132551612,27,32,59
132579701,19,10,29
132579702,0,1,1
132579703,9,5,14
132599501,1,1,2
132599503,2,0,2
132619501,0,2,2
132619502,1,1,2
132619503,1,2,3
132619504,1,0,1
132619505,3,7,10
132619506,15,11,26
132619507,6,5,11
132619508,1,3,4
132639602,1,0,1
132679902,4,2,6
132679903,4,0,4
132699502,2,0,2
132699503,0,1,1
132719501,3,1,4
132719502,1,0,1
132719504,1,0,1
132739804,5,1,6
132739805,0,1,1
132759601,1,0,1
132759602,2,1,3
132759605,5,2,7
132759606,1,9,10
132759607,11,25,36
132759608,9,20,29
132759609,22,45,67
132759610,2,0,2
132779901,1,0,1
132779903,13,22,35
132779904,23,27,50
132779905,6,5,11
132779907,1,1,2
132779908,1,0,1
132779909,0,1,1
132799701,1,0,1
132799702,3,3,6
132799703,9,10,19
132799704,8,4,12
132799705,3,0,3
132819601,0,2,2
132819602,3,2,5
132819603,5,2,7
132839602,3,0,3
132859601,3,0,3
132859602,1,2,3
132859603,10,27,37
132859604,16,28,44
132859605,2,2,4
132859606,2,6,8
132859607,1,1,2
132859608,2,0,2
132859609,1,5,6
132859610,3,2,5
132859611,0,1,1
132859801,1,0,1
132879701,1,0,1
132879702,2,1,3
132879703,1,1,2
132890601,2,1,3
132919901,1,1,2
132919902,11,6,17
132919903,1,1,2
132939902,5,2,7
132939903,1,0,1
132939904,15,18,33
132939905,1,0,1
132950201,4,0,4
132950202,2,0,2
132950203,3,0,3
132950204,4,4,8
132950205,2,2,4
132950206,1,1,2
132950207,5,1,6
132971101,1,1,2
132971103,1,0,1
132971104,1,0,1
132971105,4,0,4
132971106,1,1,2
132971107,11,12,23
132971108,2,0,2
132999501,0,1,1
132999502,0,1,1
132999504,5,1,6
132999505,13,22,35
132999506,8,8,16
132999508,11,15,26
132999509,1,0,1
133019701,1,0,1
133019704,1,0,1
133039502,1,0,1
133039503,3,3,6
133039504,10,6,16
133039507,4,0,4
133059702,0,1,1
133059703,8,3,11
133059704,1,0,1
133059705,12,11,23
133059706,3,1,4
133099802,1,0,1
133119501,0,5,5
133119502,8,2,10
133130001,4,2,6
133130003,1,1,2
133130004,2,1,3
133130005,38,31,69
133130006,0,1,1
133130007,0,3,3
133130008,7,12,19
133130009,19,29,48
133130010,0,1,1
133130011,1,0,1
133130013,1,0,1
133130014,5,12,17
133130015,4,2,6
133159901,1,0,1
133159903,1,0,1
133159904,0,2,2
133179801,1,1,2
133179803,10,1,11
133199602,0,1,1
133199603,1,0,1
133219502,8,0,8
133219505,4,1,5
150010201,0,3,3
150010202,1,6,7
150010203,24,37,61
150010204,19,11,30
150010205,12,7,19
150010206,1,3,4
150010207,1,1,2
150010208,6,10,16
150010209,0,1,1
150010210,1,4,5
150010211,1,2,3
150010212,5,2,7
150010213,4,3,7
150010214,16,16,32
150010215,5,14,19
150010216,24,26,50
150010217,25,33,58
150010218,3,3,6
150010219,4,4,8
150010220,1,0,1
150030001,42,70,112
150030002,14,11,25
150030003,19,36,55
150030004,33,49,82
150030005,23,51,74
150030006,5,16,21
150030007,1,0,1
150030008,11,16,27
150030009,14,49,63
150030010,0,2,2
150030011,1,0,1
150030012,2,4,6
150030013,5,1,6
150030014,2,1,3
150030015,1,0,1
150030016,1,4,5
150030017,7,14,21
150030018,4,8,12
150030019,15,22,37
150030020,11,9,20
150030021,4,5,9
150030022,8,16,24
150030023,10,2,12
150030024,3,5,8
150030025,2,6,8
150030026,94,41,135
150030027,19,25,44
150030028,6,9,15
150030029,8,7,15
150030030,11,24,35
150030031,14,21,35
150030032,2,6,8
150030033,9,5,14
150030034,37,28,65
150030035,50,49,99
150030036,24,34,58
150030037,16,32,48
150030038,10,15,25
150030039,9,15,24
150030040,6,20,26
150030041,78,278,356
150030042,13,19,32
150030043,9,7,16
150030044,4,1,5
150030045,14,25,39
150030046,4,12,16
150030047,17,40,57
150030048,6,5,11
150030049,11,9,20
150030050,40,83,123
150030051,8,15,23
150030052,1,1,2
150030053,0,1,1
150030055,2,8,10
150030057,4,6,10
150030058,0,1,1
150030059,1,2,3
150030060,11,2,13
150030062,1,0,1
150030063,4,1,5
150030064,2,0,2
150030065,3,0,3
150030066,3,10,13
150030067,33,83,116
150030068,9,21,30
150030072,1,7,8
150030073,7,5,12
150030074,6,11,17
150030075,11,27,38
150030077,13,14,27
150030078,62,47,109
150030080,14,9,23
150030083,1,1,2
150030084,8,5,13
150030085,1,0,1
150030086,18,19,37
150030087,8,5,13
150030088,1,0,1
150030089,68,44,112
150030092,1,2,3
150030093,6,2,8
150030094,7,6,13
150030095,3,0,3
150030096,6,1,7
150030097,9,5,14
150030098,2,3,5
150030099,4,4,8
150030100,4,2,6
150030101,5,3,8
150030102,4,4,8
150030103,16,16,32
150030105,35,43,78
150030106,10,1,11
150030107,11,18,29
150030108,2,2,4
150030109,27,37,64
150030110,7,17,24
150030111,26,43,69
150030112,33,58,91
150030113,2,4,6
150070401,7,10,17
150070402,6,8,14
150070403,7,5,12
150070404,2,5,7
150070405,29,30,59
150070406,9,10,19
150070407,1,2,3
150070408,1,0,1
150070409,8,6,14
150090302,4,4,8
150090303,15,21,36
150090304,14,11,25
150090305,0,6,6
150090306,1,3,4
150090307,22,17,39
150090308,1,5,6
150090309,25,29,54
150090310,27,17,44
150090311,10,20,30
150090312,7,20,27
150090314,12,1,13
150090315,3,5,8
150090316,2,1,3
150090317,5,2,7
150090318,1,2,3
160010001,31,79,110
160010002,45,71,116
160010003,13,2,15
160010004,3,1,4
160010005,3,10,13
160010006,7,10,17
160010007,44,36,80
160010008,29,28,57
160010009,1,3,4
160010010,1,7,8
160010012,8,16,24
160010014,1,0,1
160010015,2,9,11
160010017,1,2,3
160010018,3,3,6
160010019,1,1,2
160010020,43,104,147
160010021,1,2,3
160010022,8,5,13
160010023,12,7,19
160010024,22,19,41
160010101,1,5,6
160010102,22,46,68
160010103,30,35,65
160010104,2,3,5
160010105,11,6,17
160039502,1,0,1
160050002,5,10,15
160050003,2,0,2
160050005,0,2,2
160050006,8,11,19
160050007,27,17,44
160050008,1,0,1
160050009,9,21,30
160050010,2,6,8
160050011,9,11,20
160050012,1,2,3
160050013,2,6,8
160050015,1,0,1
160050016,6,3,9
160050017,7,9,16
160050019,2,0,2
160079501,6,1,7
160090019,1,1,2
160099501,5,2,7
160099502,2,0,2
160110001,1,0,1
160119501,1,0,1
160119502,1,0,1
160119504,2,2,4
160119505,12,7,19
160119506,3,3,6
160139601,6,0,6
160139602,5,13,18
160139604,12,33,45
160139605,9,21,30
160159501,0,1,1
160179501,2,3,5
160179502,4,13,17
160179503,8,4,12
160179504,8,6,14
160179505,2,1,3
160179506,1,2,3
160179507,1,0,1
160179508,0,3,3
160179509,3,2,5
160199602,0,1,1
160199702,0,5,5
160199703,0,1,1
160199704,1,2,3
160199705,5,7,12
160199706,33,60,93
160199707,1,1,2
160199708,5,2,7
160199709,4,6,10
160199710,5,7,12
160199711,4,12,16
160199712,0,2,2
160199713,0,7,7
160199714,4,19,23
160219702,7,3,10
160239701,2,1,3
160270201,0,5,5
160270202,4,1,5
160270203,1,2,3
160270205,20,25,45
160270206,3,5,8
160270207,1,2,3
160270209,10,14,24
160270210,4,0,4
160270211,1,1,2
160270212,2,0,2
160270214,1,0,1
160270215,10,1,11
160270216,14,20,34
160270217,4,1,5
160270218,3,4,7
160270219,2,1,3
160270223,4,8,12
160270224,2,2,4
160299601,3,0,3
160299602,2,1,3
160319502,0,1,1
160319503,3,6,9
160319504,12,6,18
160319505,5,6,11
160359701,0,1,1
160359702,8,3,11
160379901,1,0,1
160379902,1,0,1
160399801,1,0,1
160399802,10,4,14
160399803,6,0,6
160399804,5,2,7
160399805,7,4,11
160419701,4,0,4
160439701,1,2,3
160439703,1,1,2
160459603,7,1,8
160479601,3,1,4
160479602,0,1,1
160499601,0,1,1
160499602,7,1,8
160499603,8,0,8
160499604,0,1,1
160499605,1,0,1
160519603,1,1,2
160539702,5,2,7
160539704,2,0,2
160539705,1,1,2
160550002,2,2,4
160550003,1,0,1
160550004,3,5,8
160550005,4,2,6
160550006,3,6,9
160550007,0,1,1
160550008,1,0,1
160550009,36,40,76
160550010,3,3,6
160550011,1,11,12
160550012,1,2,3
160550013,0,1,1
160550014,5,2,7
160550016,5,22,27
160550017,5,9,14
160550018,7,12,19
160550019,1,5,6
160550020,2,3,5
160570051,4,4,8
160570052,8,7,15
160570053,3,6,9
160570054,9,3,12
160570055,0,1,1
160570056,1,0,1
160570057,0,2,2
160599801,5,1,6
160619501,1,0,1
160639501,2,0,2
160659501,2,1,3
160659502,2,0,2
160659503,6,3,9
160659504,10,6,16
160659505,0,1,1
160679803,1,1,2
160679804,6,3,9
160690057,0,1,1
160699901,0,2,2
160699903,12,17,29
160699904,2,4,6
160699905,13,13,26
160699906,13,11,24
160699907,6,18,24
160699908,0,1,1
160699910,0,2,2
160719601,2,1,3
160739502,1,0,1
160759801,2,0,2
160759802,4,0,4
160759803,4,1,5
160779802,2,0,2
160799601,2,0,2
160799602,1,0,1
160799603,7,3,10
160799604,6,0,6
160819601,3,3,6
160839803,3,0,3
160839804,1,1,2
160839805,2,0,2
160839806,4,8,12
160839807,22,39,61
160839808,4,5,9
160839809,12,26,38
160839810,3,1,4
160839811,8,22,30
160839813,2,1,3
160839814,1,0,1
160859701,1,4,5
160859702,0,1,1
160859703,10,13,23
160879702,4,0,4
160879703,3,0,3
170010001,4,10,14
170010002,7,2,9
170010005,6,6,12
170010006,18,25,43
170010007,29,25,54
170010008,0,1,1
170010009,1,1,2
170010010,3,7,10
170010011,10,11,21
170010101,0,1,1
170010102,1,0,1
170010103,1,0,1
170010104,3,2,5
170010105,3,2,5
170010106,1,6,7
170039577,1,0,1
170039578,2,0,2
170039579,1,0,1
170059512,7,1,8
170059513,5,2,7
170070101,2,2,4
170070102,11,3,14
170070103,4,2,6
170070105,14,27,41
170070106,4,5,9
170099704,1,0,1
170099705,3,0,3
170119619,1,0,1
170119647,1,1,2
170119649,1,1,2
170119651,10,9,19
170119652,1,4,5
170119654,8,10,18
170119655,0,1,1
170139512,4,0,4
170139513,0,1,1
170159601,2,1,3
170159603,3,1,4
170159604,2,0,2
170159605,2,0,2
170179602,1,0,1
170179605,1,1,2
170190001,13,28,41
170190002,2,1,3
170190003,9,11,20
170190004,6,2,8
170190005,3,7,10
170190006,5,12,17
170190007,2,0,2
170190008,16,5,21
170190009,11,0,11
170190010,2,5,7
170190011,4,9,13
170190012,31,66,97
170190013,33,41,74
170190014,4,2,6
170190051,4,3,7
170190052,6,1,7
170190053,34,84,118
170190054,8,7,15
170190055,13,5,18
170190056,11,1,12
170190057,15,12,27
170190058,9,13,22
170190059,20,13,33
170190060,0,1,1
170190101,1,0,1
170190102,2,0,2
170190103,1,1,2
170190104,1,0,1
170190105,1,1,2
170190106,12,9,21
170190107,0,1,1
170190108,2,1,3
170190109,3,1,4
170210039,0,1,1
170219581,0,1,1
170219583,6,3,9
170219584,0,1,1
170219585,2,2,4
170219587,2,0,2
170219588,5,1,6
170219589,1,0,1
170219590,5,0,5
170219591,2,0,2
170230602,5,0,5
170230603,3,0,3
170259719,1,0,1
170259721,1,1,2
170259722,8,2,10
170279001,4,2,6
170279003,12,2,14
170279004,4,2,6
170279005,1,0,1
170279006,0,1,1
170290002,11,17,28
170290003,0,1,1
170290005,4,4,8
170290007,13,6,19
170290009,10,21,31
170290010,5,2,7
170290011,4,4,8
170290012,0,1,1
170310101,5,2,7
170310102,4,4,8
170310103,5,6,11
170310104,4,8,12
170310105,3,5,8
170310106,6,8,14
170310107,4,4,8
170310108,4,3,7
170310109,2,1,3
170310201,6,3,9
170310202,14,13,27
170310203,16,24,40
170310204,7,7,14
170310205,3,3,6
170310206,21,17,38
170310207,22,15,37
170310208,25,20,45
170310209,7,10,17
170310301,31,35,66
170310302,7,8,15
170310303,2,2,4
170310304,6,15,21
170310305,4,7,11
170310306,20,16,36
170310307,15,37,52
170310308,5,17,22
170310309,1,5,6
170310310,9,7,16
170310311,8,14,22
170310312,4,1,5
170310313,11,23,34
170310314,31,41,72
170310315,42,18,60
170310316,5,6,11
170310317,8,7,15
170310318,2,3,5
170310319,4,6,10
170310320,0,2,2
170310321,18,18,36
170310401,10,3,13
170310402,36,22,58
170310403,37,28,65
170310404,11,12,23
170310405,18,10,28
170310406,1,1,2
170310407,3,1,4
170310408,3,4,7
170310409,2,1,3
170310410,38,21,59
170310501,5,6,11
170310502,10,6,16
170310504,1,0,1
170310505,7,18,25
170310506,6,4,10
170310507,3,5,8
170310508,1,3,4
170310509,2,1,3
170310510,2,8,10
170310511,4,5,9
170310512,3,2,5
170310513,14,9,23
170310514,3,2,5
170310515,0,2,2
170310601,11,3,14
170310602,0,3,3
170310603,7,15,22
170310604,10,7,17
170310605,3,3,6
170310606,0,1,1
170310607,13,10,23
170310608,24,24,48
170310609,26,47,73
170310610,6,3,9
170310611,4,3,7
170310612,4,14,18
170310613,4,3,7
170310614,2,4,6
170310615,3,10,13
170310616,1,2,3
170310617,2,2,4
170310618,4,7,11
170310619,37,66,103
170310620,15,19,34
170310621,27,25,52
170310622,10,14,24
170310623,3,8,11
170310624,7,8,15
170310625,3,3,6
170310626,4,7,11
170310627,20,9,29
170310628,12,26,38
170310629,16,21,37
170310630,119,184,303
170310631,12,16,28
170310632,59,65,124
170310633,101,130,231
170310634,9,12,21
170310701,84,144,228
170310702,29,40,69
170310703,24,20,44
170310704,27,26,53
170310705,13,15,28
170310706,9,41,50
170310707,8,1,9
170310708,2,5,7
170310709,19,13,32
170310710,12,16,28
170310711,21,39,60
170310712,39,113,152
170310713,37,45,82
170310714,18,45,63
170310715,20,53,73
170310716,5,11,16
170310717,8,15,23
170310718,11,26,37
170310719,8,20,28
170310720,5,5,10
170310801,22,59,81
170310802,28,69,97
170310803,9,27,36
170310804,15,8,23
170310805,2,3,5
170310809,1,0,1
170310810,41,121,162
170310811,11,29,40
170310812,33,82,115
170310813,101,152,253
170310814,325,808,1133
170310815,36,141,177
170310816,11,12,23
170310817,5,11,16
170310818,16,24,40
170310901,3,1,4
170310902,2,3,5
170311001,7,5,12
170311002,5,3,8
170311003,12,7,19
170311004,50,51,101
170311005,6,1,7
170311006,3,5,8
170311007,3,1,4
170311101,2,3,5
170311102,3,2,5
170311103,3,0,3
170311104,4,3,7
170311105,12,6,18
170311201,14,15,29
170311202,37,27,64
170311203,21,15,36
170311204,4,1,5
170311301,26,14,40
170311302,5,5,10
170311303,10,6,16
170311305,11,6,17
170311401,2,4,6
170311402,1,4,5
170311403,3,2,5
170311404,9,7,16
170311405,0,3,3
170311406,1,1,2
170311407,9,1,10
170311408,8,9,17
170311501,6,7,13
170311502,7,0,7
170311503,5,4,9
170311504,10,2,12
170311505,5,3,8
170311506,9,10,19
170311507,8,3,11
170311508,3,0,3
170311509,1,1,2
170311510,3,2,5
170311511,3,3,6
170311512,2,2,4
170311601,3,2,5
170311602,5,2,7
170311603,5,0,5
170311604,6,3,9
170311605,3,1,4
170311606,7,3,10
170311607,1,2,3
170311608,2,2,4
170311609,2,3,5
170311610,1,0,1
170311611,0,2,2
170311612,2,0,2
170311613,2,0,2
170311701,1,0,1
170311702,3,0,3
170311703,1,6,7
170311704,3,1,4
170311705,2,1,3
170311706,2,0,2
170311707,3,1,4
170311708,2,1,3
170311709,2,0,2
170311710,8,4,12
170311711,1,0,1
170311801,4,0,4
170311802,1,1,2
170311803,4,2,6
170311902,3,1,4
170311903,4,2,6
170311904,5,2,7
170311905,1,0,1
170311906,1,1,2
170311907,9,2,11
170311911,2,1,3
170311912,1,0,1
170311913,2,1,3
170311914,1,0,1
170312001,1,0,1
170312004,0,1,1
170312005,0,1,1
170312101,3,1,4
170312102,1,0,1
170312103,1,2,3
170312104,2,1,3
170312105,4,5,9
170312106,8,0,8
170312107,3,1,4
170312109,1,1,2
170312201,1,3,4
170312202,1,2,3
170312203,5,2,7
170312204,4,10,14
170312205,9,6,15
170312206,11,6,17
170312209,0,1,1
170312210,1,0,1
170312212,2,0,2
170312213,1,5,6
170312214,1,2,3
170312215,2,1,3
170312216,8,6,14
170312217,8,8,16
170312218,2,2,4
170312219,2,1,3
170312220,5,5,10
170312221,3,2,5
170312222,4,5,9
170312223,0,2,2
170312224,1,0,1
170312225,2,0,2
170312301,1,1,2
170312306,2,0,2
170312307,1,0,1
170312308,0,1,1
170312309,3,1,4
170312310,3,1,4
170312313,2,1,3
170312316,0,1,1
170312317,0,1,1
170312401,0,3,3
170312402,4,4,8
170312403,3,3,6
170312404,4,6,10
170312405,10,7,17
170312406,1,2,3
170312407,3,2,5
170312409,3,5,8
170312410,0,1,1
170312411,1,2,3
170312412,21,20,41
170312413,7,6,13
170312414,10,14,24
170312415,6,3,9
170312416,2,6,8
170312417,1,0,1
170312418,1,2,3
170312419,0,2,2
170312420,3,6,9
170312421,5,4,9
170312422,6,8,14
170312423,10,16,26
170312424,12,8,20
170312425,2,2,4
170312426,1,0,1
170312428,0,1,1
170312429,3,4,7
170312430,0,1,1
170312431,1,2,3
170312432,5,6,11
170312433,4,1,5
170312434,3,2,5
170312435,7,13,20
170312436,1,4,5
170312505,11,13,24
170312506,0,1,1
170312507,0,1,1
170312511,5,2,7
170312515,1,1,2
170312517,1,0,1
170312518,3,1,4
170312519,0,2,2
170312520,3,1,4
170312522,2,1,3
170312524,1,1,2
170312601,2,0,2
170312603,1,1,2
170312609,1,0,1
170312712,0,1,1
170312714,5,2,7
170312715,0,1,1
170312718,1,0,1
170312801,8,10,18
170312802,2,7,9
170312803,1,4,5
170312804,1,0,1
170312807,1,0,1
170312809,23,57,80
170312814,2,2,4
170312816,9,3,12
170312817,7,0,7
170312818,5,5,10
170312819,23,42,65
170312820,14,27,41
170312821,1,1,2
170312822,5,10,15
170312823,2,9,11
170312824,47,61,108
170312825,87,142,229
170312826,0,3,3
170312827,3,2,5
170312828,7,12,19
170312829,220,457,677
170312830,9,26,35
170312831,47,71,118
170312832,4,10,14
170312833,0,2,2
170312836,1,0,1
170312837,0,1,1
170312838,1,0,1
170312839,1,0,1
170312904,2,0,2
170312909,1,0,1
170312911,2,0,2
170312914,1,3,4
170312915,4,13,17
170312916,0,1,1
170312922,1,1,2
170312924,6,0,6
170313001,2,0,2
170313005,3,1,4
170313006,6,2,8
170313009,1,1,2
170313012,2,0,2
170313013,1,3,4
170313016,2,0,2
170313017,4,2,6
170313018,5,0,5
170313020,1,0,1
170313101,1,0,1
170313102,1,0,1
170313103,2,1,3
170313106,5,1,6
170313107,2,1,3
170313108,2,0,2
170313109,1,0,1
170313113,1,0,1
170313114,11,7,18
170313201,52,154,206
170313202,10,27,37
170313203,6,5,11
170313204,36,93,129
170313205,49,65,114
170313206,17,24,41
170313301,29,31,60
170313302,18,11,29
170313304,7,10,17
170313305,22,16,38
170313401,1,3,4
170313402,5,5,10
170313403,0,1,1
170313404,0,2,2
170313501,67,66,133
170313502,4,1,5
170313503,7,10,17
170313504,16,28,44
170313506,0,1,1
170313507,2,1,3
170313508,1,0,1
170313510,9,10,19
170313513,0,1,1
170313602,1,0,1
170313604,2,0,2
170313605,0,1,1
170313701,0,1,1
170313801,1,0,1
170313802,1,0,1
170313814,1,0,1
170313819,4,3,7
170313901,0,1,1
170313902,1,0,1
170313904,4,4,8
170313905,6,18,24
170313906,10,24,34
170313907,50,65,115
170314001,2,0,2
170314003,0,1,1
170314008,1,0,1
170314101,8,9,17
170314102,6,14,20
170314103,3,4,7
170314105,13,23,36
170314106,13,17,30
170314107,9,14,23
170314108,23,22,45
170314109,20,17,37
170314110,16,36,52
170314111,22,59,81
170314112,20,37,57
170314113,6,15,21
170314114,94,363,457
170314201,0,1,1
170314202,1,1,2
170314203,5,0,5
170314204,10,22,32
170314205,0,2,2
170314206,0,2,2
170314207,1,0,1
170314210,2,0,2
170314212,1,1,2
170314301,11,8,19
170314302,18,19,37
170314303,0,1,1
170314306,3,2,5
170314307,2,2,4
170314308,7,2,9
170314309,1,2,3
170314311,15,12,27
170314312,11,0,11
170314313,5,3,8
170314314,2,1,3
170314401,4,3,7
170314402,9,5,14
170314403,6,11,17
170314404,1,1,2
170314406,3,0,3
170314409,2,0,2
170314502,0,4,4
170314503,2,5,7
170314601,1,0,1
170314602,1,1,2
170314603,2,0,2
170314604,1,0,1
170314605,8,3,11
170314607,1,0,1
170314609,0,1,1
170314610,2,0,2
170314701,2,0,2
170314801,3,0,3
170314802,1,1,2
170314803,1,0,1
170314804,17,15,32
170314805,1,0,1
170314902,2,1,3
170314903,1,1,2
170314904,2,0,2
170314905,1,0,1
170314907,1,1,2
170314908,2,0,2
170314909,3,1,4
170314911,0,1,1
170314912,2,2,4
170314914,4,1,5
170315001,2,0,2
170315003,0,1,1
170315104,0,2,2
170315202,1,0,1
170315203,0,1,1
170315204,6,1,7
170315205,1,1,2
170315206,1,1,2
170315303,1,0,1
170315306,0,1,1
170315401,1,0,1
170315501,1,1,2
170315603,2,1,3
170315605,1,0,1
170315606,0,1,1
170315608,9,3,12
170315609,4,5,9
170315610,7,6,13
170315611,3,2,5
170315701,1,0,1
170315702,1,0,1
170315703,1,0,1
170315704,1,1,2
170315705,2,0,2
170315804,1,1,2
170315805,5,3,8
170315806,0,2,2
170315809,3,1,4
170315811,1,0,1
170315902,2,0,2
170315903,1,0,1
170315905,1,0,1
170315906,1,1,2
170315907,1,1,2
170316001,0,1,1
170316003,1,0,1
170316004,3,4,7
170316005,2,2,4
170316008,5,1,6
170316009,2,2,4
170316010,3,1,4
170316011,2,3,5
170316012,0,1,1
170316013,2,1,3
170316015,4,3,7
170316016,1,0,1
170316103,1,0,1
170316104,3,0,3
170316111,2,4,6
170316112,3,1,4
170316114,1,0,1
170316117,1,0,1
170316201,1,0,1
170316202,5,2,7
170316203,1,1,2
170316204,3,5,8
170316303,1,3,4
170316305,2,0,2
170316309,1,1,2
170316403,5,1,6
170316404,0,1,1
170316405,1,1,2
170316406,1,0,1
170316408,1,2,3
170316501,4,2,6
170316502,4,2,6
170316503,15,9,24
170316504,1,4,5
170316505,2,0,2
170316603,2,2,4
170316604,0,2,2
170316605,1,2,3
170316608,0,2,2
170316609,2,3,5
170316610,0,3,3
170316611,1,3,4
170316703,0,1,1
170316707,1,1,2
170316708,0,1,1
170316709,0,1,1
170316712,0,1,1
170316719,1,1,2
170316802,1,0,1
170316807,3,0,3
170316809,5,6,11
170316810,0,1,1
170316811,0,1,1
170316812,2,1,3
170316813,1,0,1
170316903,2,0,2
170316910,1,2,3
170316912,2,0,2
170316913,2,2,4
170316914,2,1,3
170316915,1,0,1
170317001,4,2,6
170317002,1,2,3
170317003,6,2,8
170317004,3,2,5
170317005,8,2,10
170317104,1,0,1
170317105,0,2,2
170317107,1,1,2
170317108,1,0,1
170317111,2,2,4
170317112,3,0,3
170317113,0,1,1
170317114,2,0,2
170317201,14,14,28
170317202,13,4,17
170317203,20,9,29
170317204,0,1,1
170317205,2,1,3
170317206,3,5,8
170317207,6,10,16
170317301,1,0,1
170317302,3,1,4
170317303,0,1,1
170317304,3,1,4
170317305,0,1,1
170317306,1,1,2
170317307,0,2,2
170317401,1,0,1
170317402,1,0,1
170317403,1,0,1
170317404,3,3,6
170317501,5,2,7
170317502,4,4,8
170317503,1,0,1
170317504,2,3,5
170317505,4,2,6
170317608,14,10,24
170317609,1,1,2
170317702,37,65,102
170317703,2,3,5
170317704,5,1,6
170317706,3,1,4
170317707,1,2,3
170317708,0,1,1
170317709,4,5,9
170318001,16,37,53
170318002,11,60,71
170318003,21,31,52
170318004,10,30,40
170318005,23,39,62
170318006,6,22,28
170318007,24,53,77
170318008,11,37,48
170318009,19,34,53
170318010,32,58,90
170318011,18,26,44
170318012,22,47,69
170318013,14,31,45
170318014,8,26,34
170318015,26,49,75
170318016,182,284,466
170318017,22,27,49
170318018,23,32,55
170318019,25,31,56
170318020,29,33,62
170318021,8,11,19
170318022,21,29,50
170318023,3,0,3
170318024,12,6,18
170318025,24,12,36
170318026,12,15,27
170318027,15,11,26
170318028,2,14,16
170318029,19,19,38
170318030,32,32,64
170318031,7,5,12
170318032,2,5,7
170318033,5,11,16
170318034,6,8,14
170318035,41,51,92
170318036,32,46,78
170318037,7,4,11
170318038,2,3,5
170318039,4,3,7
170318040,2,1,3
170318041,24,44,68
170318042,35,87,122
170318043,22,16,38
170318044,10,14,24
170318045,15,6,21
170318046,56,47,103
170318047,72,67,139
170318048,20,11,31
170318049,11,6,17
170318050,15,12,27
170318051,51,61,112
170318052,16,19,35
170318053,10,7,17
170318054,9,11,20
170318055,26,26,52
170318056,8,10,18
170318057,16,25,41
170318058,26,33,59
170318059,73,132,205
170318060,93,92,185
170318061,27,26,53
170318062,14,8,22
170318063,5,1,6
170318064,4,1,5
170318065,2,8,10
170318066,1,1,2
170318067,18,25,43
170318068,48,93,141
170318069,19,21,40
170318070,9,9,18
170318071,13,27,40
170318072,16,16,32
170318073,27,20,47
170318074,16,15,31
170318075,4,9,13
170318076,10,9,19
170318077,7,5,12
170318078,12,7,19
170318079,50,46,96
170318080,68,54,122
170318081,7,6,13
170318082,4,5,9
170318083,24,16,40
170318084,13,16,29
170318085,7,6,13
170318086,5,7,12
170318087,17,22,39
170318088,16,89,105
170318089,12,22,34
170318090,15,28,43
170318091,11,15,26
170318092,3,5,8
170318093,34,25,59
170318094,24,34,58
170318095,22,16,38
170318096,4,7,11
170318097,1,5,6
170318098,10,6,16
170318099,17,20,37
170318100,21,32,53
170318101,18,13,31
170318102,58,66,124
170318103,15,16,31
170318104,11,5,16
170318105,6,3,9
170318106,1,2,3
170318107,3,1,4
170318108,1,3,4
170318109,6,6,12
170318110,16,11,27
170318111,7,2,9
170318112,1,1,2
170318113,28,36,64
170318114,5,3,8
170318115,0,1,1
170318116,2,2,4
170318117,3,0,3
170318118,0,1,1
170318119,49,100,149
170318120,42,61,103
170318121,8,12,20
170318122,49,52,101
170318123,95,105,200
170318124,42,61,103
170318125,26,45,71
170318126,13,28,41
170318127,33,20,53
170318128,57,50,107
170318129,26,23,49
170318130,18,21,39
170318131,19,21,40
170318132,16,24,40
170318133,2,0,2
170318134,1,0,1
170318135,2,1,3
170318137,2,0,2
170318138,3,0,3
170318139,1,1,2
170318140,1,0,1
170318141,2,1,3
170318143,1,1,2
170318145,5,0,5
170318146,0,3,3
170318147,4,0,4
170318148,18,26,44
170318149,10,11,21
170318150,3,2,5
170318151,1,3,4
170318152,1,5,6
170318153,2,4,6
170318154,13,39,52
170318155,6,1,7
170318156,11,14,25
170318157,46,75,121
170318158,2,3,5
170318159,34,35,69
170318160,19,28,47
170318161,29,62,91
170318162,5,2,7
170318163,6,3,9
170318164,14,18,32
170318165,0,1,1
170318166,0,2,2
170318167,3,0,3
170318168,2,3,5
170318170,1,0,1
170318171,2,1,3
170318172,1,0,1
170318173,16,88,104
170318174,1,2,3
170318175,4,2,6
170318176,111,171,282
170318179,4,7,11
170318180,7,4,11
170318181,4,2,6
170318182,15,10,25
170318183,5,1,6
170318184,14,17,31
170318185,23,31,54
170318186,10,8,18
170318187,2,0,2
170318188,4,4,8
170318189,11,9,20
170318190,7,11,18
170318191,4,5,9
170318192,3,4,7
170318193,2,5,7
170318194,8,2,10
170318195,4,5,9
170318196,5,9,14
170318197,13,19,32
170318198,22,33,55
170318199,5,10,15
170318200,12,19,31
170318201,59,117,176
170318202,26,34,60
170318203,2,3,5
170318204,0,1,1
170318205,3,3,6
170318206,13,12,25
170318207,3,0,3
170318209,3,3,6
170318210,2,4,6
170318211,9,4,13
170318212,12,19,31
170318214,2,0,2
170318216,10,1,11
170318217,14,10,24
170318218,24,38,62
170318219,5,5,10
170318220,0,1,1
170318221,80,101,181
170318223,3,5,8
170318224,2,4,6
170318225,18,23,41
170318226,17,15,32
170318227,22,20,42
170318228,7,5,12
170318230,10,5,15
170318231,3,5,8
170318232,1,3,4
170318233,10,4,14
170318234,4,0,4
170318235,1,0,1
170318236,21,33,54
170318237,39,28,67
170318238,31,29,60
170318239,64,112,176
170318240,10,17,27
170318241,169,156,325
170318242,1,2,3
170318243,1,1,2
170318244,2,2,4
170318245,23,15,38
170318246,2,3,5
170318248,1,0,1
170318249,4,1,5
170318250,7,10,17
170318252,2,1,3
170318253,10,5,15
170318254,1,1,2
170318255,34,37,71
170318256,1,0,1
170318258,1,1,2
170318260,1,0,1
170318261,6,4,10
170318262,1,1,2
170318263,7,3,10
170318264,3,4,7
170318265,2,0,2
170318266,2,0,2
170318269,0,1,1
170318270,0,1,1
170318274,6,30,36
170318275,3,1,4
170318276,0,1,1
170318278,17,5,22
170318279,10,6,16
170318280,0,2,2
170318281,2,0,2
170318282,2,3,5
170318283,2,0,2
170318284,3,9,12
170318285,5,2,7
170318286,12,13,25
170318287,7,1,8
170318288,34,54,88
170318289,9,3,12
170318290,1,0,1
170318291,0,1,1
170318292,4,0,4
170318293,4,18,22
170318294,1,0,1
170318297,1,2,3
170318298,43,78,121
170318299,22,13,35
170318300,58,72,130
170318301,1,4,5
170318302,4,3,7
170318303,2,1,3
170318304,1,0,1
170318305,1,2,3
170318413,3,3,6
170318447,0,1,1
170318454,3,4,7
170318501,0,1,1
170318643,2,6,8
170318649,0,1,1
170318810,1,1,2
170318835,1,0,1
170318836,1,0,1
170318838,0,1,1
170339801,5,1,6
170339802,1,0,1
170339803,8,6,14
170339804,2,0,2
170339805,2,0,2
170359725,3,0,3
170370001,1,0,1
170370002,0,1,1
170370004,2,4,6
170370005,11,7,18
170370006,3,4,7
170370007,3,2,5
170370008,3,6,9
170370009,6,11,17
170370010,1,0,1
170370012,0,1,1
170370013,9,13,22
170370014,0,2,2
170370017,1,0,1
170370018,1,1,2
170370019,2,0,2
170370020,2,1,3
170370021,3,0,3
170379617,1,0,1
170399714,1,0,1
170399717,4,2,6
170399718,7,1,8
170419522,8,0,8
170419523,2,1,3
170419524,3,1,4
170419769,1,0,1
170438045,7,2,9
170438184,0,1,1
170438185,0,1,1
170438200,0,1,1
170438201,0,1,1
170438202,1,2,3
170438240,14,14,28
170438401,20,14,34
170438402,11,10,21
170438403,11,7,18
170438405,5,3,8
170438406,14,31,45
170438407,20,9,29
170438408,5,1,6
170438409,15,7,22
170438410,6,7,13
170438411,36,21,57
170438412,14,12,26
170438413,23,32,55
170438414,17,29,46
170438415,3,2,5
170438416,11,16,27
170438417,30,39,69
170438418,17,21,38
170438419,1,5,6
170438420,3,5,8
170438421,7,9,16
170438422,21,28,49
170438423,1,6,7
170438424,1,5,6
170438425,12,12,24
170438426,33,52,85
170438427,48,59,107
170438428,8,23,31
170438429,38,39,77
170438430,12,14,26
170438431,3,1,4
170438432,1,4,5
170438433,3,3,6
170438434,1,0,1
170438435,5,2,7
170438436,2,1,3
170438437,12,11,23
170438438,5,1,6
170438439,4,4,8
170438440,18,36,54
170438441,4,9,13
170438442,21,17,38
170438443,55,81,136
170438444,112,234,346
170438445,52,124,176
170438446,78,177,255
170438447,54,110,164
170438448,10,17,27
170438449,18,24,42
170438450,10,6,16
170438451,3,24,27
170438452,21,60,81
170438453,37,53,90
170438454,61,111,172
170438455,67,78,145
170438456,10,10,20
170438457,34,35,69
170438458,111,109,220
170438459,92,153,245
170438460,9,19,28
170438461,28,40,68
170438462,66,55,121
170438463,59,64,123
170438464,32,46,78
170438465,85,130,215
170438529,2,0,2
170438531,0,1,1
170438534,5,1,6
170438541,2,0,2
170438542,2,1,3
170438544,3,1,4
170438545,0,1,1
170438801,15,8,23
170438803,14,12,26
170450701,0,1,1
170450702,1,0,1
170450703,1,0,1
170450704,6,3,9
170479570,1,0,1
170499501,4,8,12
170499502,2,5,7
170499503,1,2,3
170499504,1,0,1
170499597,2,1,3
170499598,6,9,15
170499599,19,15,34
170519505,0,1,1
170519506,1,0,1
170519507,5,1,6
170519508,4,1,5
170519509,0,1,1
170539616,1,2,3
170539618,4,0,4
170539619,2,0,2
170539620,6,3,9
170550403,2,1,3
170550404,3,0,3
170550405,6,5,11
170550406,1,0,1
170550409,4,0,4
170550410,2,2,4
170550411,2,0,2
170550412,0,1,1
170579528,5,0,5
170579529,3,3,6
170579532,1,0,1
170579533,4,3,7
170579534,7,1,8
170579535,0,2,2
170579536,3,2,5
170579538,2,1,3
170579539,2,0,2
170599727,1,1,2
170599728,2,1,3
170619736,3,0,3
170619737,2,0,2
170619739,1,0,1
170619740,3,0,3
170630001,1,1,2
170630002,5,4,9
170630003,1,3,4
170630004,9,5,14
170630005,0,1,1
170630006,1,0,1
170630007,4,1,5
170630008,2,2,4
170638445,1,0,1
170659731,3,2,5
170679537,1,0,1
170679538,6,1,7
170679540,1,3,4
170679541,2,5,7
170679542,1,0,1
170679544,1,1,2
170699709,3,0,3
170719733,2,1,3
170719734,1,1,2
170719735,1,0,1
170730240,0,1,1
170730241,1,0,1
170730301,0,1,1
170730302,3,3,6
170730303,8,3,11
170730306,0,2,2
170730308,0,1,1
170730309,4,4,8
170730310,5,1,6
170730311,2,0,2
170730312,1,2,3
170750126,1,2,3
170759501,1,1,2
170759502,2,1,3
170759504,6,3,9
170759505,8,3,11
170759506,1,0,1
170759507,1,0,1
170770102,1,0,1
170770103,0,2,2
170770104,11,3,14
170770106,3,3,6
170770107,7,3,10
170770108,20,22,42
170770109,4,1,5
170770110,36,37,73
170770111,4,3,7
170770112,17,9,26
170770113,9,9,18
170770114,3,2,5
170770115,8,8,16
170770116,5,11,16
170799774,2,0,2
170810505,7,10,17
170810506,6,11,17
170810507,0,1,1
170810508,1,1,2
170810509,1,0,1
170810510,15,15,30
170810511,1,2,3
170830101,1,2,3
170830104,8,5,13
170834028,0,1,1
170850201,2,0,2
170850202,1,1,2
170850203,9,7,16
170850204,2,3,5
170850205,1,0,1
170879776,1,0,1
170879777,1,0,1
170898044,0,1,1
170898413,1,1,2
170898465,0,2,2
170898501,2,5,7
170898504,4,1,5
170898505,3,5,8
170898506,2,18,20
170898507,5,0,5
170898508,8,28,36
170898510,0,2,2
170898511,1,1,2
170898512,1,4,5
170898513,2,6,8
170898514,0,1,1
170898516,2,4,6
170898518,3,2,5
170898519,24,38,62
170898520,27,27,54
170898521,9,28,37
170898522,10,11,21
170898523,4,4,8
170898524,8,17,25
170898525,1,3,4
170898526,35,61,96
170898527,10,1,11
170898528,13,13,26
170898529,17,49,66
170898530,2,3,5
170898531,2,1,3
170898532,1,1,2
170898533,0,3,3
170898539,5,8,13
170898540,21,24,45
170898545,7,15,22
170898711,0,2,2
170898901,2,0,2
170910102,4,1,5
170910104,1,6,7
170910105,13,10,23
170910106,6,4,10
170910107,4,3,7
170910108,0,1,1
170910112,1,1,2
170910113,1,4,5
170910115,1,1,2
170910116,0,1,1
170910117,7,18,25
170910118,3,7,10
170910119,1,0,1
170910120,13,9,22
170910121,18,16,34
170910122,1,0,1
170910123,3,4,7
170910124,3,5,8
170910126,4,0,4
170938464,1,0,1
170938901,8,1,9
170938902,0,1,1
170938903,7,1,8
170938904,5,3,8
170938905,0,2,2
170938906,2,2,4
170938907,2,1,3
170950001,1,1,2
170950002,5,2,7
170950003,10,20,30
170950004,8,12,20
170950005,3,3,6
170950006,12,15,27
170950008,3,1,4
170950012,8,8,16
170950013,4,2,6
170950015,2,1,3
170978015,1,0,1
170978030,3,4,7
170978042,3,4,7
170978601,3,2,5
170978602,2,8,10
170978603,1,0,1
170978604,0,1,1
170978605,6,1,7
170978606,1,2,3
170978607,1,6,7
170978608,10,5,15
170978609,7,5,12
170978610,11,10,21
170978611,19,9,28
170978612,2,0,2
170978613,0,5,5
170978614,3,0,3
170978615,59,69,128
170978616,26,33,59
170978617,3,11,14
170978618,5,2,7
170978619,1,4,5
170978620,4,5,9
170978621,3,1,4
170978622,0,1,1
170978624,2,0,2
170978626,17,36,53
170978629,35,29,64
170978630,4,11,15
170978632,45,73,118
170978633,5,8,13
170978634,6,26,32
170978635,37,53,90
170978636,11,35,46
170978637,25,21,46
170978638,13,29,42
170978639,37,34,71
170978640,6,3,9
170978641,18,9,27
170978642,9,4,13
170978643,54,76,130
170978644,39,58,97
170978645,109,130,239
170978646,27,59,86
170978647,20,37,57
170978648,22,36,58
170978649,27,41,68
170978650,9,6,15
170978651,1,2,3
170978652,2,1,3
170978653,4,7,11
170978654,24,49,73
170978655,14,21,35
170978656,8,25,33
170978657,36,62,98
170978658,14,51,65
170978708,1,1,2
170999617,1,1,2
170999618,1,0,1
170999619,8,5,13
170999620,1,1,2
170999621,4,2,6
170999622,0,1,1
170999623,8,8,16
170999624,2,0,2
170999625,0,3,3
170999626,1,7,8
170999627,7,4,11
170999628,1,1,2
170999629,1,3,4
170999630,5,7,12
170999631,4,1,5
170999632,8,7,15
170999633,2,2,4
170999634,2,1,3
170999635,2,2,4
170999636,4,0,4
170999637,1,2,3
170999638,0,7,7
170999639,9,3,12
170999640,1,0,1
170999642,7,7,14
170999643,2,0,2
171019810,6,3,9
171019811,1,2,3
171030001,1,0,1
171030003,16,14,30
171030004,5,2,7
171030005,0,6,6
171030007,1,0,1
171030009,0,2,2
171059601,5,1,6
171059604,2,2,4
171059605,3,1,4
171059606,5,5,10
171059607,2,1,3
171059608,2,0,2
171059610,3,1,4
171079532,3,1,4
171079533,2,1,3
171079534,18,1,19
171079536,2,0,2
171090101,2,0,2
171090103,4,0,4
171090104,1,2,3
171090105,2,1,3
171090106,1,3,4
171090107,3,10,13
171090109,17,10,27
171090110,0,2,2
171090111,1,0,1
171118507,2,0,2
171118643,0,3,3
171118701,6,2,8
171118702,3,1,4
171118703,9,1,10
171118704,5,5,10
171118705,4,0,4
171118706,16,17,33
171118707,7,12,19
171118708,22,37,59
171118709,27,19,46
171118710,7,3,10
171118711,12,10,22
171118712,20,8,28
171118713,19,17,36
171118714,10,6,16
171130001,10,12,22
171130003,3,2,5
171130004,9,20,29
171130005,24,33,57
171130011,16,34,50
171130012,2,5,7
171130013,0,10,10
171130014,1,1,2
171130017,2,2,4
171130018,34,52,86
171130019,3,9,12
171130021,0,6,6
171130051,11,22,33
171130052,0,2,2
171130053,2,0,2
171130054,2,1,3
171130055,2,2,4
171130056,1,0,1
171130057,1,0,1
171150001,4,7,11
171150003,2,4,6
171150004,0,1,1
171150005,4,5,9
171150007,1,0,1
171150011,0,1,1
171150012,14,15,29
171150013,5,7,12
171150015,4,7,11
171150016,1,4,5
171150017,1,1,2
171150018,7,3,10
171150019,1,0,1
171150020,24,42,66
171150021,2,1,3
171150022,0,2,2
171150023,1,2,3
171150024,10,14,24
171150025,5,4,9
171150026,5,8,13
171150028,1,0,1
171150029,25,22,47
171159581,1,0,1
171179560,0,1,1
171179561,2,0,2
171179563,1,0,1
171179564,5,6,11
171179569,2,0,2
171179570,2,0,2
171179571,1,0,1
171179572,1,2,3
171194001,2,2,4
171194003,1,1,2
171194004,12,17,29
171194008,3,3,6
171194009,1,0,1
171194011,1,3,4
171194012,1,2,3
171194013,0,1,1
171194014,0,2,2
171194015,1,0,1
171194017,4,4,8
171194018,8,5,13
171194019,1,2,3
171194020,15,20,35
171194021,22,15,37
171194022,3,1,4
171194023,1,1,2
171194024,6,11,17
171194026,1,1,2
171194027,19,15,34
171194028,2,3,5
171194029,1,4,5
171194030,6,6,12
171194031,27,24,51
171194032,1,2,3
171194033,3,4,7
171194034,3,4,7
171194035,20,22,42
171194036,6,4,10
171194037,1,0,1
171194038,1,1,2
171219516,1,0,1
171219517,1,0,1
171219518,1,0,1
171219519,1,1,2
171219520,5,0,5
171219521,2,1,3
171219522,1,1,2
171219523,1,3,4
171219524,7,13,20
171219525,0,1,1
171219526,5,8,13
171219527,8,7,15
171230301,1,0,1
171239611,1,0,1
171239612,2,0,2
171239614,2,0,2
171239615,1,0,1
171239641,1,2,3
171250219,0,1,1
171259563,0,1,1
171259565,4,4,8
171259568,3,3,6
171279701,2,0,2
171279702,1,6,7
171279704,2,0,2
171290101,1,0,1
171290102,8,4,12
171310403,5,1,6
171310404,0,2,2
171336001,7,4,11
171336002,9,3,12
171336003,1,1,2
171359573,1,0,1
171359576,1,3,4
171359577,7,3,10
171359578,1,0,1
171359579,9,2,11
171379515,5,9,14
171379517,2,2,4
171379518,5,4,9
171379519,12,9,21
171379520,0,1,1
171379521,0,5,5
171379522,1,0,1
171379707,0,1,1
171399769,2,0,2
171399770,1,1,2
171399771,1,1,2
171399772,3,1,4
171419607,6,1,7
171419608,1,0,1
171419609,5,0,5
171419610,1,0,1
171419611,10,1,11
171419612,5,1,6
171419613,1,1,2
171419614,4,1,5
171419615,2,5,7
171430003,0,7,7
171430005,3,0,3
171430006,0,1,1
171430009,6,15,21
171430011,40,11,51
171430012,0,2,2
171430013,1,0,1
171430016,16,9,25
171430017,40,176,216
171430018,3,2,5
171430019,4,4,8
171430020,2,6,8
171430021,3,0,3
171430022,5,9,14
171430023,7,12,19
171430024,3,2,5
171430025,2,1,3
171430026,1,7,8
171430027,7,5,12
171430028,7,8,15
171430029,21,70,91
171430030,13,9,22
171430031,36,35,71
171430032,16,25,41
171430033,18,26,44
171430034,29,44,73
171430035,9,8,17
171430036,6,1,7
171430037,2,4,6
171430038,2,0,2
171430039,6,8,14
171430040,1,3,4
171430041,6,21,27
171430042,3,11,14
171430043,1,0,1
171430044,3,1,4
171430045,1,0,1
171430046,3,0,3
171430049,2,3,5
171450302,7,1,8
171450304,3,1,4
171450305,2,0,2
171450306,3,3,6
171470106,0,2,2
171479545,0,1,1
171479546,9,4,13
171479547,1,1,2
171499525,3,0,3
171499527,8,3,11
171539505,1,0,1
171559545,1,0,1
171579505,5,1,6
171579506,3,3,6
171579507,2,0,2
171579508,5,1,6
171579510,1,0,1
171579511,3,0,3
171579512,4,1,5
171579513,2,3,5
171599779,9,14,23
171599781,3,3,6
171599782,7,11,18
171599783,1,1,2
171610201,0,3,3
171610203,16,5,21
171610204,2,1,3
171610206,0,1,1
171610207,1,1,2
171610208,1,11,12
171610209,1,0,1
171610210,6,2,8
171610211,5,7,12
171610212,9,10,19
171610213,1,4,5
171610215,1,3,4
171610216,2,1,3
171610217,2,0,2
171610218,5,6,11
171610219,9,26,35
171610220,2,9,11
171610221,11,27,38
171610222,0,11,11
171610223,1,4,5
171610224,3,0,3
171610227,0,1,1
171610228,1,1,2
171610229,2,0,2
171610230,2,7,9
171610231,6,8,14
171610232,19,29,48
171610233,0,1,1
171610237,3,0,3
171610240,5,2,7
171610241,2,5,7
171610242,1,1,2
171635006,0,1,1
171635009,3,3,6
171635011,1,0,1
171635012,2,2,4
171635013,3,1,4
171635014,0,1,1
171635015,12,7,19
171635016,37,56,93
171635017,21,38,59
171635018,0,1,1
171635019,2,1,3
171635023,1,0,1
171635025,5,0,5
171635026,5,10,15
171635031,2,1,3
171635032,16,25,41
171635033,37,63,100
171635034,22,18,40
171635038,6,7,13
171635039,6,11,17
171635040,5,3,8
171635043,60,48,108
171635044,1,5,6
171659551,1,1,2
171659555,6,1,7
171659556,1,0,1
171659557,0,1,1
171659558,1,0,1
171659559,1,2,3
171659560,8,4,12
171659561,2,1,3
171659562,1,2,3
171670001,1,0,1
171670002,10,9,19
171670003,22,56,78
171670004,2,4,6
171670005,1,2,3
171670009,11,60,71
171670010,49,59,108
171670011,5,12,17
171670012,4,12,16
171670013,7,9,16
171670014,1,3,4
171670016,29,87,116
171670018,13,27,40
171670019,2,2,4
171670020,17,48,65
171670021,28,36,64
171670022,3,6,9
171670025,1,3,4
171670026,6,3,9
171670027,0,2,2
171670028,12,5,17
171670029,7,17,24
171670030,8,18,26
171670031,10,39,49
171670032,11,14,25
171670033,0,1,1
171670034,3,0,3
171670035,3,0,3
171670036,28,77,105
171670037,3,7,10
171670038,5,2,7
171670039,6,7,13
171699702,5,0,5
171699703,0,1,1
171719707,1,0,1
171739593,10,0,10
171739726,0,1,1
171759514,3,1,4
171759515,1,1,2
171770001,0,1,1
171770003,1,0,1
171770005,1,4,5
171770006,1,0,1
171770008,8,11,19
171770009,5,2,7
171770010,20,18,38
171770011,2,6,8
171770012,1,1,2
171790201,2,5,7
171790202,0,1,1
171790203,3,2,5
171790204,1,1,2
171790210,6,10,16
171790211,8,10,18
171790212,9,10,19
171790215,1,4,5
171790216,25,19,44
171790217,7,6,13
171790219,2,0,2
171790220,10,7,17
171790221,2,4,6
171790222,5,1,6
171790223,3,3,6
171790224,2,1,3
171819501,1,3,4
171819503,11,4,15
171819504,8,4,12
171830001,2,2,4
171830005,2,0,2
171830006,3,14,17
171830007,13,11,24
171830008,16,27,43
171830009,1,0,1
171830010,1,0,1
171830011,4,8,12
171830012,5,5,10
171830013,19,26,45
171830101,0,1,1
171830102,3,2,5
171830103,1,1,2
171830104,4,1,5
171830105,1,0,1
171830106,2,0,2
171830109,0,1,1
171859573,4,2,6
171859574,2,0,2
171859575,2,1,3
171878702,1,1,2
171878704,8,2,10
171878705,2,0,2
171899503,2,1,3
171899504,4,1,5
171919551,4,3,7
171919552,6,0,6
171939581,7,3,10
171939583,1,0,1
171950001,0,1,1
171950002,3,1,4
171950003,2,0,2
171950004,1,1,2
171950005,2,2,4
171950006,1,0,1
171950007,2,0,2
171950008,1,1,2
171950009,5,8,13
171950011,12,19,31
171950012,1,0,1
171950013,2,3,5
171950014,6,0,6
171950015,2,0,2
171950017,1,2,3
171978240,0,1,1
171978241,1,0,1
171978253,0,1,1
171978462,1,0,1
171978463,1,1,2
171978465,4,2,6
171978529,0,1,1
171978801,32,33,65
171978802,2,3,5
171978803,34,53,87
171978804,10,8,18
171978805,2,2,4
171978806,6,2,8
171978809,3,2,5
171978810,19,23,42
171978811,16,16,32
171978812,1,0,1
171978814,1,0,1
171978815,4,1,5
171978816,7,9,16
171978817,3,8,11
171978820,1,2,3
171978822,6,8,14
171978823,0,1,1
171978826,1,0,1
171978827,1,4,5
171978828,32,63,95
171978830,1,0,1
171978832,35,38,73
171978833,3,4,7
171978834,3,1,4
171978835,40,58,98
171978836,6,4,10
171978838,9,15,24
171978839,4,2,6
171978840,2,0,2
171978907,1,0,1
171990202,7,8,15
171990203,2,6,8
171990204,8,9,17
171990205,7,0,7
171990206,0,1,1
171990207,2,2,4
171990208,2,3,5
171990209,3,2,5
171990210,12,8,20
171990211,1,1,2
171990212,13,16,29
171990213,7,9,16
171990214,1,1,2
172010001,3,7,10
172010002,2,2,4
172010003,0,1,1
172010004,24,42,66
172010005,131,209,340
172010006,8,6,14
172010007,7,6,13
172010008,1,0,1
172010011,19,3,22
172010012,3,0,3
172010013,18,21,39
172010014,0,1,1
172010015,3,2,5
172010016,2,1,3
172010022,0,1,1
172010026,10,0,10
172010028,0,1,1
172010029,1,2,3
172010030,8,5,13
172010031,0,2,2
172010033,30,74,104
172010034,2,0,2
172010035,3,1,4
172010036,8,15,23
172010037,6,9,15
172010038,9,37,46
172010039,14,20,34
172010040,6,5,11
172010041,1,1,2
172010042,2,1,3
172010043,1,0,1
172030052,0,1,1
172030212,0,1,1
172030302,1,0,1
172030303,1,0,1
172030304,1,0,1
172030305,2,11,13
172030306,5,3,8
172030307,5,1,6
180010301,1,0,1
180010302,3,3,6
180010303,3,2,5
180010305,2,0,2
180010306,0,1,1
180010307,3,1,4
180030001,1,3,4
180030003,5,4,9
180030004,14,24,38
180030006,0,1,1
180030007,1,1,2
180030008,2,0,2
180030009,0,1,1
180030011,5,12,17
180030012,0,5,5
180030013,9,23,32
180030018,1,0,1
180030020,1,1,2
180030022,2,2,4
180030023,1,0,1
180030024,12,0,12
180030025,0,1,1
180030026,1,1,2
180030027,4,0,4
180030030,0,1,1
180030032,3,5,8
180030034,2,20,22
180030035,31,62,93
180030036,0,1,1
180030038,2,0,2
180030039,2,1,3
180030040,4,0,4
180030041,16,16,32
180030101,3,2,5
180030102,8,6,14
180030103,16,21,37
180030105,0,2,2
180030106,2,1,3
180030107,28,20,48
180030108,44,68,112
180030109,1,0,1
180030110,4,1,5
180030112,2,2,4
180030113,0,1,1
180030115,8,11,19
180030116,87,259,346
180030117,3,3,6
180030118,1,1,2
180030119,1,0,1
180050101,4,5,9
180050102,14,17,31
180050103,4,8,12
180050104,20,6,26
180050105,4,7,11
180050106,1,2,3
180050107,11,9,20
180050108,0,1,1
180050109,13,23,36
180050110,3,11,14
180050111,0,1,1
180050112,2,0,2
180050113,2,5,7
180050114,2,1,3
180050115,1,2,3
180059675,0,1,1
180079510,3,0,3
180079511,1,0,1
180079901,1,0,1
180079902,0,1,1
180099633,1,0,1
180099751,4,0,4
180099752,3,1,4
180099753,0,1,1
180099754,1,2,3
180113101,3,1,4
180118101,2,7,9
180118102,2,0,2
180118103,1,1,2
180118104,7,4,11
180118105,11,2,13
180118106,58,121,179
180118107,1,0,1
180139746,1,0,1
180139747,0,2,2
180139748,1,2,3
180139749,6,1,7
180159595,0,1,1
180159596,2,0,2
180159597,1,1,2
180159598,2,0,2
180159599,2,0,2
180179509,1,8,9
180179510,0,2,2
180179511,3,1,4
180179512,11,3,14
180179513,0,1,1
180179514,2,0,2
180179515,6,9,15
180179516,1,4,5
180179517,4,1,5
180190501,4,8,12
180190502,17,33,50
180190503,2,3,5
180190504,4,2,6
180190505,6,2,8
180190506,14,20,34
180190507,8,5,13
180190508,3,2,5
180190509,6,6,12
180190510,0,1,1
180210401,7,2,9
180210402,5,0,5
180210405,1,0,1
180210406,2,0,2
180219566,1,0,1
180239503,1,0,1
180239504,1,0,1
180239506,1,4,5
180239507,3,3,6
180239508,7,2,9
180259519,0,1,1
180279543,2,0,2
180279546,1,0,1
180279547,0,1,1
180279548,2,6,8
180279549,7,7,14
180290801,7,8,15
180290802,1,0,1
180290803,6,8,14
180290804,5,2,7
180290805,3,4,7
180290806,1,1,2
180290807,0,1,1
180299658,0,1,1
180299696,0,1,1
180319690,3,1,4
180319691,0,1,1
180319692,3,0,3
180319693,3,2,5
180319694,7,2,9
180330202,3,1,4
180330204,15,7,22
180330205,3,3,6
180330206,3,1,4
180330207,4,2,6
180330208,1,1,2
180350001,2,0,2
180350003,0,1,1
180350004,0,1,1
180350005,1,1,2
180350006,2,0,2
180350007,4,5,9
180350008,25,13,38
180350009,44,90,134
180350010,3,10,13
180350011,0,2,2
180350012,4,6,10
180350016,5,6,11
180350017,1,0,1
180350019,11,7,18
180350020,3,1,4
180350021,0,2,2
180350022,3,0,3
180350023,2,1,3
180350024,19,44,63
180350025,8,8,16
180350026,8,11,19
180350027,3,0,3
180379527,1,0,1
180379532,7,4,11
180379533,4,11,15
180379534,10,10,20
180379535,1,3,4
180379537,4,2,6
180379538,3,3,6
180390001,2,2,4
180390002,5,3,8
180390003,12,6,18
180390004,17,17,34
180390005,8,5,13
180390006,2,3,5
180390007,6,17,23
180390008,10,5,15
180390010,2,0,2
180390012,6,2,8
180390013,2,1,3
180390014,0,2,2
180390015,18,19,37
180390016,6,8,14
180390017,7,6,13
180390018,7,21,28
180390019,0,5,5
180390020,4,1,5
180390021,6,2,8
180390022,4,3,7
180390023,2,2,4
180390024,2,9,11
180390025,4,5,9
180390026,1,0,1
180390028,5,7,12
180419540,2,0,2
180419541,1,1,2
180419542,2,1,3
180419543,5,3,8
180419544,5,2,7
180419545,3,2,5
180430507,0,1,1
180430702,1,0,1
180430703,2,2,4
180430704,1,4,5
180430705,2,7,9
180430706,4,7,11
180430707,2,0,2
180430708,24,28,52
180430709,5,4,9
180430710,15,30,45
180430711,15,6,21
180430712,1,1,2
180459576,0,1,1
180459577,1,0,1
180459578,1,1,2
180459579,2,0,2
180459580,0,2,2
180479601,9,3,12
180479684,0,1,1
180479685,2,3,5
180479697,2,0,2
180479699,0,1,1
180499530,2,1,3
180499531,7,6,13
180499533,0,1,1
180499534,1,3,4
180499535,1,0,1
180510106,1,0,1
180510501,2,1,3
180510502,2,1,3
180510503,5,1,6
180510504,0,1,1
180510505,14,5,19
180530001,7,3,10
180530005,39,48,87
180530006,0,4,4
180530007,0,1,1
180530008,3,0,3
180530009,5,11,16
180530101,3,10,13
180530102,1,1,2
180530103,2,0,2
180530104,0,1,1
180530105,2,1,3
180530106,3,1,4
180530107,1,3,4
180530108,1,1,2
180559548,1,0,1
180559549,5,2,7
180559550,3,0,3
180559551,1,0,1
180559552,1,2,3
180559553,4,1,5
180559554,6,2,8
180571101,0,2,2
180571102,5,9,14
180571103,2,0,2
180571104,16,17,33
180571105,23,53,76
180571106,0,2,2
180571107,2,3,5
180571108,76,110,186
180571109,48,143,191
180571110,92,199,291
180571111,38,111,149
180578106,0,1,1
180579501,1,0,1
180594102,2,1,3
180594103,5,0,5
180594104,17,8,25
180594105,1,0,1
180594106,12,8,20
180594107,0,1,1
180594108,8,12,20
180610601,2,0,2
180610602,2,1,3
180610603,2,0,2
180610604,13,5,18
180610605,2,1,3
180610606,1,0,1
180632101,9,12,21
180632102,14,10,24
180632103,3,4,7
180632104,0,1,1
180632105,15,16,31
180632106,35,23,58
180632107,0,4,4
180632108,6,1,7
180632109,1,1,2
180632110,1,0,1
180632111,1,1,2
180659755,3,2,5
180659756,2,1,3
180659757,1,2,3
180659758,3,0,3
180659759,3,2,5
180659760,3,2,5
180659761,4,5,9
180659764,9,3,12
180659765,6,2,8
180659767,0,1,1
180670002,1,0,1
180670006,0,1,1
180670007,9,9,18
180670008,11,8,19
180670010,1,0,1
180670011,6,23,29
180670012,2,0,2
180670013,1,1,2
180670014,19,8,27
180670101,1,3,4
180670102,1,5,6
180670103,8,9,17
180670104,2,1,3
180670105,3,4,7
180670106,13,9,22
180690402,1,0,1
180699913,1,2,3
180699914,1,3,4
180699915,2,0,2
180699916,6,2,8
180699917,1,1,2
180699918,1,0,1
180699919,6,0,6
180699921,2,1,3
180719675,4,3,7
180719676,1,0,1
180719677,3,3,6
180719678,6,6,12
180719679,9,5,14
180719680,1,0,1
180719681,2,1,3
180719682,1,0,1
180719683,1,0,1
180739909,4,2,6
180739911,2,0,2
180739912,7,2,9
180739913,1,0,1
180759627,1,0,1
180759630,0,1,1
180759631,9,3,12
180759632,1,1,2
180759633,2,1,3
180779660,1,3,4
180779661,2,5,7
180779662,0,1,1
180779663,2,1,3
180779664,5,8,13
180779665,8,9,17
180779666,10,6,16
180799602,0,2,2
180799604,9,0,9
180799605,1,0,1
180816101,2,2,4
180816102,11,6,17
180816103,10,1,11
180816104,15,23,38
180816105,0,1,1
180816106,25,29,54
180816107,16,27,43
180816108,15,10,25
180816109,10,3,13
180816110,4,3,7
180816111,2,1,3
180816112,2,1,3
180816113,2,1,3
180816114,2,2,4
180839551,2,0,2
180839552,5,9,14
180839553,1,1,2
180839554,1,1,2
180839555,5,17,22
180839556,8,16,24
180839557,10,14,24
180839558,1,0,1
180839559,5,3,8
180859609,2,2,4
180859610,6,4,10
180859611,3,0,3
180859612,1,0,1
180859613,2,5,7
180859614,4,2,6
180859617,3,2,5
180859618,0,1,1
180859619,2,5,7
180859620,16,7,23
180859621,2,2,4
180859622,1,1,2
180859623,4,4,8
180859624,2,0,2
180859625,1,0,1
180879701,1,0,1
180879702,2,0,2
180879703,8,1,9
180879704,4,1,5
180879705,1,0,1
180890101,9,3,12
180890102,1,0,1
180890106,4,0,4
180890108,0,1,1
180890109,1,0,1
180890110,1,2,3
180890112,0,1,1
180890113,1,0,1
180890114,1,0,1
180890116,1,2,3
180890119,1,0,1
180890120,3,0,3
180890122,1,0,1
180890123,1,0,1
180890124,1,1,2
180890126,0,1,1
180890128,1,0,1
180890130,1,1,2
180890131,1,3,4
180890132,0,1,1
180890133,5,2,7
180890134,5,2,7
180890201,2,0,2
180890202,3,1,4
180890206,1,0,1
180890207,7,14,21
180890211,1,4,5
180890212,3,2,5
180890213,7,0,7
180890214,1,0,1
180890215,1,7,8
180890216,2,0,2
180890218,1,0,1
180890303,2,2,4
180890304,4,2,6
180890305,2,1,3
180890306,0,1,1
180890308,4,11,15
180890309,2,0,2
180890401,1,0,1
180890403,17,38,55
180890404,104,164,268
180890405,6,12,18
180890406,7,3,10
180890407,2,3,5
180890408,10,7,17
180890409,0,2,2
180890410,4,3,7
180890411,0,1,1
180890413,3,0,3
180890414,1,0,1
180890417,1,0,1
180890418,1,1,2
180890420,3,9,12
180890422,7,4,11
180890423,4,11,15
180890424,14,32,46
180890425,43,75,118
180890426,22,15,37
180890427,22,28,50
180890428,22,34,56
180890429,2,0,2
180890430,6,9,15
180890431,11,16,27
180890432,4,18,22
180890433,9,5,14
180890434,6,1,7
180910402,1,9,10
180910403,4,8,12
180910404,3,1,4
180910405,22,16,38
180910406,2,1,3
180910407,1,2,3
180910408,1,0,1
180910410,0,3,3
180910411,6,12,18
180910412,4,4,8
180910414,0,1,1
180910415,1,4,5
180910416,4,4,8
180910417,2,5,7
180910418,2,0,2
180910420,0,1,1
180910421,0,4,4
180910422,5,14,19
180910423,9,17,26
180910424,12,2,14
180910425,8,9,17
180910426,0,3,3
180910429,1,0,1
180939505,0,2,2
180939506,1,0,1
180939508,16,14,30
180939509,5,8,13
180939510,0,1,1
180939511,9,9,18
180939513,1,1,2
180950001,0,2,2
180950002,1,1,2
180950004,3,0,3
180950005,1,0,1
180950007,12,6,18
180950008,9,22,31
180950010,0,1,1
180950012,1,0,1
180950013,2,4,6
180950014,13,3,16
180950015,11,18,29
180950016,4,7,11
180950017,1,3,4
180950020,2,1,3
180950101,0,1,1
180950102,3,0,3
180950103,3,0,3
180950104,4,0,4
180950105,3,0,3
180950106,3,1,4
180950107,1,0,1
180950108,0,1,1
180950109,2,0,2
180950110,2,4,6
180950111,4,3,7
180950112,2,1,3
180950113,2,0,2
180950114,1,0,1
180950115,9,3,12
180950116,1,2,3
180950117,3,1,4
180950118,0,1,1
180973101,137,243,380
180973102,37,51,88
180973103,106,90,196
180973201,143,283,426
180973202,27,52,79
180973203,26,58,84
180973204,8,5,13
180973205,9,14,23
180973206,4,5,9
180973207,9,13,22
180973208,11,41,52
180973209,13,29,42
180973210,24,34,58
180973211,11,21,32
180973212,21,46,67
180973213,16,15,31
180973214,25,24,49
180973216,4,5,9
180973217,9,19,28
180973218,25,30,55
180973219,12,25,37
180973220,2,8,10
180973221,1,6,7
180973222,3,5,8
180973223,5,6,11
180973224,2,0,2
180973226,2,1,3
180973227,1,4,5
180973301,59,108,167
180973302,31,78,109
180973303,8,0,8
180973304,9,38,47
180973305,9,11,20
180973306,1,2,3
180973307,1,0,1
180973308,0,1,1
180973309,2,0,2
180973310,1,0,1
180973401,40,40,80
180973402,9,4,13
180973403,0,3,3
180973404,0,1,1
180973405,11,17,28
180973406,13,11,24
180973407,0,1,1
180973409,13,15,28
180973410,1,1,2
180973411,1,0,1
180973419,10,4,14
180973420,1,0,1
180973421,1,1,2
180973422,1,0,1
180973423,0,1,1
180973426,2,0,2
180973502,8,23,31
180973503,1,8,9
180973504,2,0,2
180973509,1,0,1
180973510,11,9,20
180973512,0,1,1
180973515,2,2,4
180973516,1,1,2
180973521,3,2,5
180973524,0,1,1
180973525,0,1,1
180973527,2,1,3
180973532,5,11,16
180973533,38,179,217
180973535,19,38,57
180973536,0,4,4
180973539,108,329,437
180973541,16,37,53
180973542,20,36,56
180973544,2,1,3
180973545,0,2,2
180973549,0,1,1
180973553,1,0,1
180973559,3,1,4
180973562,4,3,7
180973563,4,15,19
180973564,1,0,1
180973569,0,2,2
180973573,0,1,1
180973575,18,38,56
180973579,4,1,5
180973581,6,16,22
180973601,3,0,3
180973602,2,1,3
180973603,0,2,2
180973604,2,6,8
180973605,31,7,38
180973606,4,2,6
180973607,3,1,4
180973608,14,14,28
180973609,16,62,78
180973610,1,1,2
180973611,7,0,7
180973612,1,0,1
180973614,3,0,3
180973616,6,3,9
180973701,0,1,1
180973702,3,1,4
180973703,0,2,2
180973801,6,3,9
180973802,0,1,1
180973804,3,5,8
180973805,0,2,2
180973807,2,3,5
180973808,0,1,1
180973809,16,9,25
180973810,21,10,31
180973811,18,12,30
180973812,28,30,58
180973901,5,2,7
180973902,2,1,3
180973903,3,3,6
180973904,18,40,58
180990201,9,1,10
180990202,1,1,2
180990203,9,3,12
180990204,2,2,4
180990205,2,3,5
180990206,8,4,12
180990207,7,4,11
180990208,3,1,4
181019502,4,0,4
181019504,2,0,2
181039520,2,0,2
181039521,4,1,5
181039522,4,2,6
181039523,8,4,12
181039524,1,4,5
181039528,2,0,2
181039529,0,1,1
181039923,0,1,1
181050001,2,4,6
181050002,8,3,11
181050003,20,27,47
181050004,19,26,45
181050005,1,0,1
181050006,0,1,1
181050007,3,1,4
181050008,7,22,29
181050009,11,20,31
181050010,22,42,64
181050011,10,24,34
181050012,1,2,3
181050013,10,8,18
181050014,8,13,21
181050015,4,8,12
181050016,0,1,1
181079568,1,0,1
181079569,8,2,10
181079570,13,9,22
181079571,3,1,4
181079572,4,8,12
181079573,0,1,1
181079574,1,1,2
181079575,0,1,1
181095101,1,3,4
181095102,5,7,12
181095103,6,1,7
181095104,0,3,3
181095106,3,4,7
181095107,15,9,24
181095108,4,3,7
181095109,1,1,2
181095110,2,1,3
181096107,0,2,2
181099555,0,1,1
181119905,1,0,1
181119906,3,1,4
181119907,1,0,1
181119910,1,0,1
181130504,0,2,2
181139717,6,3,9
181139718,0,1,1
181139719,5,5,10
181139722,1,1,2
181139723,0,1,1
181139724,2,0,2
181139725,2,1,3
181139726,0,1,1
181159657,1,0,1
181179513,2,0,2
181179514,0,2,2
181179515,3,1,4
181179516,2,0,2
181179517,6,1,7
181190013,1,0,1
181199558,2,1,3
181210301,1,0,1
181210302,2,0,2
181210303,8,2,10
181239525,7,0,7
181239526,1,1,2
181259540,3,1,4
181270426,1,0,1
181270501,5,8,13
181270502,13,16,29
181270503,3,1,4
181270504,4,8,12
181270505,15,5,20
181270506,9,35,44
181270507,36,54,90
181270508,3,11,14
181270509,10,10,20
181270510,17,37,54
181270511,3,1,4
181290401,2,1,3
181290404,1,2,3
181290405,2,1,3
181290406,2,0,2
181290407,2,0,2
181319589,1,0,1
181319590,5,2,7
181319592,1,0,1
181339560,1,0,1
181339562,6,3,9
181339563,4,4,8
181339564,1,1,2
181339565,2,1,3
181339566,0,1,1
181359515,0,1,1
181359516,5,1,6
181359517,4,4,8
181359520,1,0,1
181359521,0,1,1
181379601,0,1,1
181379684,7,3,10
181379685,7,8,15
181399741,2,0,2
181399742,1,0,1
181399743,2,0,2
181399744,4,2,6
181399745,1,0,1
181410001,0,1,1
181410002,1,1,2
181410003,4,4,8
181410006,1,8,9
181410007,44,60,104
181410008,6,4,10
181410009,25,29,54
181410010,19,27,46
181410011,4,0,4
181410012,14,10,24
181410013,11,6,17
181410014,1,2,3
181410015,2,1,3
181410016,4,3,7
181410018,4,15,19
181410019,1,0,1
181410022,1,1,2
181410024,1,0,1
181410026,1,0,1
181410030,0,1,1
181410031,2,2,4
181410032,9,10,19
181410033,1,0,1
181410034,3,1,4
181410102,13,9,22
181410103,2,0,2
181410104,1,1,2
181410105,0,1,1
181410106,1,0,1
181410107,2,1,3
181410108,1,1,2
181410109,3,0,3
181410110,6,7,13
181410112,4,6,10
181410113,44,75,119
181410114,34,60,94
181410115,16,20,36
181410116,11,5,16
181410117,6,13,19
181410118,10,6,16
181410119,1,4,5
181410120,2,0,2
181410121,0,1,1
181410122,2,0,2
181410123,3,1,4
181410124,1,2,3
181439669,6,1,7
181439670,4,1,5
181439671,1,0,1
181439673,1,0,1
181453903,1,0,1
181454108,1,0,1
181456112,0,1,1
181457101,1,0,1
181457103,2,0,2
181457104,9,3,12
181457105,0,1,1
181457106,5,2,7
181457107,6,3,9
181457108,1,0,1
181479527,4,1,5
181479528,1,0,1
181479530,1,0,1
181479531,1,0,1
181499536,0,1,1
181499537,1,0,1
181499538,0,1,1
181499539,1,0,1
181499540,3,2,5
181499541,0,1,1
181499542,2,0,2
181519708,2,2,4
181519709,2,2,4
181519710,0,1,1
181519711,1,1,2
181519712,0,1,1
181519713,1,3,4
181519714,11,5,16
181519716,3,0,3
181530503,5,4,9
181559659,2,0,2
181570003,3,16,19
181570004,4,7,11
181570006,0,2,2
181570007,14,10,24
181570008,1,0,1
181570009,0,3,3
181570010,3,2,5
181570011,2,2,4
181570012,0,4,4
181570013,1,10,11
181570015,4,5,9
181570016,2,1,3
181570017,1,1,2
181570018,31,56,87
181570019,1,8,9
181570051,17,26,43
181570052,7,22,29
181570053,2,1,3
181570054,5,1,6
181570055,1,2,3
181570101,5,8,13
181570102,14,14,28
181570106,3,7,10
181570108,4,8,12
181570109,8,15,23
181570110,0,1,1
181579594,0,1,1
181590202,2,0,2
181590203,2,1,3
181590204,7,3,10
181619607,1,0,1
181630001,3,1,4
181630002,3,1,4
181630003,1,0,1
181630004,1,5,6
181630005,5,7,12
181630006,6,4,10
181630009,2,1,3
181630014,4,1,5
181630016,3,19,22
181630017,33,26,59
181630018,0,8,8
181630020,18,52,70
181630024,1,0,1
181630028,7,2,9
181630029,1,2,3
181630032,5,0,5
181630033,7,5,12
181630034,1,2,3
181630035,2,6,8
181630036,1,1,2
181630037,62,82,144
181630038,31,50,81
181630039,5,3,8
181630101,4,8,12
181630102,18,39,57
181630104,9,5,14
181630105,4,6,10
181630106,1,3,4
181630107,11,16,27
181650203,2,1,3
181650204,2,1,3
181650205,2,1,3
181670001,20,15,35
181670003,9,0,9
181670006,0,1,1
181670008,1,6,7
181670009,14,18,32
181670010,3,1,4
181670011,0,1,1
181670014,6,12,18
181670016,12,8,20
181670017,1,3,4
181670019,0,2,2
181670101,5,4,9
181670102,0,1,1
181670103,0,2,2
181670104,0,1,1
181670106,6,11,17
181670107,20,45,65
181670108,23,44,67
181670110,3,8,11
181699922,6,4,10
181699923,1,1,2
181699926,10,2,12
181699927,4,1,5
181699928,1,9,10
181699929,0,2,2
181719510,2,0,2
181719511,1,1,2
181730301,1,1,2
181730302,3,0,3
181730305,2,5,7
181730306,5,6,11
181730307,45,57,102
181730308,10,14,24
181759672,2,0,2
181759673,1,0,1
181759674,1,1,2
181759675,8,3,11
181759677,2,1,3
181770001,3,7,10
181770002,5,5,10
181770003,9,1,10
181770004,21,38,59
181770007,1,7,8
181770008,0,1,1
181770010,1,6,7
181770011,16,27,43
181770102,0,1,1
181770103,0,1,1
181770104,2,0,2
181770106,2,0,2
181770107,2,5,7
181770108,0,1,1
181790401,1,0,1
181790402,0,1,1
181790403,4,1,5
181790404,2,3,5
181790405,5,9,14
181790406,14,8,22
181799917,3,0,3
181819581,0,1,1
181819584,0,1,1
181819585,4,6,10
181819586,7,2,9
181830501,2,1,3
181830502,2,1,3
181830503,1,0,1
181830504,9,3,12
181830506,2,1,3
181830507,2,6,8
190019602,1,0,1
190019603,5,0,5
190039501,2,1,3
190039502,2,0,2
190059601,1,0,1
190059602,1,0,1
190059603,4,3,7
190059604,0,1,1
190059605,1,0,1
190059702,3,0,3
190079503,2,0,2
190079504,7,3,10
190079505,1,2,3
190099701,1,0,1
190099702,1,1,2
190099703,2,0,2
190119803,9,1,10
190119806,1,1,2
190119807,1,2,3
190130001,3,12,15
190130002,0,1,1
190130003,2,0,2
190130007,1,0,1
190130011,1,0,1
190130012,24,4,28
190130013,45,42,87
190130014,16,7,23
190130015,15,24,39
190130017,6,20,26
190130019,0,1,1
190130020,2,0,2
190130022,7,7,14
190130023,8,4,12
190130024,4,3,7
190130025,5,3,8
190130026,13,26,39
190130027,0,2,2
190130028,0,1,1
190130029,2,1,3
190130030,6,8,14
190150201,2,1,3
190150202,1,1,2
190150203,13,4,17
190150204,1,0,1
190150205,1,1,2
190150206,1,2,3
190150207,1,0,1
190170041,11,3,14
190170042,3,2,5
190170045,1,0,1
190170046,2,0,2
190170047,3,2,5
190199501,1,0,1
190199502,1,0,1
190199503,1,0,1
190199504,2,0,2
190199505,7,7,14
190219601,1,0,1
190219604,5,4,9
190219605,11,4,15
190219606,0,1,1
190239704,1,0,1
190239705,1,0,1
190239803,1,0,1
190259501,1,0,1
190259502,1,1,2
190259504,6,4,10
190279602,0,1,1
190279603,7,5,12
190279605,1,0,1
190279606,4,0,4
190279704,11,7,18
190290217,1,0,1
190299601,1,0,1
190299904,7,6,13
190299905,2,0,2
190319501,2,0,2
190319502,0,1,1
190319503,6,1,7
190319505,1,0,1
190339501,3,2,5
190339502,20,12,32
190339503,45,36,81
190339504,3,6,9
190339505,13,25,38
190339506,2,2,4
190339507,8,1,9
190339508,4,3,7
190339509,1,2,3
190339902,2,0,2
190359801,9,9,18
190359802,1,0,1
190359803,0,1,1
190379703,2,0,2
190379704,4,0,4
190399901,5,0,5
190419802,14,17,31
190419803,1,6,7
190430104,1,0,1
190439701,2,1,3
190439703,5,0,5
190439704,4,2,6
190439706,2,0,2
190450001,1,4,5
190450002,0,1,1
190450003,0,3,3
190450004,2,6,8
190450005,19,17,36
190450006,2,7,9
190450007,2,4,6
190450008,1,1,2
190450009,7,4,11
190479702,2,0,2
190479703,1,0,1
190479704,6,2,8
190479705,1,0,1
190490109,1,0,1
190490110,4,0,4
190490111,0,14,14
190490112,2,3,5
190490203,1,0,1
190490206,0,1,1
190490502,3,0,3
190490503,4,1,5
190490505,2,0,2
190490506,1,1,2
190490507,2,0,2
190490508,26,29,55
190519801,2,3,5
190519802,1,2,3
190539602,4,1,5
190539603,3,0,3
190559502,1,0,1
190559503,11,2,13
190570001,2,10,12
190570002,3,13,16
190570003,0,3,3
190570005,1,0,1
190570006,5,1,6
190570007,2,6,8
190570008,15,19,34
190570009,3,6,9
190570010,3,2,5
190570011,1,2,3
190570012,0,1,1
190599501,2,0,2
190599502,0,1,1
190599503,2,1,3
190599504,1,3,4
190599505,11,7,18
190599507,1,0,1
190599508,1,2,3
190610001,3,12,15
190610004,1,0,1
190610005,0,1,1
190610006,1,5,6
190610007,41,54,95
190610008,11,24,35
190610009,0,1,1
190610011,5,12,17
190610012,17,29,46
190610101,3,8,11
190610104,0,1,1
190610105,3,0,3
190610106,1,0,1
190619701,1,0,1
190639701,0,1,1
190639702,2,0,2
190639703,1,0,1
190639704,8,0,8
190659801,2,0,2
190659802,0,1,1
190659804,4,0,4
190659805,5,3,8
190659806,1,0,1
190659807,0,1,1
190679801,0,2,2
190679802,1,0,1
190679803,1,0,1
190679804,1,1,2
190679805,5,1,6
190699601,1,0,1
190699602,4,2,6
190710402,1,0,1
190719703,5,0,5
190739802,2,1,3
190739803,5,2,7
190739804,0,1,1
190759901,1,0,1
190759903,7,0,7
190759904,1,0,1
190779501,2,2,4
190779502,1,0,1
190779503,4,0,4
190779601,1,0,1
190799603,3,2,5
190799604,7,3,10
190799605,2,0,2
190819701,3,0,3
190839801,4,0,4
190839802,5,3,8
190839803,3,2,5
190839806,2,0,2
190859902,2,0,2
190859903,1,0,1
190859904,5,1,6
190859905,1,0,1
190879701,2,0,2
190879703,9,7,16
190879704,5,2,7
190879705,2,0,2
190899601,5,2,7
190899602,2,0,2
190899603,2,0,2
190919701,1,0,1
190919703,3,0,3
190919704,4,0,4
190939901,1,0,1
190939903,5,0,5
190959701,0,1,1
190959901,3,0,3
190959902,1,0,1
190959903,2,0,2
190959904,1,1,2
190979502,3,2,5
190979503,1,0,1
190979504,4,1,5
190979505,9,1,10
190979506,1,0,1
190990402,0,2,2
190990403,1,0,1
190990404,1,0,1
190990405,11,3,14
190990406,3,4,7
190990407,3,1,4
191019902,2,0,2
191019903,0,3,3
191019904,13,7,20
191030001,14,49,63
191030002,10,10,20
191030003,38,79,117
191030004,29,59,88
191030005,59,144,203
191030006,25,37,62
191030007,0,1,1
191030008,84,416,500
191030009,37,76,113
191030010,3,9,12
191030011,12,30,42
191030012,7,15,22
191030013,3,10,13
191030014,26,42,68
191030015,8,32,40
191030016,2,8,10
191030017,2,12,14
191030018,5,8,13
191030101,10,14,24
191030102,2,3,5
191030103,21,67,88
191030104,4,6,10
191030105,2,4,6
191030106,1,2,3
191039901,1,0,1
191059502,1,0,1
191059702,4,1,5
191059703,4,0,4
191059704,1,0,1
191059902,1,1,2
191079803,3,0,3
191079804,0,1,1
191099501,0,1,1
191099502,1,1,2
191099504,5,3,8
191119901,7,3,10
191119902,4,2,6
191119903,1,2,3
191119904,1,0,1
191119906,1,2,3
191119907,11,11,22
191119908,1,2,3
191119909,0,3,3
191119910,1,0,1
191119911,3,4,7
191130001,9,4,13
191130002,17,27,44
191130003,1,1,2
191130004,4,1,5
191130005,3,0,3
191130006,1,3,4
191130007,4,0,4
191130008,1,2,3
191130009,19,10,29
191130010,9,2,11
191130011,1,3,4
191130013,0,4,4
191130014,2,3,5
191130015,9,12,21
191130016,10,20,30
191130017,7,8,15
191130018,2,34,36
191130019,5,7,12
191130020,45,40,85
191130021,1,0,1
191130027,21,48,69
191130028,5,6,11
191130029,1,0,1
191130030,3,1,4
191130102,2,1,3
191130103,1,0,1
191130105,0,6,6
191130106,1,1,2
191130107,1,2,3
191130108,9,0,9
191159502,1,0,1
191159503,2,1,3
191179501,1,0,1
191179503,1,1,2
191179504,5,1,6
191199502,2,1,3
191210212,2,0,2
191210602,4,1,5
191210603,1,0,1
191239501,1,3,4
191239502,2,0,2
191239504,9,2,11
191239506,0,1,1
191239507,3,0,3
191250301,5,5,10
191250302,13,7,20
191250303,2,0,2
191250304,12,11,23
191250305,2,0,2
191250307,1,0,1
191279501,3,0,3
191279502,2,0,2
191279505,7,7,14
191279506,1,0,1
191279507,4,3,7
191279508,12,15,27
191279509,5,12,17
191279510,3,1,4
191290401,1,1,2
191290403,5,5,10
191319602,2,0,2
191319603,3,1,4
191339601,5,0,5
191339602,0,2,2
191339603,6,0,6
191359702,5,2,7
191379801,1,0,1
191379802,8,2,10
191379803,3,0,3
191390501,1,1,2
191390502,2,1,3
191390503,2,1,3
191390505,2,1,3
191390506,7,5,12
191390507,1,2,3
191390508,11,3,14
191390509,0,2,2
191390510,1,0,1
191419902,2,1,3
191419903,5,3,8
191439601,4,2,6
191459901,4,0,4
191459902,2,0,2
191459903,2,1,3
191459904,5,4,9
191459905,5,1,6
191479601,2,0,2
191479603,2,4,6
191499701,5,2,7
191499702,3,1,4
191499703,2,1,3
191499705,2,0,2
191499706,0,6,6
191519801,1,0,1
191519802,2,1,3
191530001,3,2,5
191530002,6,1,7
191530003,0,5,5
191530004,1,0,1
191530007,60,22,82
191530008,10,4,14
191530009,10,8,18
191530010,1,1,2
191530011,0,1,1
191530012,0,2,2
191530015,0,1,1
191530019,1,0,1
191530027,9,9,18
191530028,3,4,7
191530029,12,13,25
191530030,27,24,51
191530031,7,13,20
191530032,17,38,55
191530039,4,1,5
191530040,13,14,27
191530041,4,6,10
191530043,1,2,3
191530045,3,4,7
191530046,2,2,4
191530047,5,2,7
191530048,23,17,40
191530049,23,65,88
191530050,1,1,2
191530051,72,150,222
191530052,0,1,1
191530101,4,3,7
191530102,33,11,44
191530104,41,33,74
191530105,1,1,2
191530107,10,5,15
191530108,2,1,3
191530109,0,1,1
191530110,58,73,131
191530111,32,46,78
191530112,54,93,147
191530113,2,1,3
191530114,16,17,33
191530115,1,1,2
191530508,4,1,5
191550216,2,4,6
191550217,0,3,3
191550301,9,10,19
191550306,3,2,5
191550307,1,0,1
191550310,4,0,4
191550311,24,29,53
191550312,3,2,5
191550313,1,0,1
191550315,1,2,3
191550316,3,8,11
191550317,2,7,9
191550318,1,2,3
191579702,0,2,2
191579703,4,8,12
191579704,13,5,18
191579705,1,0,1
191599502,6,2,8
191619801,0,1,1
191619802,1,0,1
191619803,2,0,2
191619804,8,0,8
191630101,5,12,17
191630102,4,2,6
191630103,0,1,1
191630104,4,1,5
191630105,9,0,9
191630109,2,0,2
191630110,3,1,4
191630112,0,3,3
191630113,1,2,3
191630114,1,1,2
191630115,0,2,2
191630116,8,37,45
191630117,1,1,2
191630118,7,10,17
191630119,22,36,58
191630120,2,1,3
191630125,4,0,4
191630126,3,1,4
191630127,14,21,35
191630128,7,2,9
191630129,16,27,43
191630130,10,20,30
191630131,5,7,12
191630132,1,1,2
191630133,12,7,19
191630134,1,2,3
191630135,6,4,10
191630136,3,0,3
191630137,41,47,88
191659603,7,1,8
191679703,1,0,1
191679704,4,0,4
191679706,10,6,16
191679707,8,1,9
191690001,13,20,33
191690002,2,1,3
191690003,5,7,12
191690004,0,1,1
191690006,2,4,6
191690007,2,0,2
191690008,2,1,3
191690009,31,53,84
191690010,0,1,1
191690011,0,3,3
191690013,8,3,11
191690101,5,0,5
191690102,2,0,2
191690103,5,0,5
191690104,0,1,1
191690105,1,0,1
191690106,4,1,5
191719901,2,1,3
191719903,1,0,1
191719904,1,0,1
191719905,2,0,2
191739801,1,0,1
191759902,8,5,13
191759903,1,0,1
191759904,3,1,4
191779501,5,2,7
191779502,1,0,1
191799601,2,1,3
191799603,9,11,20
191799604,22,28,50
191799605,0,3,3
191799606,1,2,3
191799607,2,0,2
191799611,0,1,1
191810202,2,2,4
191810203,2,2,4
191810204,2,2,4
191810205,1,0,1
191810206,1,0,1
191810207,3,1,4
191810208,2,0,2
191810209,2,0,2
191810210,5,0,5
191810211,1,0,1
191839601,2,4,6
191839602,2,1,3
191839603,2,0,2
191839604,10,1,11
191839605,1,0,1
191859701,4,0,4
191859703,1,1,2
191870001,2,4,6
191870002,2,8,10
191870003,0,3,3
191870004,4,6,10
191870005,0,1,1
191870006,0,1,1
191870007,8,11,19
191870009,14,16,30
191870101,0,2,2
191870102,1,2,3
191870103,2,0,2
191899801,3,0,3
191899803,2,0,2
191919501,3,1,4
191919502,3,3,6
191919503,10,7,17
191919504,1,1,2
191919505,1,0,1
191930002,6,3,9
191930003,12,20,32
191930004,20,36,56
191930007,2,1,3
191930009,2,15,17
191930010,32,31,63
191930011,1,0,1
191930013,7,7,14
191930016,13,38,51
191930018,1,1,2
191930020,2,0,2
191930021,12,5,17
191930031,1,0,1
191930032,1,0,1
191930033,6,2,8
191930035,1,1,2
191959901,1,0,1
191959902,1,1,2
191979801,2,1,3
191979802,1,0,1
191979803,10,0,10
191979805,3,0,3
200019528,4,4,8
200019529,4,1,5
200039536,7,1,8
200059817,9,8,17
200059818,2,0,2
200059819,1,2,3
200079681,4,0,4
200079682,3,1,4
200099711,2,2,4
200099713,2,3,5
200099714,0,1,1
200099715,1,5,6
200099716,12,13,25
200099717,4,0,4
200099718,1,0,1
200119558,11,11,22
200119559,2,0,2
200119560,2,5,7
200139807,8,3,11
200139808,5,0,5
200150201,1,0,1
200150202,13,10,23
200150203,1,4,5
200150204,13,7,20
200150205,2,0,2
200150206,2,4,6
200150207,5,0,5
200150208,1,0,1
200150209,4,1,5
200199946,2,1,3
200219583,4,2,6
200219585,2,1,3
200219586,3,2,5
200239502,4,0,4
200259617,2,0,2
200279582,7,1,8
200299771,1,0,1
200299772,1,4,5
200299773,11,7,18
200299774,1,0,1
200319537,1,0,1
200319961,1,0,1
200319962,2,0,2
200319963,2,1,3
200339676,0,1,1
200359931,2,0,2
200359934,2,1,3
200359935,9,4,13
200359936,4,2,6
200359937,12,1,13
200359938,0,1,1
200379566,3,0,3
200379567,0,1,1
200379568,4,1,5
200379570,2,1,3
200379571,1,0,1
200379572,0,1,1
200379573,1,5,6
200379574,6,7,13
200379575,1,2,3
200379576,13,9,22
200379581,0,1,1
200399512,4,0,4
200419841,2,1,3
200419844,9,2,11
200419846,2,1,3
200430202,2,0,2
200430203,2,0,2
200450002,1,1,2
200450003,2,0,2
200450004,7,4,11
200450005,27,43,70
200450006,14,19,33
200450007,27,31,58
200450008,5,7,12
200450009,2,1,3
200450010,3,1,4
200450012,7,3,10
200450013,1,6,7
200479697,3,0,3
200499951,1,0,1
200519726,0,2,2
200519727,12,17,29
200519728,7,25,32
200519729,3,14,17
200519730,0,1,1
200539867,4,2,6
200559601,2,0,2
200559602,1,0,1
200559603,11,9,20
200559604,10,7,17
200559605,1,7,8
200559606,4,1,5
200579617,1,0,1
200579618,13,14,27
200579619,3,6,9
200579621,6,1,7
200579671,1,0,1
200599541,0,2,2
200599542,1,0,1
200599543,3,0,3
200599544,8,4,12
200599545,1,1,2
200610003,1,0,1
200610004,12,2,14
200610005,1,4,5
200610006,1,10,11
200610008,2,2,4
200639551,5,0,5
200659522,2,1,3
200679637,5,1,6
200699627,1,0,1
200719581,2,0,2
200739956,2,0,2
200739957,3,2,5
200759586,2,1,3
200779916,4,1,5
200779917,1,0,1
200779918,2,1,3
200790104,0,1,1
200790301,6,7,13
200790302,6,3,9
200790303,3,2,5
200790304,22,13,35
200790305,2,3,5
200790306,5,16,21
200819631,2,0,2
200839611,2,0,2
200859826,1,1,2
200859827,5,1,6
200859828,1,0,1
200870001,1,0,1
200870201,2,0,2
200870202,5,0,5
200870203,0,3,3
200899762,0,1,1
200910500,31,41,72
200910501,10,19,29
200910502,6,14,20
200910503,42,58,100
200910504,4,10,14
200910505,2,1,3
200910506,6,9,15
200910507,10,26,36
200910508,18,44,62
200910509,18,44,62
200910510,6,18,24
200910511,1,2,3
200910512,4,1,5
200910513,8,2,10
200910514,9,26,35
200910515,7,11,18
200910516,34,41,75
200910517,15,24,39
200910518,59,103,162
200910519,37,46,83
200910520,53,89,142
200910521,4,4,8
200910522,2,8,10
200910523,17,38,55
200910524,99,110,209
200910525,12,9,21
200910526,18,17,35
200910527,3,2,5
200910528,11,11,22
200910529,13,10,23
200910530,62,92,154
200910531,42,63,105
200910532,73,130,203
200910533,46,137,183
200910534,43,119,162
200910535,27,10,37
200910536,12,36,48
200910537,3,1,4
200910538,10,13,23
200939591,3,1,4
200959686,0,1,1
200959912,5,1,6
200959913,1,0,1
200979691,4,0,4
200999501,0,2,2
200999502,10,8,18
200999503,6,4,10
200999504,1,4,5
200999506,2,0,2
200999507,2,0,2
200999511,1,0,1
200999582,1,0,1
201019566,2,0,2
201030701,2,2,4
201030703,2,1,3
201030704,4,6,10
201030705,0,2,2
201030706,10,5,15
201030707,7,18,25
201030708,3,5,8
201030710,2,3,5
201030711,11,13,24
201030712,0,2,2
201030713,2,1,3
201030714,0,2,2
201059861,2,0,2
201079551,1,0,1
201079552,1,0,1
201099546,1,0,1
201110001,0,1,1
201110002,16,7,23
201110003,11,11,22
201110004,7,0,7
201110006,0,1,1
201119906,0,1,1
201130301,0,3,3
201139881,0,1,1
201139882,4,3,7
201139883,0,1,1
201139884,13,4,17
201139885,1,1,2
201139887,6,0,6
201159896,6,0,6
201159897,3,0,3
201159898,1,1,2
201179792,3,3,6
201179793,2,1,3
201199666,4,0,4
201211001,2,0,2
201211002,0,4,4
201211003,2,4,6
201211004,2,1,3
201211006,11,2,13
201211007,4,5,9
201239766,6,2,8
201239767,1,0,1
201259503,4,2,6
201259504,6,9,15
201259505,1,0,1
201259506,1,0,1
201259507,2,0,2
201259508,7,1,8
201259510,3,1,4
201259511,6,10,16
201259512,2,1,3
201259513,4,1,5
201279836,2,0,2
201279837,5,1,6
201299646,4,3,7
201319801,3,0,3
201319802,2,0,2
201319803,1,1,2
201339516,5,0,5
201339517,1,0,1
201339518,6,3,9
201339519,6,3,9
201359561,1,0,1
201359562,3,0,3
201379517,5,2,7
201390101,5,2,7
201390104,2,0,2
201390105,2,0,2
201419741,1,0,1
201439856,1,0,1
201439857,4,0,4
201459702,9,11,20
201479751,1,0,1
201479752,1,0,1
201479753,4,2,6
201490001,1,1,2
201490002,7,2,9
201490003,4,1,5
201490004,6,0,6
201490006,2,0,2
201519687,2,1,3
201519688,6,6,12
201539507,2,1,3
201550001,22,41,63
201550002,2,3,5
201550003,9,6,15
201550005,11,9,20
201550006,0,4,4
201550011,11,17,28
201550012,0,2,2
201550013,0,1,1
201550017,1,0,1
201579783,6,0,6
201599872,4,1,5
201599873,3,0,3
201610001,14,17,31
201610002,0,3,3
201610003,29,25,54
201610004,1,2,3
201610006,12,10,22
201610007,4,2,6
201610008,3,6,9
201610009,3,2,5
201639746,3,0,3
201639747,3,0,3
201659722,2,0,2
201679736,1,0,1
201679738,4,1,5
201690001,28,50,78
201690004,3,0,3
201690006,0,1,1
201690007,2,2,4
201690008,3,2,5
201690009,12,0,12
201690010,15,24,39
201690011,0,5,5
201719571,4,0,4
201730001,1,1,2
201730002,1,4,5
201730003,0,2,2
201730004,28,96,124
201730006,36,16,52
201730007,1,0,1
201730008,1,0,1
201730009,1,1,2
201730010,8,5,13
201730011,68,110,178
201730014,2,3,5
201730015,1,0,1
201730018,2,0,2
201730019,18,20,38
201730020,6,12,18
201730021,10,20,30
201730022,7,6,13
201730023,3,14,17
201730024,2,0,2
201730028,1,0,1
201730029,0,1,1
201730034,2,0,2
201730035,2,0,2
201730036,4,0,4
201730037,0,1,1
201730038,3,5,8
201730040,1,0,1
201730041,2,0,2
201730042,1,0,1
201730043,3,16,19
201730053,7,1,8
201730055,3,0,3
201730057,1,0,1
201730058,0,1,1
201730059,1,2,3
201730062,0,1,1
201730063,25,51,76
201730064,3,0,3
201730066,0,1,1
201730068,1,0,1
201730069,0,2,2
201730070,5,3,8
201730071,4,10,14
201730072,28,12,40
201730073,37,69,106
201730074,1,9,10
201730075,0,1,1
201730076,20,19,39
201730077,8,11,19
201730078,1,0,1
201730080,2,0,2
201730081,1,5,6
201730082,0,1,1
201730083,4,3,7
201730084,9,3,12
201730085,0,1,1
201730087,11,7,18
201730088,2,0,2
201730090,1,1,2
201730091,0,1,1
201730092,6,11,17
201730093,25,6,31
201730094,8,3,11
201730095,59,24,83
201730096,3,0,3
201730097,1,0,1
201730098,12,8,20
201730099,5,0,5
201730100,19,26,45
201730101,91,105,196
201730102,5,3,8
201730103,3,9,12
201730105,2,1,3
201730106,1,3,4
201759657,5,15,20
201759658,1,2,3
201759660,8,8,16
201770001,4,42,46
201770002,1,2,3
201770003,0,2,2
201770004,1,0,1
201770005,7,4,11
201770006,1,2,3
201770008,1,0,1
201770013,1,0,1
201770015,1,0,1
201770016,6,21,27
201770017,4,14,18
201770018,5,2,7
201770019,7,25,32
201770020,12,5,17
201770021,44,124,168
201770022,6,17,23
201770023,1,0,1
201770024,11,31,42
201770025,5,9,14
201770026,11,27,38
201770027,4,6,10
201770028,4,5,9
201770029,0,1,1
201770030,0,3,3
201770031,2,0,2
201770032,0,1,1
201770033,1,1,2
201770034,0,2,2
201770035,2,1,3
201770036,40,80,120
201770037,0,1,1
201770039,1,0,1
201799527,4,0,4
201819537,7,1,8
201839758,4,2,6
201859706,3,0,3
201859707,1,0,1
201879641,3,0,3
201899652,3,3,6
201919921,1,0,1
201919922,1,1,2
201919923,2,0,2
201919924,5,1,6
201919925,5,1,6
201939531,7,2,9
201959556,1,0,1
201959557,3,0,3
201979831,2,0,2
201979832,0,1,1
202019786,2,1,3
202019787,1,0,1
202039576,1,0,1
202059973,3,3,6
202059974,3,0,3
202079967,2,0,2
202090400,0,2,2
202090402,1,0,1
202090404,2,0,2
202090407,2,0,2
202090408,1,0,1
202090412,2,1,3
202090413,0,1,1
202090415,2,1,3
202090416,1,1,2
202090417,1,1,2
202090418,4,2,6
202090419,1,1,2
202090420,3,1,4
202090421,6,11,17
202090423,2,3,5
202090424,2,0,2
202090425,1,0,1
202090427,4,0,4
202090428,0,1,1
202090430,1,0,1
202090433,13,10,23
202090434,1,0,1
202090436,1,2,3
202090438,2,2,4
202090439,8,5,13
202090441,26,25,51
202090442,1,1,2
202090443,4,2,6
202090444,1,1,2
202090447,4,5,9
202090448,4,1,5
202090449,2,1,3
202090450,5,3,8
202090451,29,36,65
202090452,124,173,297
202090714,0,1,1
210019704,13,7,20
210039802,0,1,1
210039803,4,2,6
210039805,0,1,1
210059501,0,1,1
210059502,6,4,10
210059503,1,3,4
210079501,2,0,2
210079502,1,0,1
210099501,5,3,8
210099504,6,1,7
210099505,12,4,16
210099506,16,16,32
210099507,2,1,3
210099508,0,1,1
210099510,0,1,1
210099704,2,0,2
210119702,5,3,8
210139601,2,0,2
210139602,10,6,16
210139605,0,1,1
210139606,0,4,4
210139607,23,10,33
210139608,2,5,7
210139807,0,1,1
210150636,0,1,1
210150701,10,14,24
210150702,15,7,22
210150703,25,14,39
210150704,9,4,13
210150705,6,4,10
210150706,13,8,21
210170039,0,1,1
210170301,8,5,13
210170302,4,0,4
210170303,2,0,2
210170304,1,0,1
210170305,1,0,1
210170306,0,2,2
210190301,3,2,5
210190302,17,27,44
210190303,9,28,37
210190304,1,1,2
210190305,7,6,13
210190306,4,5,9
210190307,4,10,14
210190308,0,4,4
210190309,0,1,1
210190310,3,7,10
210190311,2,3,5
210190312,3,2,5
210190313,1,1,2
210190401,1,2,3
210219901,5,6,11
210219902,3,8,11
210219903,21,31,52
210219904,3,1,4
210219905,4,5,9
210219906,1,0,1
210239501,1,1,2
210239503,2,0,2
210259801,1,0,1
210259802,0,1,1
210259803,12,5,17
210259807,1,0,1
210279601,2,0,2
210279602,4,3,7
210290201,1,1,2
210290202,3,2,5
210290203,2,1,3
210290205,1,0,1
210290206,1,0,1
210290207,3,0,3
210290211,0,1,1
210290212,1,1,2
210319903,3,0,3
210339802,2,0,2
210339803,7,2,9
210350102,0,1,1
210350104,3,8,11
210350105,17,17,34
210350106,5,3,8
210350107,0,2,2
210350108,1,2,3
210370502,3,1,4
210370503,0,3,3
210370504,0,1,1
210370505,1,0,1
210370511,1,0,1
210370512,1,0,1
210370513,3,18,21
210370519,6,2,8
210370520,6,2,8
210370521,7,2,9
210370522,1,0,1
210370523,22,27,49
210370524,4,6,10
210370525,6,2,8
210370528,5,6,11
210370529,8,1,9
210370530,5,8,13
210370531,2,2,4
210399602,1,0,1
210399603,1,0,1
210419502,2,3,5
210419503,2,0,2
210439602,2,0,2
210439605,3,0,3
210439606,1,1,2
210459503,6,2,8
210459601,0,1,1
210471014,7,8,15
210472001,21,34,55
210472002,1,0,1
210472003,3,2,5
210472005,2,8,10
210472006,4,8,12
210472007,3,1,4
210472009,6,3,9
210472010,1,1,2
210472013,0,1,1
210472014,0,2,2
210490201,16,10,26
210490202,3,5,8
210490205,5,5,10
210490206,5,2,7
210519503,8,7,15
210539702,4,0,4
210559902,6,1,7
210579501,4,0,4
210590002,1,0,1
210590003,5,9,14
210590004,4,4,8
210590005,16,24,40
210590006,2,1,3
210590007,14,28,42
210590008,2,1,3
210590009,8,29,37
210590010,1,0,1
210590011,0,2,2
210590013,1,2,3
210590014,2,8,10
210590015,1,2,3
210590016,7,8,15
210590017,8,15,23
210590018,3,0,3
210619802,3,1,4
210639802,1,1,2
210659802,2,1,3
210659803,2,2,4
210670001,16,24,40
210670002,0,5,5
210670003,0,1,1
210670004,0,1,1
210670005,1,14,15
210670006,18,41,59
210670007,3,5,8
210670008,56,192,248
210670012,4,3,7
210670014,3,0,3
210670016,3,2,5
210670017,6,9,15
210670018,5,11,16
210670019,36,96,132
210670020,0,3,3
210670022,0,1,1
210670023,44,129,173
210670024,31,74,105
210670025,13,21,34
210670026,12,26,38
210670027,31,36,67
210670028,14,41,55
210670029,1,8,9
210670030,11,15,26
210670031,1,2,3
210670032,4,3,7
210670033,1,2,3
210670034,24,40,64
210670035,11,24,35
210670036,9,28,37
210670037,11,20,31
210670038,5,8,13
210670039,55,103,158
210670040,43,118,161
210670041,30,42,72
210670042,59,115,174
210670205,1,2,3
210699801,7,1,8
210699802,2,0,2
210699803,0,1,1
210699804,1,0,1
210719802,25,16,41
210719803,1,0,1
210719805,2,0,2
210719806,8,3,11
210719807,4,2,6
210719809,6,6,12
210730401,0,1,1
210730701,1,0,1
210730702,5,9,14
210730703,0,1,1
210730704,18,23,41
210730705,1,2,3
210730706,0,3,3
210730707,4,4,8
210730708,3,0,3
210730710,4,4,8
210730711,0,2,2
210759801,9,6,15
210759802,1,0,1
210779601,1,1,2
210799701,0,1,1
210799702,6,2,8
210799703,1,0,1
210799704,1,0,1
210819801,2,0,2
210819802,3,0,3
210819803,3,1,4
210830201,8,7,15
210830202,1,2,3
210830203,13,12,25
210830204,1,0,1
210830209,0,2,2
210859501,1,0,1
210859503,6,5,11
210859504,6,0,6
210859506,3,1,4
210879902,6,1,7
210879903,1,1,2
210890307,3,0,3
210890309,0,2,2
210890401,22,25,47
210890402,3,5,8
210890403,2,2,4
210890404,2,3,5
210890405,2,0,2
210890406,3,2,5
210890407,1,0,1
210919902,1,1,2
210930002,4,7,11
210930003,2,3,5
210930004,5,2,7
210930005,0,1,1
210930007,2,0,2
210930008,1,0,1
210930009,7,18,25
210930010,14,14,28
210930011,7,8,15
210930012,23,23,46
210930013,16,16,32
210930014,14,21,35
210930016,1,1,2
210930017,0,1,1
210959701,1,0,1
210959702,2,1,3
210959707,0,1,1
210959708,5,3,8
210959709,15,23,38
210959710,4,0,4
210970404,0,1,1
210979503,0,2,2
210979504,1,0,1
210979505,12,6,18
210999703,6,0,6
210999704,3,1,4
211010201,15,15,30
211010203,0,1,1
211010204,9,11,20
211010205,1,0,1
211010206,4,4,8
211010207,4,13,17
211010208,2,1,3
211030303,3,0,3
211030901,1,0,1
211030902,2,0,2
211030903,2,1,3
211030904,0,1,1
211059701,2,0,2
211059801,1,0,1
211079701,2,4,6
211079702,3,4,7
211079703,29,42,71
211079704,17,9,26
211079705,9,5,14
211079706,2,1,3
211079707,6,7,13
211079708,1,0,1
211079709,1,2,3
211079710,0,1,1
211079711,1,0,1
211079712,1,1,2
211099601,1,2,3
211099603,1,0,1
211110007,1,2,3
211110009,1,0,1
211110011,1,0,1
211110012,1,0,1
211110014,5,1,6
211110015,1,0,1
211110018,2,0,2
211110022,2,0,2
211110024,0,3,3
211110035,1,0,1
211110036,1,0,1
211110037,2,0,2
211110038,0,1,1
211110039,0,1,1
211110044,4,1,5
211110045,19,37,56
211110046,3,0,3
211110049,21,64,85
211110050,1,11,12
211110051,1,3,4
211110052,8,10,18
211110053,13,49,62
211110055,1,1,2
211110056,0,1,1
211110057,2,1,3
211110059,64,275,339
211110062,6,18,24
211110063,2,2,4
211110064,19,25,44
211110065,2,0,2
211110066,2,0,2
211110068,2,0,2
211110069,1,6,7
211110070,5,16,21
211110071,5,0,5
211110074,0,1,1
211110075,60,161,221
211110076,27,60,87
211110077,18,36,54
211110078,8,12,20
211110079,4,7,11
211110081,2,4,6
211110082,21,30,51
211110083,9,46,55
211110084,4,6,10
211110085,8,18,26
211110087,20,47,67
211110088,10,20,30
211110089,6,10,16
211110090,8,0,8
211110091,1,0,1
211110092,1,0,1
211110093,12,19,31
211110094,2,1,3
211110095,3,5,8
211110096,23,28,51
211110097,2,5,7
211110098,6,5,11
211110099,6,10,16
211110100,64,66,130
211110101,24,37,61
211110102,2,2,4
211110103,145,235,380
211110104,49,89,138
211110105,27,55,82
211110106,80,175,255
211110107,60,117,177
211110108,10,9,19
211110109,16,6,22
211110110,12,13,25
211110111,28,26,54
211110112,1,5,6
211110113,4,20,24
211110114,1,0,1
211110115,13,10,23
211110116,15,20,35
211110117,8,5,13
211110118,1,0,1
211110119,7,1,8
211110120,2,0,2
211110121,7,6,13
211110122,16,9,25
211110123,1,3,4
211110124,1,5,6
211110125,13,1,14
211110126,0,3,3
211110127,0,1,1
211110129,3,1,4
211110130,2,8,10
211110131,14,16,30
211110208,0,1,1
211130601,8,8,16
211130602,2,4,6
211130603,2,1,3
211130604,4,4,8
211130605,4,1,5
211130606,6,23,29
211159601,0,1,1
211159603,0,1,1
211159604,21,16,37
211159803,1,0,1
211170601,2,3,5
211170604,7,5,12
211170605,0,1,1
211170609,1,0,1
211170610,5,1,6
211170611,3,1,4
211170613,4,0,4
211170620,2,0,2
211170636,4,2,6
211170637,3,1,4
211170638,0,3,3
211170639,0,2,2
211170640,10,27,37
211170641,8,3,11
211170644,3,0,3
211170645,5,21,26
211170646,10,17,27
211170647,9,14,23
211170648,5,10,15
211170649,4,6,10
211170650,0,1,1
211170651,2,0,2
211170652,8,5,13
211170653,16,6,22
211170654,43,78,121
211170655,20,18,38
211170656,2,3,5
211170657,1,1,2
211170659,1,0,1
211170668,2,1,3
211199602,0,1,1
211199603,6,1,7
211219802,0,1,1
211219901,1,0,1
211219904,1,1,2
211219905,12,5,17
211239601,3,1,4
211259701,2,0,2
211259702,1,1,2
211259703,2,3,5
211259704,3,5,8
211259705,6,9,15
211259706,10,6,16
211259707,7,7,14
211259708,1,1,2
211259709,3,0,3
211259710,2,1,3
211259711,3,3,6
211279901,8,8,16
211299501,4,0,4
211319801,9,2,11
211339502,2,1,3
211339504,15,17,32
211339506,3,0,3
211339908,2,3,5
211359902,5,2,7
211379801,5,3,8
211390401,2,3,5
211390402,1,0,1
211419602,1,0,1
211419603,3,4,7
211419604,5,0,5
211419605,5,2,7
211439601,4,0,4
211439602,1,0,1
211450303,12,35,47
211450304,2,0,2
211450305,1,7,8
211450307,12,28,40
211450308,12,25,37
211450309,11,18,29
211450310,7,7,14
211450311,3,3,6
211450312,1,4,5
211450313,8,15,23
211450314,5,11,16
211450315,2,1,3
211450316,0,1,1
211479603,4,2,6
211499701,1,0,1
211499702,1,0,1
211499703,1,0,1
211510101,2,2,4
211510102,3,0,3
211510103,6,10,16
211510104,4,2,6
211510106,5,5,10
211510107,5,6,11
211510108,1,1,2
211510109,14,9,23
211510110,0,2,2
211510111,0,1,1
211510112,6,3,9
211510113,14,10,24
211510114,1,1,2
211539703,4,0,4
211559702,6,5,11
211559705,1,0,1
211559707,4,3,7
211579501,0,1,1
211579502,1,1,2
211579503,3,1,4
211579504,8,4,12
211579506,2,1,3
211599501,5,0,5
211619503,1,0,1
211619601,1,0,1
211619603,5,8,13
211619604,15,9,24
211639702,1,0,1
211639704,7,4,11
211679601,2,3,5
211679602,6,0,6
211679603,2,0,2
211679604,4,2,6
211679605,0,1,1
211699603,2,0,2
211719902,1,0,1
211719904,6,0,6
211739702,1,0,1
211739801,0,1,1
211739802,5,3,8
211739803,19,7,26
211759504,8,2,10
211779602,3,0,3
211779604,0,1,1
211779605,3,4,7
211779606,8,6,14
211779609,0,1,1
211799901,2,0,2
211799902,0,3,3
211799903,5,4,9
211799904,13,6,19
211799905,1,0,1
211799907,1,0,1
211819601,2,0,2
211819602,2,2,4
211839802,2,0,2
211839803,5,6,11
211839805,3,2,5
211839806,0,1,1
211850103,2,3,5
211850301,0,2,2
211850302,2,2,4
211850303,2,2,4
211850304,2,2,4
211850305,4,6,10
211850306,9,14,23
211850307,8,17,25
211850308,4,19,23
211879702,3,4,7
211899901,1,1,2
211919901,2,1,3
211919903,0,2,2
211939701,3,0,3
211939704,7,3,10
211939705,27,20,47
211939706,14,9,23
211939709,2,0,2
211959901,1,0,1
211959902,12,16,28
211959903,25,36,61
211959904,1,6,7
211959905,7,4,11
211959911,0,1,1
211959912,1,0,1
211959914,15,14,29
211959915,0,1,1
211959917,1,1,2
211959919,2,0,2
211979701,2,1,3
211979702,2,0,2
211999901,1,0,1
211999903,1,0,1
211999904,5,10,15
211999905,24,38,62
211999906,8,8,16
211999907,7,6,13
211999908,2,0,2
211999909,1,2,3
211999911,2,2,4
212019701,0,1,1
212039501,4,1,5
212039502,4,1,5
212039504,1,0,1
212059501,0,3,3
212059502,29,32,61
212059503,2,0,2
212059504,0,2,2
212079601,6,1,7
212079602,1,1,2
212090401,2,5,7
212090402,16,5,21
212090403,1,1,2
212090404,0,1,1
212090405,3,0,3
212090406,5,8,13
212090504,1,0,1
212110401,1,3,4
212110402,1,2,3
212110403,12,4,16
212110404,4,0,4
212110405,7,6,13
212110902,0,1,1
212110903,0,1,1
212139702,1,0,1
212139704,8,3,11
212150801,3,1,4
212150802,1,0,1
212179802,2,0,2
212179803,5,9,14
212179804,2,5,7
212179805,6,0,6
212199501,2,0,2
212199502,0,1,1
212199503,0,1,1
212199504,1,0,1
212219702,1,1,2
212219703,3,1,4
212231001,1,0,1
212231002,4,0,4
212259502,3,0,3
212259503,4,1,5
212270101,16,23,39
212270102,9,19,28
212270103,3,1,4
212270104,1,0,1
212270105,1,1,2
212270106,24,34,58
212270107,7,4,11
212270108,3,15,18
212270109,2,6,8
212270110,0,2,2
212270112,2,1,3
212270113,0,2,2
212270114,17,38,55
212270115,1,8,9
212270116,1,0,1
212270118,0,1,1
212270119,2,3,5
212299801,1,0,1
212299802,3,1,4
212319802,11,3,14
212319803,4,1,5
212339601,0,1,1
212339604,2,1,3
212359801,6,4,10
212359802,12,14,26
212359803,7,5,12
212359804,6,9,15
212359805,5,0,5
212359806,6,0,6
212359904,1,5,6
212379901,0,1,1
212379902,1,0,1
212390501,22,13,35
212390502,2,6,8
212390503,1,2,3
212390504,4,0,4
212390710,1,0,1
220019601,7,0,7
220019603,1,0,1
220019604,1,0,1
220019605,1,0,1
220019606,6,0,6
220019607,2,2,4
220019608,15,12,27
220019609,4,3,7
220019610,1,0,1
220019611,0,1,1
220039501,2,0,2
220039502,2,1,3
220039503,7,5,12
220039505,3,1,4
220050301,2,1,3
220050302,12,6,18
220050303,1,1,2
220050304,9,2,11
220050305,0,3,3
220050306,5,3,8
220050309,1,0,1
220050310,4,0,4
220070501,0,1,1
220070502,1,0,1
220070503,3,0,3
220070504,3,1,4
220070506,1,0,1
220090301,1,0,1
220090304,11,6,17
220090305,1,0,1
220090306,4,0,4
220090307,1,0,1
220090308,2,1,3
220090309,0,1,1
220119603,5,0,5
220119604,12,2,14
220119605,6,3,9
220139602,2,1,3
220139703,1,0,1
220150105,5,8,13
220150106,8,11,19
220150107,1,2,3
220150108,7,8,15
220150109,6,5,11
220150110,5,3,8
220150111,53,60,113
220150252,3,11,14
220170104,1,2,3
220170201,1,8,9
220170202,4,6,10
220170210,26,85,111
220170211,2,8,10
220170212,13,29,42
220170213,4,17,21
220170214,2,4,6
220170215,5,9,14
220170216,16,26,42
220170217,101,137,238
220170218,54,120,174
220170219,2,6,8
220170220,1,0,1
220170221,5,0,5
220170222,2,7,9
220170226,14,38,52
220170227,3,5,8
220170228,12,7,19
220170229,12,17,29
220170230,9,14,23
220170231,9,19,28
220170235,1,0,1
220170237,0,1,1
220170238,15,40,55
220170239,83,108,191
220170240,34,70,104
220170241,38,22,60
220170242,4,6,10
220170243,5,5,10
220170244,10,23,33
220170245,5,5,10
220170246,4,2,6
220170247,0,1,1
220170248,0,1,1
220170249,1,0,1
220170250,2,2,4
220170252,0,5,5
220190001,1,9,10
220190004,2,1,3
220190005,23,47,70
220190007,7,21,28
220190008,2,2,4
220190009,31,45,76
220190010,7,6,13
220190011,6,3,9
220190012,1,2,3
220190013,4,6,10
220190014,1,0,1
220190015,0,1,1
220190016,1,1,2
220190018,4,3,7
220190019,44,46,90
220190020,0,2,2
220190021,0,1,1
220190022,5,3,8
220190023,0,1,1
220190024,7,0,7
220190026,1,0,1
220190027,1,0,1
220190029,0,1,1
220190030,10,5,15
220190031,6,4,10
220190033,1,0,1
220190034,1,0,1
220190035,1,0,1
220219902,7,4,11
220230013,1,0,1
220239701,1,1,2
220259801,2,0,2
220259802,4,0,4
220279501,1,0,1
220279503,2,1,3
220279504,10,3,13
220299802,0,1,1
220299902,8,3,11
220299904,6,1,7
220319501,0,2,2
220319502,1,0,1
220319504,2,0,2
220319505,2,3,5
220319506,1,0,1
220330003,1,0,1
220330004,1,0,1
220330006,1,0,1
220330007,1,0,1
220330008,0,1,1
220330009,2,0,2
220330010,10,8,18
220330011,3,0,3
220330012,0,9,9
220330014,2,0,2
220330015,2,0,2
220330016,1,1,2
220330017,28,29,57
220330018,0,8,8
220330019,12,8,20
220330020,71,58,129
220330023,3,6,9
220330024,0,1,1
220330025,1,3,4
220330026,43,39,82
220330027,1,5,6
220330028,2,3,5
220330030,1,0,1
220330031,0,1,1
220330032,2,1,3
220330033,2,0,2
220330034,35,26,61
220330035,8,1,9
220330036,3,1,4
220330037,33,25,58
220330038,94,289,383
220330039,32,32,64
220330040,69,128,197
220330042,8,2,10
220330043,2,2,4
220330044,1,7,8
220330045,33,45,78
220330046,19,13,32
220330047,0,1,1
220330048,3,5,8
220330049,17,26,43
220330050,6,7,13
220359901,5,2,7
220370046,1,0,1
220379513,1,1,2
220379514,8,11,19
220379515,2,1,3
220379516,4,1,5
220399504,13,5,18
220399505,4,5,9
220399506,2,1,3
220399507,10,7,17
220399508,1,1,2
220399603,1,0,1
220419503,5,3,8
220430103,1,0,1
220430201,1,0,1
220430203,0,1,1
220430204,2,0,2
220450301,5,2,7
220450302,2,3,5
220450305,0,1,1
220450306,20,23,43
220450307,5,2,7
220450310,1,6,7
220450311,7,2,9
220450312,6,4,10
220450313,3,5,8
220479525,1,1,2
220479526,1,0,1
220479527,2,0,2
220479529,1,0,1
220479530,3,5,8
220479531,11,5,16
220499702,0,1,1
220499704,1,0,1
220499705,2,0,2
220510201,14,19,33
220510202,44,89,133
220510203,26,78,104
220510204,5,9,14
220510205,56,100,156
220510206,0,1,1
220510207,1,0,1
220510211,1,0,1
220510212,2,5,7
220510213,2,5,7
220510214,2,4,6
220510215,2,4,6
220510216,8,10,18
220510217,8,5,13
220510218,106,172,278
220510219,0,3,3
220510220,12,29,41
220510221,21,20,41
220510222,5,6,11
220510223,12,24,36
220510224,6,32,38
220510225,8,18,26
220510226,9,36,45
220510227,14,16,30
220510228,4,5,9
220510229,0,2,2
220510230,9,10,19
220510231,0,3,3
220510232,1,3,4
220510234,2,1,3
220510235,0,1,1
220510236,1,0,1
220510237,1,0,1
220510238,5,7,12
220510239,30,35,65
220510240,8,11,19
220510241,7,11,18
220510242,33,82,115
220510243,2,1,3
220510244,6,10,16
220510245,0,1,1
220510247,7,15,22
220510248,16,47,63
220510249,118,305,423
220510250,6,8,14
220510251,29,45,74
220510252,5,6,11
220510253,4,5,9
220510256,6,2,8
220510257,1,0,1
220510259,1,2,3
220510260,1,1,2
220510263,2,0,2
220510265,14,57,71
220510266,5,1,6
220510267,3,1,4
220510270,2,1,3
220510272,2,1,3
220510274,1,1,2
220510275,0,1,1
220510276,2,0,2
220510277,1,14,15
220510278,56,25,81
220510279,0,3,3
220539801,1,1,2
220539803,2,2,4
220539804,2,1,3
220539805,15,4,19
220539807,1,1,2
220550001,5,6,11
220550002,1,0,1
220550003,24,93,117
220550005,12,42,54
220550006,50,29,79
220550008,0,1,1
220550010,6,0,6
220550011,3,0,3
220550012,3,1,4
220550013,4,2,6
220550014,87,104,191
220550015,14,38,52
220550016,4,8,12
220550017,8,6,14
220550018,2,0,2
220550019,13,21,34
220550020,2,1,3
220550021,9,1,10
220570201,4,2,6
220570202,20,32,52
220570203,0,1,1
220570204,8,3,11
220570205,2,0,2
220570206,1,1,2
220570207,6,8,14
220570208,2,0,2
220570209,1,0,1
220570210,0,5,5
220570211,1,0,1
220570212,4,3,7
220570213,1,1,2
220570214,3,1,4
220570215,5,0,5
220570216,11,4,15
220570217,2,0,2
220570218,0,2,2
220599601,2,0,2
220599701,1,1,2
220599702,4,3,7
220599703,1,1,2
220619601,2,4,6
220619602,1,0,1
220619603,0,1,1
220619604,2,9,11
220619605,6,6,12
220619606,1,0,1
220619607,1,0,1
220619608,11,14,25
220619609,3,3,6
220619610,1,3,4
220630401,1,0,1
220630403,1,1,2
220630404,1,0,1
220630405,1,0,1
220630406,5,1,6
220630407,3,1,4
220630408,3,2,5
220630409,0,1,1
220659603,0,1,1
220659604,3,0,3
220659605,1,0,1
220679501,6,1,7
220679502,1,4,5
220679505,3,5,8
220679508,10,6,16
220699902,0,1,1
220699903,0,1,1
220699904,5,1,6
220699905,15,11,26
220699906,3,3,6
220699907,3,0,3
220710001,4,4,8
220710004,1,0,1
220710006,82,105,187
220710007,1,0,1
220710011,2,2,4
220710012,0,3,3
220710013,2,1,3
220710014,0,1,1
220710017,85,129,214
220710018,3,8,11
220710024,3,1,4
220710025,7,11,18
220710026,2,5,7
220710029,1,0,1
220710030,0,2,2
220710031,1,1,2
220710033,34,26,60
220710034,1,0,1
220710036,0,1,1
220710037,7,14,21
220710038,3,15,18
220710040,1,2,3
220710041,9,7,16
220710042,5,15,20
220710045,2,2,4
220710046,10,12,22
220710047,2,3,5
220710048,1,0,1
220710049,5,11,16
220710050,15,31,46
220710054,1,3,4
220710055,3,4,7
220710056,29,47,76
220710057,4,15,19
220710058,14,47,61
220710059,128,440,568
220710060,14,57,71
220710063,4,5,9
220710064,3,5,8
220710065,1,6,7
220710067,1,0,1
220710071,2,1,3
220710072,4,6,10
220710076,26,51,77
220710077,18,31,49
220710078,10,10,20
220710079,3,14,17
220710082,4,11,15
220710083,3,8,11
220710084,8,11,19
220710088,0,5,5
220710089,0,3,3
220710090,12,33,45
220710091,3,12,15
220710093,2,0,2
220710096,2,3,5
220710097,1,1,2
220710099,40,134,174
220710100,8,16,24
220710101,16,25,41
220710102,6,26,32
220710103,1,0,1
220710104,4,35,39
220710105,2,2,4
220710106,2,4,6
220710107,11,14,25
220710108,3,20,23
220710109,14,22,36
220710111,27,43,70
220710112,5,12,17
220710114,11,18,29
220710115,6,18,24
220710116,9,21,30
220710117,32,59,91
220710119,15,9,24
220710120,11,37,48
220710121,12,38,50
220710122,17,24,41
220710123,4,7,11
220710124,3,6,9
220710125,11,22,33
220710126,9,18,27
220710127,6,16,22
220710128,10,19,29
220710129,2,4,6
220710130,2,1,3
220710132,2,5,7
220710133,35,71,106
220730001,21,30,51
220730002,9,28,37
220730003,6,9,15
220730004,8,3,11
220730005,1,0,1
220730008,27,45,72
220730009,1,0,1
220730014,0,7,7
220730016,11,7,18
220730017,12,22,34
220730051,0,2,2
220730052,4,5,9
220730053,11,17,28
220730054,0,4,4
220730055,18,14,32
220730056,3,6,9
220730058,1,0,1
220730101,6,1,7
220730102,28,17,45
220730103,11,32,43
220730104,2,4,6
220730105,4,3,7
220730106,2,1,3
220739503,1,1,2
220750502,3,11,14
220750503,0,2,2
220750504,1,0,1
220750505,0,1,1
220750506,1,0,1
220750507,1,0,1
220779521,3,0,3
220779522,0,1,1
220779523,10,0,10
220779524,1,1,2
220790101,3,3,6
220790102,3,0,3
220790103,3,1,4
220790104,1,3,4
220790105,1,0,1
220790106,2,0,2
220790107,0,4,4
220790108,0,2,2
220790109,1,7,8
220790111,34,44,78
220790113,2,0,2
220790115,14,19,33
220790116,2,4,6
220790121,4,5,9
220790122,9,11,20
220790123,23,59,82
220790124,13,37,50
220790125,4,3,7
220790126,25,45,70
220790128,3,0,3
220790130,0,1,1
220790131,1,1,2
220790132,1,2,3
220790133,2,1,3
220790134,0,1,1
220790135,0,1,1
220799508,0,1,1
220810240,0,1,1
220819603,4,1,5
220839701,6,0,6
220839702,1,0,1
220839703,1,0,1
220839704,0,1,1
220839705,5,3,8
220839706,2,1,3
220859801,1,0,1
220859802,0,1,1
220859803,1,0,1
220859804,0,1,1
220859805,7,0,7
220859806,2,3,5
220870301,1,0,1
220870302,5,7,12
220870303,0,3,3
220870304,2,3,5
220870305,2,1,3
220870306,7,13,20
220870307,1,1,2
220870308,9,12,21
220890621,0,1,1
220890623,6,8,14
220890624,0,1,1
220890625,2,0,2
220890627,1,0,1
220890629,2,0,2
220890631,7,10,17
220919511,5,0,5
220919532,0,1,1
220919538,3,0,3
220930401,2,2,4
220930402,7,0,7
220930406,2,1,3
220930407,1,0,1
220950406,0,1,1
220950701,0,1,1
220950702,2,1,3
220950703,8,6,14
220950704,1,2,3
220950705,1,0,1
220950707,1,1,2
220950709,8,7,15
220950710,4,3,7
220979601,0,1,1
220979602,6,3,9
220979603,0,1,1
220979605,0,1,1
220979606,1,1,2
220979607,1,0,1
220979608,3,1,4
220979609,10,10,20
220979610,3,2,5
220979611,1,2,3
220979612,1,0,1
220979613,3,0,3
220979614,28,29,57
220979615,7,1,8
220979616,1,5,6
220979617,5,8,13
220979618,2,2,4
220990201,0,1,1
220990202,1,2,3
220990203,0,1,1
220990204,1,1,2
220990205,4,4,8
220990206,2,1,3
220990207,2,0,2
220990208,2,0,2
220990209,0,5,5
221010210,1,0,1
221010301,1,0,1
221010402,9,7,16
221010403,6,5,11
221010405,2,1,3
221010406,1,0,1
221010410,0,1,1
221010413,1,0,1
221010414,4,3,7
221010415,6,4,10
221010416,6,1,7
221030401,7,11,18
221030402,6,3,9
221030403,34,70,104
221030404,20,20,40
221030405,3,16,19
221030406,25,55,80
221030407,49,77,126
221030408,7,16,23
221030409,4,8,12
221030410,13,29,42
221030411,10,13,23
221030412,30,51,81
221030413,12,23,35
221059532,2,0,2
221059534,4,0,4
221059536,4,2,6
221059537,0,2,2
221059538,0,2,2
221059539,3,0,3
221059540,5,6,11
221059541,8,1,9
221059542,5,11,16
221059543,4,3,7
221059544,3,1,4
221059545,22,14,36
221059546,1,2,3
221059547,2,2,4
221059548,2,1,3
221079801,2,1,3
221090001,0,2,2
221090002,2,1,3
221090003,1,4,5
221090004,2,3,5
221090005,1,2,3
221090006,1,0,1
221090007,1,0,1
221090008,1,0,1
221090009,32,56,88
221090010,1,1,2
221090011,1,0,1
221090013,7,11,18
221090015,5,10,15
221090017,11,16,27
221119601,1,1,2
221119603,3,1,4
221119604,5,2,7
221119606,1,0,1
221139501,1,2,3
221139502,1,0,1
221139504,7,1,8
221139507,2,7,9
221139508,1,0,1
221139509,7,7,14
221139510,3,1,4
221159501,3,5,8
221159502,0,1,1
221159503,0,1,1
221159504,0,2,2
221159505,14,6,20
221159506,2,1,3
221159507,14,11,25
221159508,0,2,2
221159509,3,1,4
221179501,1,2,3
221179502,6,1,7
221179503,2,0,2
221179504,0,1,1
221179505,1,1,2
221179506,0,1,1
221179507,12,10,22
221179508,3,5,8
221179509,1,2,3
221179510,1,0,1
221190312,0,1,1
221190313,7,3,10
221190315,0,1,1
221190316,2,1,3
221190317,2,1,3
221190318,3,1,4
221190319,6,3,9
221190320,2,5,7
221190321,3,0,3
221210201,4,0,4
221210204,1,0,1
221239801,2,1,3
221239802,4,0,4
221259517,10,4,14
221279601,1,0,1
221279602,1,0,1
221279603,4,6,10
230010101,6,17,23
230010102,8,13,21
230010103,5,2,7
230010104,2,3,5
230010105,1,1,2
230010106,2,3,5
230010107,3,3,6
230010108,11,15,26
230010201,9,25,34
230010202,27,30,57
230010203,14,21,35
230010204,0,1,1
230010205,0,5,5
230010206,1,2,3
230010207,8,4,12
230010208,0,3,3
230010209,3,5,8
230010301,3,0,3
230010302,0,1,1
230010400,2,1,3
230010410,4,3,7
230010415,1,1,2
230010420,4,3,7
230010430,1,1,2
230010440,4,0,4
230010450,4,1,5
230010460,1,2,3
230010465,1,0,1
230039501,1,2,3
230039502,2,3,5
230039503,3,3,6
230039504,0,2,2
230039506,6,9,15
230039507,1,2,3
230039509,0,1,1
230039511,1,0,1
230039512,7,11,18
230039513,6,8,14
230039514,5,1,6
230039516,0,1,1
230039517,8,6,14
230039518,9,9,18
230039519,6,11,17
230039520,1,4,5
230039521,1,0,1
230039524,3,5,8
230039525,7,5,12
230039527,1,0,1
230039528,1,0,1
230050001,3,4,7
230050002,1,7,8
230050003,0,4,4
230050004,6,22,28
230050005,6,1,7
230050009,9,12,21
230050010,2,3,5
230050011,9,23,32
230050012,0,1,1
230050013,12,58,70
230050014,94,163,257
230050015,8,15,23
230050016,10,53,63
230050017,9,21,30
230050018,5,6,11
230050019,10,7,17
230050020,12,13,25
230050021,17,15,32
230050022,2,2,4
230050023,12,4,16
230050024,1,4,5
230050025,36,84,120
230050026,3,1,4
230050027,7,3,10
230050028,5,2,7
230050029,3,1,4
230050030,26,25,51
230050031,2,2,4
230050032,3,5,8
230050033,2,4,6
230050034,5,4,9
230050035,2,2,4
230050036,2,5,7
230050037,35,73,108
230050038,14,18,32
230050039,12,30,42
230050040,10,5,15
230050041,2,1,3
230050042,8,24,32
230050044,30,46,76
230050045,15,20,35
230050046,6,2,8
230050047,3,5,8
230050048,10,2,12
230050100,14,5,19
230050111,5,3,8
230050112,42,49,91
230050113,4,5,9
230050115,9,5,14
230050120,3,2,5
230050130,2,1,3
230050140,1,1,2
230050150,5,2,7
230050160,11,6,17
230050170,3,2,5
230079903,0,1,1
230079904,4,4,8
230079905,2,1,3
230079907,0,1,1
230079908,1,0,1
230079910,0,2,2
230079912,17,16,33
230079913,10,3,13
230079914,1,0,1
230090090,0,2,2
230099653,5,3,8
230099655,18,17,35
230099656,1,8,9
230099657,0,1,1
230099658,3,4,7
230099659,8,12,20
230099660,6,5,11
230099661,4,2,6
230099662,0,2,2
230099663,13,14,27
230099664,4,7,11
230099665,1,5,6
230099666,6,3,9
230110101,1,0,1
230110102,15,20,35
230110103,7,5,12
230110104,5,14,19
230110105,56,40,96
230110106,0,1,1
230110107,4,4,8
230110108,9,11,20
230110109,2,0,2
230110110,3,2,5
230110120,0,1,1
230110130,0,1,1
230110140,8,7,15
230110145,3,5,8
230110150,2,6,8
230110155,2,2,4
230110160,4,1,5
230110170,1,1,2
230110180,2,3,5
230110190,0,2,2
230110200,7,2,9
230110205,4,0,4
230110210,0,1,1
230110230,5,4,9
230110241,24,30,54
230110242,24,37,61
230110250,8,12,20
230119868,7,6,13
230139701,3,1,4
230139702,13,20,33
230139703,6,5,11
230139704,4,3,7
230139705,22,37,59
230139706,1,0,1
230139707,9,5,14
230139708,1,3,4
230139709,2,6,8
230139710,1,0,1
230159751,4,3,7
230159752,6,4,10
230159753,17,9,26
230159754,7,7,14
230159755,6,3,9
230159756,4,11,15
230159757,0,1,1
230159758,3,5,8
230159759,6,5,11
230159760,0,2,2
230159761,0,1,1
230179953,0,1,1
230179955,3,0,3
230179956,7,4,11
230179957,1,0,1
230179958,1,0,1
230179959,4,1,5
230179961,1,1,2
230179962,2,4,6
230179963,1,0,1
230179964,0,5,5
230179965,17,16,33
230179966,0,2,2
230179967,6,3,9
230179968,3,1,4
230179969,1,0,1
230190001,1,4,5
230190002,25,67,92
230190003,12,46,58
230190004,11,16,27
230190005,2,7,9
230190006,1,1,2
230190007,1,3,4
230190008,1,0,1
230190009,37,11,48
230190010,1,0,1
230190011,27,25,52
230190020,11,24,35
230190030,1,5,6
230190041,2,0,2
230190042,3,1,4
230190043,2,9,11
230190050,3,5,8
230190061,4,6,10
230190062,11,8,19
230190063,5,4,9
230190071,1,2,3
230190080,0,1,1
230190090,2,9,11
230190100,1,0,1
230190110,5,0,5
230190120,0,1,1
230190125,0,1,1
230190130,2,1,3
230190150,2,1,3
230190170,2,0,2
230190200,1,2,3
230190270,7,4,11
230190280,1,1,2
230190290,0,1,1
230190300,6,5,11
230190310,1,0,1
230199528,1,0,1
230199652,1,1,2
230219601,1,1,2
230219603,2,0,2
230219605,2,1,3
230219607,8,6,14
230219608,1,1,2
230239801,3,2,5
230239802,2,3,5
230239803,3,8,11
230239804,8,1,9
230239805,18,16,34
230239806,3,1,4
230239807,0,3,3
230259853,1,1,2
230259854,0,1,1
230259857,1,0,1
230259858,1,0,1
230259859,1,0,1
230259860,4,4,8
230259863,3,0,3
230259865,0,1,1
230259866,6,11,17
230259867,17,8,25
230259868,0,1,1
230259869,4,0,4
230270020,0,1,1
230270410,5,8,13
230270420,2,6,8
230270430,14,26,40
230270440,4,5,9
230270450,1,0,1
230270460,2,1,3
230270470,4,1,5
230299552,1,1,2
230299553,1,1,2
230299555,11,7,18
230299556,0,1,1
230299557,2,1,3
230299558,2,2,4
230299560,0,1,1
230299561,2,0,2
230299562,8,11,19
230299563,1,3,4
230299564,2,0,2
230299565,1,1,2
230310051,3,2,5
230310052,5,3,8
230310053,2,3,5
230310054,3,2,5
230310061,5,8,13
230310200,2,1,3
230310225,1,0,1
230310230,1,1,2
230310235,3,0,3
230310240,1,2,3
230310245,0,1,1
230310251,14,15,29
230310252,7,14,21
230310253,1,2,3
230310254,11,17,28
230310260,2,12,14
230310270,9,11,20
230310280,26,15,41
230310290,1,0,1
230310301,2,2,4
230310302,16,12,28
230310303,1,0,1
230310310,0,1,1
230310320,0,1,1
230310330,2,1,3
230310340,5,12,17
230310350,2,2,4
230310360,25,46,71
230310370,4,4,8
230310380,10,8,18
240010001,0,2,2
240010002,1,2,3
240010003,3,1,4
240010004,0,4,4
240010005,2,10,12
240010006,12,22,34
240010007,5,0,5
240010009,0,2,2
240010011,2,9,11
240010012,28,60,88
240010014,10,5,15
240010016,3,0,3
240010017,5,3,8
240010018,1,0,1
240010019,0,1,1
240010020,1,5,6
240010021,2,0,2
240010022,3,0,3
240037011,10,12,22
240037012,5,6,11
240037013,7,6,13
240037014,7,12,19
240037021,8,13,21
240037022,37,40,77
240037023,13,10,23
240037024,20,36,56
240037025,10,10,20
240037026,21,44,65
240037027,44,69,113
240037061,6,22,28
240037063,7,10,17
240037064,6,10,16
240037065,8,7,15
240037066,17,33,50
240037067,0,5,5
240037070,8,4,12
240037080,1,4,5
240037301,6,3,9
240037302,2,2,4
240037303,3,1,4
240037304,20,20,40
240037305,13,36,49
240037306,40,72,112
240037307,13,25,38
240037308,6,16,22
240037309,7,20,27
240037310,6,10,16
240037311,21,32,53
240037312,21,26,47
240037313,15,26,41
240037401,4,5,9
240037402,7,22,29
240037403,7,7,14
240037405,21,32,53
240037406,3,9,12
240037407,2,3,5
240037408,1,0,1
240037409,4,4,8
240037410,2,1,3
240037501,6,1,7
240037502,4,6,10
240037504,2,2,4
240037505,7,1,8
240037506,2,0,2
240037508,22,6,28
240037509,5,7,12
240037511,5,6,11
240052605,0,1,1
240052720,1,0,1
240052803,1,1,2
240052804,1,0,1
240054001,22,22,44
240054002,2,1,3
240054004,20,23,43
240054005,10,11,21
240054006,4,1,5
240054007,17,9,26
240054008,1,2,3
240054009,3,4,7
240054010,12,24,36
240054011,8,11,19
240054012,1,5,6
240054013,3,3,6
240054014,5,5,10
240054015,58,48,106
240054022,8,7,15
240054023,12,15,27
240054024,4,9,13
240054025,46,71,117
240054026,25,19,44
240054031,1,2,3
240054032,3,3,6
240054033,8,15,23
240054034,29,77,106
240054035,23,41,64
240054036,84,159,243
240054037,73,142,215
240054038,59,153,212
240054041,21,22,43
240054042,8,15,23
240054044,23,41,64
240054045,6,4,10
240054046,2,8,10
240054048,1,7,8
240054049,26,53,79
240054050,5,7,12
240054060,2,2,4
240054070,8,8,16
240054081,24,33,57
240054082,7,23,30
240054083,65,132,197
240054084,3,3,6
240054085,66,114,180
240054086,12,25,37
240054087,85,159,244
240054088,7,18,25
240054089,12,19,31
240054101,23,45,68
240054102,10,21,31
240054111,6,6,12
240054112,20,38,58
240054113,30,35,65
240054114,36,34,70
240054201,1,1,2
240054202,1,1,2
240054204,0,3,3
240054205,1,1,2
240054207,9,12,21
240054208,1,0,1
240054209,2,1,3
240054210,5,0,5
240054211,1,1,2
240054212,0,1,1
240054213,1,1,2
240054301,3,1,4
240054302,1,1,2
240054303,2,0,2
240054304,2,5,7
240054305,1,1,2
240054306,1,4,5
240054307,6,6,12
240054308,2,0,2
240054309,4,3,7
240054401,4,2,6
240054402,3,1,4
240054403,4,1,5
240054404,1,0,1
240054405,1,1,2
240054406,9,2,11
240054407,51,83,134
240054408,1,2,3
240054409,5,5,10
240054411,8,1,9
240054501,2,0,2
240054502,2,0,2
240054503,3,2,5
240054504,3,4,7
240054505,3,3,6
240054508,1,1,2
240054509,1,3,4
240054512,2,4,6
240054513,1,0,1
240054514,2,2,4
240054515,0,1,1
240054516,1,1,2
240054517,1,0,1
240054518,4,2,6
240054519,9,3,12
240054520,0,1,1
240054524,8,5,13
240054901,36,71,107
240054902,25,24,49
240054903,43,78,121
240054904,11,32,43
240054905,24,74,98
240054906,117,188,305
240054907,35,95,130
240054908,15,16,31
240054909,25,31,56
240054910,15,19,34
240054911,5,11,16
240054912,5,13,18
240054913,20,26,46
240054914,2,2,4
240054915,0,1,1
240054916,0,1,1
240054917,17,7,24
240054919,2,4,6
240054920,2,3,5
240054921,12,4,16
240054922,5,1,6
240056030,1,0,1
240098601,4,3,7
240098602,3,6,9
240098603,0,2,2
240098604,4,1,5
240098605,5,3,8
240098606,11,2,13
240098607,17,32,49
240098608,0,5,5
240098609,1,3,4
240098610,5,7,12
240119551,1,0,1
240119552,3,4,7
240119553,3,1,4
240119555,2,0,2
240119556,2,1,3
240134050,0,1,1
240134060,0,1,1
240135010,2,2,4
240135020,2,0,2
240135041,4,1,5
240135042,6,13,19
240135051,8,3,11
240135052,13,19,32
240135061,6,2,8
240135062,0,2,2
240135075,4,4,8
240135076,10,4,14
240135077,3,4,7
240135078,29,31,60
240135081,3,0,3
240135082,3,4,7
240135090,2,3,5
240135100,0,1,1
240135110,0,1,1
240135120,2,0,2
240135130,2,1,3
240135141,3,0,3
240135142,1,3,4
240136030,2,0,2
240136040,1,0,1
240137516,0,2,2
240137520,0,1,1
240150301,5,3,8
240150302,3,3,6
240150304,16,14,30
240150305,13,9,22
240150306,4,4,8
240150307,4,1,5
240150309,5,10,15
240150312,1,16,17
240150313,4,5,9
240178501,2,1,3
240178502,3,1,4
240178504,0,1,1
240178506,2,1,3
240178507,28,28,56
240178508,1,7,8
240178509,24,18,42
240178510,14,14,28
240178511,2,1,3
240178512,0,4,4
240178513,1,1,2
240178514,1,3,4
240199702,3,0,3
240199703,2,5,7
240199704,11,10,21
240199705,4,8,12
240199707,6,6,12
240199708,2,2,4
240199709,2,0,2
240215130,1,0,1
240216040,1,0,1
240217501,0,1,1
240217502,2,1,3
240217504,1,0,1
240217505,6,8,14
240217506,6,23,29
240217507,33,38,71
240217508,15,39,54
240217510,4,9,13
240217511,1,0,1
240217512,12,26,38
240217513,6,9,15
240217514,6,8,14
240217515,2,1,3
240217516,1,0,1
240217517,3,3,6
240217518,1,6,7
240217519,8,14,22
240217520,2,7,9
240217521,0,6,6
240217522,2,2,4
240217523,3,8,11
240217524,5,1,6
240217525,3,3,6
240217526,11,5,16
240217527,1,1,2
240217528,1,4,5
240217529,0,2,2
240217530,4,1,5
240217531,0,1,1
240217532,3,0,3
240230001,1,0,1
240230002,0,2,2
240230004,1,0,1
240230005,2,2,4
240230006,7,9,16
240230007,3,3,6
240253011,19,19,38
240253012,11,7,18
240253013,7,4,11
240253014,5,7,12
240253015,1,1,2
240253016,2,0,2
240253017,7,6,13
240253021,4,3,7
240253022,0,3,3
240253025,2,2,4
240253028,4,2,6
240253029,4,0,4
240253031,9,8,17
240253032,6,13,19
240253033,6,7,13
240253034,15,22,37
240253035,9,16,25
240253036,20,18,38
240253037,2,1,3
240253038,15,11,26
240253039,1,1,2
240253041,3,3,6
240253042,15,17,32
240253051,1,2,3
240253053,2,0,2
240253061,9,7,16
240253062,11,17,28
240253063,2,0,2
240253064,9,7,16
240274022,0,1,1
240274307,1,0,1
240276011,33,51,84
240276012,10,13,23
240276021,20,26,46
240276022,30,31,61
240276023,107,173,280
240276026,5,7,12
240276027,2,4,6
240276028,13,16,29
240276029,16,22,38
240276030,29,46,75
240276040,12,22,34
240276051,52,85,137
240276054,39,65,104
240276055,78,137,215
240276056,46,71,117
240276066,72,77,149
240276067,36,36,72
240276068,40,64,104
240276069,15,22,37
240277401,0,1,1
240298101,0,1,1
240298103,1,1,2
240299501,1,2,3
240299502,2,14,16
240299503,18,21,39
240299504,7,7,14
240299505,0,1,1
240317001,32,45,77
240317002,11,7,18
240317003,24,46,70
240317004,3,3,6
240317005,4,3,7
240317006,103,213,316
240317007,75,97,172
240317008,106,219,325
240317009,27,84,111
240317010,87,188,275
240317011,8,14,22
240317012,327,641,968
240317013,120,222,342
240317014,128,193,321
240317015,109,167,276
240317016,6,7,13
240317017,14,37,51
240317018,4,7,11
240317019,1,3,4
240317020,4,5,9
240317021,15,22,37
240317022,9,13,22
240317023,10,13,23
240317024,12,17,29
240317025,31,23,54
240317026,33,52,85
240317027,12,32,44
240317028,30,38,68
240317029,32,65,97
240317030,4,6,10
240317031,7,6,13
240317032,160,276,436
240317033,8,7,15
240317034,8,11,19
240317035,17,36,53
240317036,9,26,35
240317037,11,6,17
240317038,4,18,22
240317039,54,82,136
240317040,5,17,22
240317041,17,63,80
240317042,6,17,23
240317043,10,32,42
240317044,150,538,688
240317045,46,125,171
240317046,29,54,83
240317047,11,59,70
240317048,53,130,183
240317050,118,290,408
240317051,22,65,87
240317052,6,49,55
240317053,8,26,34
240317054,8,42,50
240317055,67,135,202
240317056,25,100,125
240317057,45,62,107
240317058,16,49,65
240317059,56,173,229
240317060,201,544,745
240318002,1,1,2
240318052,3,0,3
240318053,2,2,4
240318054,5,6,11
240318055,2,1,3
240337017,1,3,4
240338001,32,34,66
240338002,51,48,99
240338004,67,72,139
240338005,73,60,133
240338006,17,15,32
240338007,12,23,35
240338008,1,0,1
240338009,1,0,1
240338010,2,9,11
240338011,21,20,41
240338012,32,66,98
240338013,40,49,89
240338014,15,31,46
240338017,4,4,8
240338018,7,7,14
240338019,24,12,36
240338020,1,0,1
240338021,2,4,6
240338022,0,2,2
240338023,4,0,4
240338024,3,1,4
240338025,1,0,1
240338027,3,0,3
240338028,2,0,2
240338029,2,1,3
240338030,1,1,2
240338031,1,0,1
240338032,2,0,2
240338034,5,7,12
240338035,58,65,123
240338036,33,15,48
240338038,0,1,1
240338039,0,1,1
240338040,5,2,7
240338041,11,10,21
240338042,57,20,77
240338043,2,0,2
240338044,3,1,4
240338046,1,2,3
240338047,2,1,3
240338048,3,0,3
240338049,4,3,7
240338050,3,3,6
240338051,2,3,5
240338052,1,1,2
240338053,0,1,1
240338055,3,1,4
240338056,1,0,1
240338057,4,2,6
240338058,1,1,2
240338059,22,16,38
240338060,1,2,3
240338061,1,1,2
240338062,5,2,7
240338063,3,1,4
240338064,10,12,22
240338065,11,19,30
240338066,2,4,6
240338067,78,114,192
240338068,3,3,6
240338069,2,2,4
240338070,4,8,12
240338071,6,5,11
240338072,1,2,3
240338073,18,12,30
240338074,19,26,45
240358104,2,4,6
240358106,2,7,9
240358107,3,3,6
240358108,3,1,4
240358109,1,5,6
240358110,2,4,6
240378513,2,1,3
240379951,3,0,3
240379952,6,2,8
240379953,2,0,2
240379954,19,31,50
240379955,2,3,5
240379956,4,5,9
240379957,7,3,10
240379958,2,1,3
240379959,5,4,9
240379960,6,7,13
240379961,1,1,2
240379962,0,1,1
240399801,2,4,6
240399802,1,0,1
240399803,3,2,5
240399805,2,4,6
240399806,4,0,4
240419601,1,2,3
240419602,8,27,35
240419603,4,11,15
240419604,28,48,76
240419605,6,6,12
240419606,1,3,4
240419607,9,14,23
240419608,0,1,1
240419609,3,14,17
240430001,7,10,17
240430002,11,9,20
240430004,1,5,6
240430005,0,1,1
240430006,15,20,35
240430007,6,22,28
240430008,3,3,6
240430009,1,0,1
240430010,2,2,4
240430101,1,0,1
240430102,4,7,11
240430103,21,27,48
240430104,1,2,3
240430105,1,1,2
240430107,1,0,1
240430108,2,1,3
240430109,2,2,4
240430110,1,0,1
240430111,4,6,10
240430112,18,49,67
240430113,4,4,8
240430114,2,3,5
240430115,0,1,1
240430116,0,2,2
240450001,5,8,13
240450002,0,13,13
240450003,3,7,10
240450004,22,33,55
240450005,3,7,10
240450101,18,11,29
240450102,1,0,1
240450103,19,31,50
240450104,20,35,55
240450105,16,22,38
240450106,4,28,32
240450107,2,3,5
240450108,1,2,3
240479901,1,0,1
240479902,1,0,1
240479903,1,1,2
240479904,2,0,2
240479906,2,0,2
240479907,1,2,3
240479911,2,0,2
240479912,3,0,3
240479913,1,1,2
240479914,2,2,4
240479915,7,7,14
240479916,5,1,6
240479917,4,4,8
240479918,3,8,11
240479919,1,1,2
240479920,2,1,3
240479921,3,0,3
240479922,3,0,3
240479923,1,1,2
245100101,10,12,22
245100102,4,5,9
245100103,4,2,6
245100104,20,32,52
245100105,6,6,12
245100201,3,9,12
245100202,5,2,7
245100203,25,54,79
245100301,7,9,16
245100302,4,16,20
245100401,54,117,171
245100402,97,342,439
245100501,6,16,22
245100601,1,0,1
245100602,3,2,5
245100603,5,0,5
245100604,69,413,482
245100605,15,33,48
245100701,8,51,59
245100704,17,86,103
245100801,3,0,3
245100803,2,0,2
245100806,1,0,1
245100902,4,7,11
245100903,15,24,39
245100905,1,0,1
245100906,1,1,2
245100908,1,0,1
245101001,5,0,5
245101101,12,38,50
245101102,19,44,63
245101201,47,95,142
245101202,43,103,146
245101203,7,6,13
245101205,1,1,2
245101206,3,8,11
245101207,7,4,11
245101301,0,1,1
245101302,3,3,6
245101303,1,0,1
245101305,1,1,2
245101306,5,5,10
245101307,12,38,50
245101308,7,16,23
245101401,18,43,61
245101402,4,3,7
245101403,1,3,4
245101501,0,1,1
245101502,2,0,2
245101504,1,0,1
245101505,2,3,5
245101506,2,0,2
245101508,16,6,22
245101509,3,0,3
245101510,1,0,1
245101511,6,5,11
245101603,0,1,1
245101604,1,0,1
245101608,0,1,1
245101701,22,31,53
245101702,0,4,4
245101703,1,0,1
245101801,0,1,1
245101802,0,1,1
245101803,9,22,31
245101901,0,2,2
245101903,0,1,1
245102001,2,5,7
245102002,0,1,1
245102003,2,1,3
245102007,2,0,2
245102008,0,1,1
245102101,4,4,8
245102102,2,6,8
245102201,40,63,103
245102301,1,4,5
245102302,7,9,16
245102303,0,1,1
245102401,0,1,1
245102402,8,15,23
245102403,25,25,50
245102404,3,3,6
245102501,22,69,91
245102502,25,25,50
245102503,1,0,1
245102504,0,1,1
245102505,3,0,3
245102601,2,1,3
245102603,5,0,5
245102604,2,0,2
245102605,28,84,112
245102606,3,1,4
245102608,1,0,1
245102609,2,4,6
245102611,3,5,8
245102701,3,1,4
245102702,3,0,3
245102703,2,2,4
245102704,3,2,5
245102705,7,3,10
245102706,3,8,11
245102707,5,4,9
245102708,42,75,117
245102709,4,6,10
245102711,14,33,47
245102712,46,115,161
245102713,23,66,89
245102714,43,83,126
245102715,58,106,164
245102717,29,42,71
245102718,3,17,20
245102719,6,12,18
245102720,73,80,153
245102801,5,6,11
245102802,2,2,4
245102803,3,2,5
245102804,12,16,28
245104011,1,0,1
245104034,1,0,1
245104036,3,7,10
245104402,0,1,1
245104905,0,1,1
245106011,1,0,1
250010101,8,8,16
250010102,7,6,13
250010103,8,8,16
250010104,6,8,14
250010105,4,9,13
250010106,7,12,19
250010107,9,7,16
250010108,5,5,10
250010109,9,4,13
250010110,5,2,7
250010111,5,2,7
250010112,7,8,15
250010113,2,6,8
250010114,4,6,10
250010115,4,6,10
250010117,2,2,4
250010118,16,18,34
250010120,18,4,22
250010121,10,24,34
250010122,11,21,32
250010123,0,1,1
250010124,15,46,61
250010125,0,4,4
250010126,3,3,6
250010127,13,15,28
250010128,4,10,14
250010129,3,1,4
250010130,6,15,21
250010131,7,9,16
250010132,5,14,19
250010133,4,1,5
250010134,6,12,18
250010135,4,6,10
250010136,4,3,7
250010137,2,1,3
250010138,6,4,10
250010139,2,4,6
250010140,8,9,17
250010141,2,2,4
250010143,12,17,29
250010144,11,19,30
250010145,1,4,5
250010146,2,9,11
250010147,1,3,4
250010148,13,17,30
250010149,28,40,68
250010150,2,3,5
250010151,6,5,11
250010152,5,8,13
250015453,0,1,1
250038130,0,1,1
250039001,20,23,43
250039002,20,39,59
250039003,22,35,57
250039004,0,8,8
250039005,4,11,15
250039006,2,3,5
250039007,0,2,2
250039008,8,23,31
250039009,9,20,29
250039010,1,2,3
250039011,1,0,1
250039111,1,10,11
250039121,7,5,12
250039131,13,20,33
250039141,10,6,16
250039201,30,32,62
250039211,2,1,3
250039212,3,6,9
250039213,1,0,1
250039215,1,3,4
250039221,4,0,4
250039222,1,0,1
250039241,7,16,23
250039251,18,20,38
250039261,1,6,7
250039321,2,6,8
250039331,0,3,3
250039341,3,6,9
250039351,5,10,15
250054103,0,1,1
250056001,9,11,20
250056002,8,20,28
250056101,4,6,10
250056102,9,12,21
250056111,7,6,13
250056112,0,1,1
250056121,1,2,3
250056122,4,8,12
250056131,8,7,15
250056133,3,2,5
250056137,6,7,13
250056138,7,21,28
250056139,1,2,3
250056140,1,0,1
250056141,2,1,3
250056151,4,2,6
250056161,1,1,2
250056171,4,5,9
250056301,7,5,12
250056302,23,5,28
250056311,1,3,4
250056312,4,3,7
250056313,10,8,18
250056314,1,2,3
250056315,1,11,12
250056316,5,5,10
250056317,3,13,16
250056318,5,3,8
250056321,4,11,15
250056322,4,2,6
250056331,9,6,15
250056332,5,7,12
250056401,0,1,1
250056404,1,0,1
250056405,13,7,20
250056406,1,0,1
250056409,2,2,4
250056411,0,8,8
250056413,1,0,1
250056415,1,0,1
250056417,8,19,27
250056418,8,24,32
250056419,1,1,2
250056420,1,0,1
250056421,3,0,3
250056422,1,3,4
250056423,7,13,20
250056424,10,32,42
250056425,7,1,8
250056441,3,4,7
250056442,7,1,8
250056451,11,4,15
250056461,14,19,33
250056501,3,9,12
250056502,1,0,1
250056503,2,0,2
250056504,0,1,1
250056505,1,1,2
250056510,4,2,6
250056511,0,1,1
250056513,0,1,1
250056514,1,0,1
250056516,2,3,5
250056517,0,2,2
250056518,2,9,11
250056520,1,0,1
250056521,5,10,15
250056522,12,16,28
250056523,5,7,12
250056524,1,0,1
250056531,9,23,32
250056532,18,22,40
250056533,12,26,38
250056553,2,0,2
250056554,1,1,2
250072001,4,11,15
250072002,7,5,12
250072003,6,8,14
250072004,9,9,18
250092011,4,11,15
250092021,23,12,35
250092022,23,36,59
250092031,16,30,46
250092032,11,27,38
250092033,20,31,51
250092041,5,5,10
250092042,8,4,12
250092043,2,1,3
250092044,1,1,2
250092045,2,2,4
250092046,4,1,5
250092047,26,70,96
250092051,0,1,1
250092052,1,4,5
250092053,1,0,1
250092054,7,30,37
250092055,6,11,17
250092056,0,1,1
250092057,2,0,2
250092059,1,0,1
250092060,0,2,2
250092062,1,0,1
250092066,4,2,6
250092067,6,6,12
250092068,4,1,5
250092069,0,1,1
250092071,1,0,1
250092081,2,0,2
250092082,1,1,2
250092083,1,0,1
250092084,7,3,10
250092091,12,18,30
250092092,9,23,32
250092101,7,7,14
250092102,3,1,4
250092103,27,22,49
250092104,3,5,8
250092105,0,2,2
250092109,1,3,4
250092111,1,5,6
250092112,15,15,30
250092113,6,16,22
250092114,2,6,8
250092121,5,9,14
250092131,13,32,45
250092141,13,9,22
250092151,12,19,31
250092161,2,6,8
250092171,6,11,17
250092172,3,3,6
250092173,27,31,58
250092174,3,2,5
250092175,15,26,41
250092176,6,16,22
250092181,5,14,19
250092201,4,12,16
250092211,1,3,4
250092212,5,3,8
250092213,2,13,15
250092215,0,6,6
250092216,3,1,4
250092217,1,0,1
250092218,11,7,18
250092219,5,12,17
250092221,2,5,7
250092231,4,5,9
250092232,10,4,14
250092233,4,5,9
250092501,2,7,9
250092502,2,0,2
250092505,11,0,11
250092507,1,0,1
250092508,10,7,17
250092512,3,1,4
250092514,1,0,1
250092515,1,0,1
250092516,1,0,1
250092517,1,3,4
250092518,0,3,3
250092521,3,0,3
250092522,1,0,1
250092523,3,0,3
250092524,4,1,5
250092525,10,17,27
250092526,4,6,10
250092531,2,15,17
250092532,50,75,125
250092541,13,31,44
250092542,13,19,32
250092543,17,41,58
250092544,25,59,84
250092601,7,11,18
250092602,10,8,18
250092603,6,9,15
250092604,3,0,3
250092605,0,2,2
250092606,0,1,1
250092608,0,1,1
250092610,2,0,2
250092611,1,1,2
250092621,2,0,2
250092631,11,14,25
250092641,0,2,2
250092651,3,9,12
250092661,6,1,7
250092662,1,2,3
250092663,7,4,11
250092664,2,0,2
250092671,0,1,1
250092681,3,2,5
250092682,20,18,38
250092683,11,8,19
250092684,1,10,11
250092691,7,8,15
250092701,3,3,6
250110401,2,0,2
250110402,0,3,3
250110403,1,1,2
250110404,1,0,1
250110405,2,1,3
250110406,5,6,11
250110407,8,8,16
250110408,2,4,6
250110409,6,6,12
250110410,7,7,14
250110411,4,14,18
250110412,0,9,9
250110413,10,7,17
250110414,0,1,1
250110415,7,5,12
250119311,1,1,2
250138001,1,0,1
250138002,1,7,8
250138003,14,54,68
250138004,0,1,1
250138005,23,45,68
250138006,7,28,35
250138008,0,11,11
250138009,7,16,23
250138010,9,29,38
250138011,12,7,19
250138013,2,2,4
250138014,0,3,3
250138015,2,2,4
250138016,10,15,25
250138017,1,0,1
250138019,66,125,191
250138021,5,12,17
250138022,1,0,1
250138024,4,4,8
250138025,1,2,3
250138026,5,1,6
250138101,0,3,3
250138102,1,3,4
250138103,1,1,2
250138104,14,12,26
250138106,16,8,24
250138107,0,1,1
250138108,0,3,3
250138109,1,1,2
250138110,1,0,1
250138111,0,1,1
250138113,10,1,11
250138114,4,0,4
250138116,0,1,1
250138117,1,1,2
250138119,12,14,26
250138120,19,34,53
250138121,22,22,44
250138122,17,17,34
250138123,1,3,4
250138124,7,9,16
250138125,6,15,21
250138126,4,5,9
250138127,7,8,15
250138128,2,1,3
250138129,3,8,11
250138131,4,4,8
250138132,20,18,38
250138133,81,162,243
250138134,17,13,30
250138135,7,8,15
250138136,27,39,66
250138137,5,3,8
250138138,3,1,4
250150406,4,0,4
250150408,0,1,1
250158201,11,6,17
250158202,16,12,28
250158203,10,16,26
250158204,10,4,14
250158205,15,13,28
250158206,0,1,1
250158207,22,24,46
250158208,16,16,32
250158209,2,3,5
250158210,7,4,11
250158211,6,4,10
250158213,12,11,23
250158214,7,6,13
250158215,2,2,4
250158216,39,49,88
250158217,6,27,33
250158219,55,78,133
250158220,0,5,5
250158222,15,18,33
250158223,3,0,3
250158224,6,4,10
250158225,8,4,12
250158226,14,12,26
250158227,4,6,10
250171106,0,1,1
250171301,7,11,18
250173001,2,0,2
250173011,7,0,7
250173021,2,1,3
250173101,5,7,12
250173103,2,0,2
250173106,13,13,26
250173107,2,0,2
250173108,3,5,8
250173110,6,0,6
250173114,0,1,1
250173115,1,0,1
250173116,1,2,3
250173122,5,0,5
250173124,14,17,31
250173125,6,1,7
250173131,6,3,9
250173141,6,1,7
250173142,2,0,2
250173143,0,2,2
250173151,9,4,13
250173152,5,1,6
250173153,3,6,9
250173155,1,0,1
250173161,3,1,4
250173162,0,1,1
250173163,0,7,7
250173165,10,1,11
250173171,17,17,34
250173172,22,36,58
250173173,4,3,7
250173181,2,4,6
250173182,3,0,3
250173183,2,7,9
250173184,13,4,17
250173201,23,27,50
250173211,6,5,11
250173212,2,6,8
250173213,2,4,6
250173214,3,3,6
250173215,11,13,24
250173216,6,8,14
250173221,3,1,4
250173222,1,3,4
250173223,7,3,10
250173224,1,1,2
250173231,7,4,11
250173241,10,9,19
250173251,2,17,19
250173261,13,13,26
250173271,3,2,5
250173281,0,1,1
250173301,6,10,16
250173302,3,2,5
250173311,17,9,26
250173312,3,1,4
250173313,3,4,7
250173321,4,3,7
250173322,20,18,38
250173323,3,7,10
250173324,37,151,188
250173331,5,7,12
250173332,5,10,15
250173334,1,1,2
250173335,6,12,18
250173336,13,10,23
250173341,6,4,10
250173342,12,7,19
250173343,9,5,14
250173344,8,5,13
250173351,7,6,13
250173352,2,4,6
250173353,5,2,7
250173354,2,3,5
250173361,8,14,22
250173362,11,26,37
250173363,3,4,7
250173364,4,10,14
250173371,13,27,40
250173372,7,8,15
250173373,3,10,13
250173381,15,21,36
250173382,13,29,42
250173383,14,39,53
250173384,20,46,66
250173385,19,43,62
250173391,29,37,66
250173392,3,14,17
250173393,0,2,2
250173394,1,1,2
250173395,13,7,20
250173396,2,2,4
250173397,0,1,1
250173398,4,7,11
250173399,1,2,3
250173400,2,1,3
250173401,3,4,7
250173411,26,36,62
250173412,8,10,18
250173413,14,20,34
250173414,2,4,6
250173415,7,13,20
250173416,1,5,6
250173417,2,2,4
250173418,1,5,6
250173419,15,16,31
250173421,3,10,13
250173422,1,1,2
250173423,1,0,1
250173424,2,3,5
250173425,4,4,8
250173426,1,0,1
250173501,3,4,7
250173502,11,4,15
250173503,1,2,3
250173504,10,13,23
250173505,7,10,17
250173506,4,10,14
250173507,6,7,13
250173508,11,4,15
250173509,12,15,27
250173510,12,8,20
250173511,14,17,31
250173512,15,19,34
250173513,5,6,11
250173514,4,5,9
250173515,2,1,3
250173521,13,27,40
250173522,0,4,4
250173523,8,13,21
250173524,6,8,14
250173525,6,1,7
250173526,5,3,8
250173527,5,3,8
250173528,1,4,5
250173529,42,78,120
250173530,18,33,51
250173531,16,30,46
250173532,4,18,22
250173533,15,18,33
250173534,4,9,13
250173535,8,24,32
250173536,17,29,46
250173537,18,36,54
250173538,43,60,103
250173539,18,19,37
250173540,23,60,83
250173541,34,103,137
250173542,29,60,89
250173543,5,11,16
250173544,7,16,23
250173545,11,18,29
250173546,23,22,45
250173547,9,17,26
250173548,7,9,16
250173549,1,6,7
250173550,9,10,19
250173561,4,7,11
250173562,9,13,22
250173563,1,8,9
250173564,13,21,34
250173565,8,14,22
250173566,11,27,38
250173567,16,40,56
250173571,11,25,36
250173572,16,37,53
250173573,8,19,27
250173574,8,22,30
250173575,10,12,22
250173576,3,9,12
250173577,8,67,75
250173578,16,64,80
250173581,14,34,48
250173582,0,1,1
250173583,26,43,69
250173584,24,54,78
250173585,23,41,64
250173586,24,33,57
250173587,19,26,45
250173591,13,26,39
250173593,13,15,28
250173601,4,2,6
250173602,24,61,85
250173611,43,71,114
250173612,12,19,31
250173613,14,43,57
250173621,9,23,32
250173631,32,28,60
250173632,8,18,26
250173641,5,3,8
250173651,24,36,60
250173652,19,42,61
250173661,6,11,17
250173662,37,86,123
250173671,22,44,66
250173672,55,112,167
250173681,15,13,28
250173682,12,30,42
250173683,1,6,7
250173684,16,37,53
250173685,1,6,7
250173686,3,5,8
250173688,9,3,12
250173689,12,17,29
250173690,2,5,7
250173691,2,7,9
250173701,27,20,47
250173702,20,40,60
250173703,18,18,36
250173704,8,12,20
250173731,20,38,58
250173732,10,12,22
250173733,13,24,37
250173734,18,28,46
250173735,42,121,163
250173736,17,74,91
250173737,37,86,123
250173738,35,85,120
250173739,54,115,169
250173740,26,59,85
250173741,16,28,44
250173742,18,62,80
250173743,78,158,236
250173744,47,145,192
250173745,10,23,33
250173746,14,18,32
250173747,20,38,58
250173748,16,37,53
250173821,4,11,15
250173822,4,13,17
250173823,29,70,99
250173824,4,6,10
250173825,8,13,21
250173826,13,23,36
250173832,1,3,4
250173833,8,11,19
250173834,15,62,77
250173835,15,24,39
250173836,22,16,38
250173837,4,9,13
250173838,3,11,14
250173839,19,32,51
250173840,22,28,50
250173851,3,5,8
250173852,6,8,14
250173861,18,44,62
250173871,5,4,9
250173872,10,10,20
250173881,6,7,13
250174011,30,54,84
250174012,72,190,262
250199501,2,2,4
250199502,3,2,5
250199503,2,1,3
250199504,0,3,3
250213672,1,1,2
250214001,56,153,209
250214002,86,176,262
250214003,28,48,76
250214004,43,83,126
250214005,50,118,168
250214006,42,88,130
250214007,23,70,93
250214008,85,132,217
250214009,66,121,187
250214010,25,57,82
250214011,20,51,71
250214012,2,2,4
250214021,5,7,12
250214022,0,3,3
250214023,1,3,4
250214024,6,7,13
250214025,20,31,51
250214031,30,23,53
250214032,16,43,59
250214033,19,70,89
250214034,29,52,81
250214035,18,31,49
250214041,22,13,35
250214042,56,152,208
250214043,35,96,131
250214044,23,43,66
250214051,23,69,92
250214061,29,29,58
250214071,4,6,10
250214081,6,5,11
250214091,8,20,28
250214101,12,7,19
250214103,5,4,9
250214104,1,2,3
250214111,8,4,12
250214112,3,3,6
250214113,7,13,20
250214121,16,38,54
250214122,13,32,45
250214123,12,18,30
250214131,3,7,10
250214132,1,8,9
250214133,3,3,6
250214134,30,65,95
250214135,7,6,13
250214141,21,30,51
250214142,20,41,61
250214143,22,30,52
250214151,20,21,41
250214152,15,25,40
250214153,12,18,30
250214161,36,70,106
250214162,12,20,32
250214163,11,20,31
250214164,14,19,33
250214171,3,6,9
250214172,4,4,8
250214173,6,12,18
250214174,4,2,6
250214175,7,13,20
250214176,7,8,15
250214177,16,32,48
250214178,5,3,8
250214179,10,21,31
250214180,32,38,70
250214181,12,14,26
250214182,7,14,21
250214191,7,10,17
250214192,1,2,3
250214193,2,5,7
250214194,1,2,3
250214195,0,1,1
250214196,9,7,16
250214197,1,2,3
250214198,11,9,20
250214201,2,4,6
250214202,3,7,10
250214203,15,2,17
250214212,3,1,4
250214221,6,22,28
250214222,7,26,33
250214223,4,18,22
250214224,1,4,5
250214225,0,7,7
250214226,3,3,6
250214227,1,0,1
250214228,2,5,7
250214231,13,26,39
250214401,7,5,12
250214412,7,7,14
250214421,7,4,11
250214422,11,5,16
250214431,5,2,7
250214561,11,23,34
250214562,3,4,7
250214563,4,9,13
250214564,1,6,7
250214571,2,1,3
250215031,1,0,1
250235001,4,5,9
250235011,14,44,58
250235012,17,31,48
250235021,5,1,6
250235022,1,0,1
250235031,9,11,20
250235041,42,32,74
250235051,10,11,21
250235052,13,8,21
250235061,7,14,21
250235062,6,3,9
250235071,21,38,59
250235081,3,5,8
250235082,2,2,4
250235091,11,3,14
250235105,16,28,44
250235106,24,20,44
250235107,4,5,9
250235108,3,2,5
250235109,1,0,1
250235110,0,1,1
250235111,14,34,48
250235116,1,0,1
250235117,10,29,39
250235201,4,1,5
250235202,5,1,6
250235211,6,1,7
250235212,1,2,3
250235221,2,1,3
250235231,1,0,1
250235232,2,4,6
250235241,2,6,8
250235251,6,5,11
250235252,3,4,7
250235301,0,23,23
250235302,2,3,5
250235303,6,2,8
250235304,1,1,2
250235305,13,15,28
250235306,9,13,22
250235307,4,1,5
250235308,2,6,8
250235309,2,2,4
250235401,9,6,15
250235411,1,2,3
250235421,1,1,2
250235422,5,1,6
250235423,7,6,13
250235431,0,1,1
250235442,1,1,2
250235451,4,2,6
250235452,2,4,6
250235453,0,2,2
250235454,14,16,30
250235601,11,11,22
250235611,10,13,23
250250001,6,10,16
250250002,10,10,20
250250003,11,25,36
250250004,21,38,59
250250005,36,64,100
250250006,52,130,182
250250007,19,36,55
250250008,7,18,25
250250101,16,42,58
250250102,75,94,169
250250103,237,449,686
250250104,18,28,46
250250105,11,25,36
250250106,26,48,74
250250107,26,64,90
250250108,25,83,108
250250201,30,68,98
250250202,34,96,130
250250203,185,966,1151
250250301,2,2,4
250250302,3,2,5
250250303,19,33,52
250250304,4,3,7
250250305,2,4,6
250250401,3,12,15
250250402,1,3,4
250250403,11,21,32
250250404,3,5,8
250250405,0,4,4
250250407,0,7,7
250250408,7,28,35
250250506,15,2,17
250250508,1,0,1
250250509,1,3,4
250250510,0,1,1
250250511,1,3,4
250250512,0,1,1
250250601,1,1,2
250250602,2,1,3
250250603,2,1,3
250250604,5,4,9
250250605,3,8,11
250250606,2,3,5
250250607,0,1,1
250250608,0,1,1
250250609,5,1,6
250250614,3,0,3
250250701,26,35,61
250250702,235,361,596
250250703,22,41,63
250250705,34,50,84
250250706,9,24,33
250250707,5,22,27
250250708,25,23,48
250250709,14,13,27
250250710,74,100,174
250250711,152,235,387
250250712,0,7,7
250250801,1,1,2
250250805,2,2,4
250250806,1,1,2
250250807,1,1,2
250250808,2,13,15
250250809,21,45,66
250250810,274,1055,1329
250250811,24,78,102
250250812,0,2,2
250250813,1,1,2
250250814,1,1,2
250250815,1,0,1
250250817,1,0,1
250250818,1,0,1
250250819,1,1,2
250250820,1,1,2
250250821,1,1,2
250250901,2,1,3
250250904,0,1,1
250250907,2,0,2
250250908,0,2,2
250250909,16,30,46
250250910,1,3,4
250250911,0,3,3
250250912,4,11,15
250250914,1,1,2
250250915,2,0,2
250250916,2,1,3
250250918,3,0,3
250250920,1,2,3
250250922,3,2,5
250251001,1,0,1
250251004,2,0,2
250251005,8,10,18
250251006,6,1,7
250251007,1,0,1
250251008,15,27,42
250251009,24,37,61
250251010,2,3,5
250251011,3,2,5
250251101,7,26,33
250251103,2,2,4
250251104,9,7,16
250251105,11,12,23
250251106,22,34,56
250251201,70,135,205
250251202,4,8,12
250251203,10,7,17
250251204,63,57,120
250251205,2,2,4
250251206,14,15,29
250251207,17,33,50
250251301,11,20,31
250251302,9,26,35
250251303,12,29,41
250251304,19,56,75
250251401,3,7,10
250251402,6,7,13
250251403,4,0,4
250251601,1,1,2
250251602,1,0,1
250251603,1,0,1
250251604,8,4,12
250251605,11,1,12
250251606,4,1,5
250251701,2,1,3
250251702,1,3,4
250251703,0,2,2
250251704,3,1,4
250251705,2,10,12
250251706,2,0,2
250251707,5,3,8
250251708,0,2,2
250251801,3,3,6
250251802,4,6,10
250251803,1,4,5
250251804,0,1,1
250251805,2,3,5
250254004,0,1,1
250254006,1,2,3
250277001,2,2,4
250277011,6,1,7
250277022,1,0,1
250277031,6,1,7
250277032,1,1,2
250277033,8,3,11
250277042,3,3,6
250277061,3,0,3
250277071,1,0,1
250277072,1,0,1
250277074,3,0,3
250277075,12,16,28
250277081,9,3,12
250277091,3,2,5
250277092,8,2,10
250277093,12,15,27
250277095,5,2,7
250277097,10,14,24
250277101,1,1,2
250277102,6,6,12
250277104,4,2,6
250277106,2,2,4
250277107,2,2,4
250277108,8,5,13
250277110,2,0,2
250277111,11,7,18
250277121,9,11,20
250277131,3,5,8
250277142,25,24,49
250277151,10,4,14
250277161,1,1,2
250277162,3,3,6
250277163,1,1,2
250277171,1,4,5
250277181,9,15,24
250277191,20,14,34
250277201,6,11,17
250277211,1,1,2
250277221,7,1,8
250277231,2,3,5
250277241,5,2,7
250277251,3,0,3
250277261,5,1,6
250277262,4,2,6
250277271,11,16,27
250277281,13,11,24
250277282,8,6,14
250277283,11,11,22
250277284,7,6,13
250277291,9,12,21
250277292,2,4,6
250277301,2,4,6
250277302,9,8,17
250277303,3,2,5
250277304,32,29,61
250277305,4,5,9
250277306,12,35,47
250277307,6,15,21
250277308,20,38,58
250277309,12,25,37
250277310,4,3,7
250277311,16,7,23
250277312,2,1,3
250277313,2,2,4
250277314,6,6,12
250277315,5,8,13
250277316,7,14,21
250277317,12,29,41
250277318,7,11,18
250277319,64,70,134
250277320,41,32,73
250277321,124,285,409
250277322,59,62,121
250277323,18,15,33
250277324,36,57,93
250277325,1,1,2
250277326,4,1,5
250277327,17,19,36
250277328,17,21,38
250277329,1,1,2
250277331,3,2,5
250277351,0,1,1
250277352,1,0,1
250277361,2,0,2
250277362,1,2,3
250277363,0,1,1
250277364,3,0,3
250277365,18,6,24
250277371,1,3,4
250277372,3,2,5
250277381,1,0,1
250277382,11,9,20
250277383,2,2,4
250277391,12,23,35
250277392,8,32,40
250277393,6,16,22
250277394,28,33,61
250277395,30,36,66
250277401,20,38,58
250277402,3,5,8
250277411,36,32,68
250277421,1,10,11
250277422,24,24,48
250277423,2,6,8
250277424,17,35,52
250277431,4,7,11
250277441,11,17,28
250277442,5,3,8
250277443,3,1,4
250277444,4,5,9
250277451,3,6,9
250277461,5,3,8
250277481,1,0,1
250277491,5,8,13
250277492,12,0,12
250277501,9,0,9
250277502,5,1,6
250277511,6,7,13
250277521,4,1,5
250277531,0,1,1
250277532,3,0,3
250277541,8,8,16
250277542,1,0,1
250277543,1,0,1
250277551,1,1,2
250277552,4,2,6
250277561,3,3,6
250277571,3,6,9
250277572,0,1,1
250277573,13,18,31
250277574,0,2,2
250277575,3,3,6
250277581,22,11,33
250277591,2,0,2
250277601,2,1,3
250277611,1,3,4
250278215,3,0,3
260019801,1,0,1
260019802,2,0,2
260019804,5,0,5
260039801,6,4,10
260039802,1,2,3
260050101,0,1,1
260050148,1,0,1
260050301,10,10,20
260050302,4,12,16
260050303,0,2,2
260050304,3,1,4
260050305,4,2,6
260050307,4,1,5
260050308,5,3,8
260050309,7,4,11
260050310,2,2,4
260050311,3,0,3
260050312,10,7,17
260050313,1,0,1
260050318,2,0,2
260050319,2,0,2
260050320,1,5,6
260050321,3,4,7
260070001,0,3,3
260070003,1,11,12
260070004,2,1,3
260070005,2,1,3
260070006,15,17,32
260070007,0,2,2
260070008,5,3,8
260070009,3,2,5
260099601,2,4,6
260099602,0,1,1
260099603,5,4,9
260099604,2,2,4
260099605,2,2,4
260099606,2,2,4
260099607,2,1,3
260119702,2,1,3
260119703,3,0,3
260119704,3,2,5
260119705,4,3,7
260139501,5,3,8
260139502,1,0,1
260150026,1,2,3
260150101,2,0,2
260150103,3,0,3
260150104,2,2,4
260150105,0,1,1
260150106,7,1,8
260150108,0,1,1
260150113,1,1,2
260150114,19,17,36
260172802,3,4,7
260172803,0,1,1
260172804,1,1,2
260172805,4,26,30
260172806,1,3,4
260172807,2,0,2
260172808,4,2,6
260172810,1,2,3
260172811,10,14,24
260172812,0,1,1
260172813,2,1,3
260172851,4,3,7
260172852,24,24,48
260172854,2,10,12
260172855,6,1,7
260172856,2,4,6
260172857,2,1,3
260172858,21,10,31
260172859,1,0,1
260172860,0,5,5
260172861,1,0,1
260172862,2,1,3
260172863,2,2,4
260199801,3,2,5
260199802,4,4,8
260199803,1,3,4
260199804,3,6,9
260199805,4,2,6
260210001,2,2,4
260210005,0,1,1
260210006,2,1,3
260210007,3,1,4
260210008,3,11,14
260210009,6,29,35
260210010,3,10,13
260210011,10,12,22
260210012,2,1,3
260210013,8,12,20
260210014,5,4,9
260210015,5,7,12
260210016,6,12,18
260210017,1,4,5
260210018,8,15,23
260210021,1,0,1
260210023,0,1,1
260210101,1,1,2
260210102,3,2,5
260210103,5,1,6
260210105,2,0,2
260210106,17,10,27
260210111,3,1,4
260210112,2,5,7
260210113,6,4,10
260210114,3,1,4
260210201,2,0,2
260210202,4,1,5
260210203,2,4,6
260210204,2,0,2
260210206,12,12,24
260210207,1,1,2
260210208,5,6,11
260210209,1,1,2
260210210,1,0,1
260210211,1,0,1
260210213,7,11,18
260210214,8,5,13
260230028,1,0,1
260239501,1,1,2
260239503,0,1,1
260239504,7,7,14
260239505,5,8,13
260239506,3,7,10
260239507,8,10,18
260239508,1,1,2
260239509,0,1,1
260239510,1,1,2
260239511,1,1,2
260239512,1,1,2
260250001,0,1,1
260250002,2,1,3
260250003,5,13,18
260250004,5,15,20
260250006,8,1,9
260250009,18,27,45
260250010,0,2,2
260250011,2,0,2
260250014,2,0,2
260250015,8,18,26
260250016,6,8,14
260250017,6,7,13
260250018,8,25,33
260250019,1,1,2
260250020,4,1,5
260250023,0,4,4
260250024,0,2,2
260250025,2,7,9
260250027,4,4,8
260250028,1,0,1
260250029,2,0,2
260250031,1,0,1
260250032,2,1,3
260250033,3,1,4
260250034,4,2,6
260250035,1,0,1
260250036,0,3,3
260250037,1,0,1
260250038,3,3,6
260250039,14,12,26
260250040,4,2,6
260250065,2,1,3
260270003,1,0,1
260270004,6,5,11
260270005,0,1,1
260270006,1,0,1
260270007,2,0,2
260270011,1,0,1
260270012,1,0,1
260270013,4,0,4
260270014,1,0,1
260270015,0,1,1
260299802,1,2,3
260299803,1,2,3
260299804,1,2,3
260299805,9,5,14
260299806,4,1,5
260299807,4,4,8
260299808,1,2,3
260299809,0,4,4
260299810,0,1,1
260299811,5,1,6
260299812,0,2,2
260299814,5,3,8
260319601,1,5,6
260319602,3,2,5
260319603,10,8,18
260319604,1,1,2
260319605,0,3,3
260319606,0,3,3
260319607,4,1,5
260319702,0,1,1
260339701,0,3,3
260339702,1,2,3
260339703,9,4,13
260339705,7,1,8
260339706,5,4,9
260339707,1,1,2
260339708,1,0,1
260339709,1,1,2
260339711,2,1,3
260359801,1,0,1
260359804,2,0,2
260359805,1,0,1
260359806,15,4,19
260359807,1,0,1
260359808,2,0,2
260359811,1,1,2
260359812,1,0,1
260370047,1,0,1
260370057,0,1,1
260370101,9,18,27
260370102,0,1,1
260370103,3,1,4
260370104,2,1,3
260370105,1,1,2
260370106,1,1,2
260370107,0,1,1
260370108,13,2,15
260370109,2,1,3
260370110,2,2,4
260370111,3,5,8
260370204,0,1,1
260370302,2,1,3
260370314,0,1,1
260399601,0,2,2
260399602,4,2,6
260399603,8,4,12
260419702,1,0,1
260419703,1,0,1
260419704,2,0,2
260419705,4,7,11
260419706,7,3,10
260419707,3,1,4
260419708,16,10,26
260419709,1,6,7
260419710,2,1,3
260419711,1,3,4
260439502,3,0,3
260439503,6,3,9
260439504,5,14,19
260439505,6,9,15
260439506,6,10,16
260439507,8,14,22
260450201,16,15,31
260450202,10,6,16
260450203,11,9,20
260450204,9,2,11
260450208,1,0,1
260450209,6,4,10
260450210,1,1,2
260450211,3,0,3
260450212,2,1,3
260450213,4,2,6
260450214,2,2,4
260479606,1,0,1
260479703,5,10,15
260479704,4,7,11
260479705,4,2,6
260479706,7,18,25
260479707,17,36,53
260479708,15,50,65
260479803,0,2,2
260490001,1,0,1
260490009,2,0,2
260490010,0,1,1
260490011,1,1,2
260490012,7,4,11
260490013,1,4,5
260490014,1,2,3
260490015,66,32,98
260490016,20,27,47
260490020,1,1,2
260490022,1,0,1
260490025,0,1,1
260490026,2,0,2
260490027,1,0,1
260490028,25,15,40
260490029,1,0,1
260490030,19,19,38
260490031,6,1,7
260490033,4,1,5
260490034,1,0,1
260490035,0,1,1
260490036,8,8,16
260490037,5,3,8
260490039,5,1,6
260490040,0,1,1
260490101,2,0,2
260490102,6,0,6
260490103,0,1,1
260490104,2,2,4
260490105,5,2,7
260490106,29,9,38
260490107,4,3,7
260490108,146,123,269
260490109,23,63,86
260490110,9,12,21
260490111,62,72,134
260490112,83,77,160
260490113,1,1,2
260490114,3,3,6
260490115,15,13,28
260490116,8,4,12
260490117,20,7,27
260490118,1,0,1
260490121,2,0,2
260490123,0,1,1
260490124,3,0,3
260490125,1,0,1
260490126,3,0,3
260490127,9,2,11
260490129,6,6,12
260490130,0,4,4
260490131,12,9,21
260490132,15,11,26
260490133,8,6,14
260490134,9,13,22
260490301,0,1,1
260497100,5,12,17
260519903,1,3,4
260519904,2,2,4
260519905,10,3,13
260519909,0,2,2
260539501,1,1,2
260539502,3,0,3
260539506,4,1,5
260539507,6,6,12
260559504,0,1,1
260559901,12,13,25
260559902,2,4,6
260559903,2,0,2
260559904,7,12,19
260559906,1,4,5
260559907,1,10,11
260559908,7,9,16
260559909,17,44,61
260559910,11,12,23
260559911,10,9,19
260559912,9,10,19
260559913,1,6,7
260559914,39,50,89
260559915,27,53,80
260579901,3,0,3
260579902,6,4,10
260579903,3,2,5
260579904,17,20,37
260579905,6,3,9
260579906,2,0,2
260579907,3,5,8
260579908,1,1,2
260579909,6,2,8
260590501,1,0,1
260590503,2,0,2
260590505,1,3,4
260590506,3,1,4
260590507,4,3,7
260590508,9,7,16
260590509,3,4,7
260590510,4,0,4
260590511,1,0,1
260590512,0,1,1
260619902,10,4,14
260619903,1,2,3
260619904,2,0,2
260619905,1,0,1
260619906,11,10,21
260619908,4,3,7
260619909,0,7,7
260619910,0,1,1
260639502,1,0,1
260639503,1,4,5
260639505,6,1,7
260639506,1,0,1
260639507,6,1,7
260639508,2,0,2
260639509,2,0,2
260639510,2,5,7
260639511,6,10,16
260639512,4,3,7
260650001,1,0,1
260650003,1,0,1
260650004,2,1,3
260650005,17,12,29
260650006,0,3,3
260650007,1,4,5
260650009,1,5,6
260650010,0,3,3
260650012,0,2,2
260650014,0,1,1
260650015,0,1,1
260650016,0,2,2
260650017,3,7,10
260650019,0,2,2
260650020,1,3,4
260650021,2,0,2
260650022,1,4,5
260650023,13,9,22
260650024,2,1,3
260650025,1,4,5
260650026,10,42,52
260650027,4,1,5
260650028,11,7,18
260650029,15,11,26
260650031,29,21,50
260650032,0,2,2
260650033,1,0,1
260650035,0,1,1
260650036,1,0,1
260650038,37,62,99
260650039,23,42,65
260650040,16,17,33
260650041,5,11,16
260650042,2,2,4
260650043,11,6,17
260650044,85,113,198
260650045,10,11,21
260650046,13,32,45
260650047,5,9,14
260650048,12,19,31
260650049,44,64,108
260650050,54,80,134
260650051,1,1,2
260650052,6,1,7
260650053,12,19,31
260650054,7,4,11
260650055,12,10,22
260650056,10,9,19
260650057,4,11,15
260650058,12,2,14
260650059,2,2,4
260650060,3,0,3
260650061,1,0,1
260650062,1,2,3
260650063,12,7,19
260650064,0,1,1
260650065,27,58,85
260650101,1,8,9
260650111,1,4,5
260670302,1,0,1
260670303,3,0,3
260670304,2,1,3
260670306,0,1,1
260670312,4,1,5
260670313,5,0,5
260670315,6,1,7
260670316,5,2,7
260670317,8,3,11
260699901,3,0,3
260699902,2,1,3
260699905,1,0,1
260699907,1,0,1
260699909,10,6,16
260699910,1,1,2
260719801,2,1,3
260719802,1,0,1
260719803,5,4,9
260719804,2,1,3
260719805,1,0,1
260739501,1,0,1
260739502,1,0,1
260739503,9,8,17
260739504,0,1,1
260739505,6,1,7
260739506,16,14,30
260739508,2,3,5
260739509,3,4,7
260739510,1,3,4
260739511,2,8,10
260739512,8,4,12
260750001,3,5,8
260750002,3,0,3
260750004,13,19,32
260750005,5,3,8
260750006,9,11,20
260750007,0,13,13
260750008,10,13,23
260750009,1,0,1
260750012,0,1,1
260750013,2,2,4
260750051,5,3,8
260750052,13,15,28
260750053,16,21,37
260750054,0,2,2
260750055,4,5,9
260750056,3,0,3
260750057,3,1,4
260750059,0,1,1
260750060,1,2,3
260750061,1,1,2
260750062,3,2,5
260750063,5,6,11
260750064,1,1,2
260750065,0,1,1
260750066,2,0,2
260750067,5,3,8
260750068,3,4,7
260750604,1,0,1
260770002,0,3,3
260770004,0,7,7
260770005,4,4,8
260770006,1,7,8
260770007,36,28,64
260770008,31,48,79
260770010,6,32,38
260770011,2,13,15
260770012,17,29,46
260770013,1,0,1
260770014,1,0,1
260770015,28,40,68
260770016,15,28,43
260770017,19,18,37
260770018,9,18,27
260770019,24,26,50
260770020,53,55,108
260770021,5,6,11
260770023,4,7,11
260770024,0,1,1
260770025,2,1,3
260770026,4,9,13
260770027,14,14,28
260770028,4,4,8
260770029,32,35,67
260770030,32,54,86
260770031,3,2,5
260770033,1,0,1
260770110,0,1,1
260770409,1,0,1
260799502,3,0,3
260799503,2,0,2
260799505,0,1,1
260799603,1,3,4
260810001,1,0,1
260810002,3,1,4
260810003,11,6,17
260810004,3,2,5
260810005,5,5,10
260810006,1,2,3
260810009,2,0,2
260810010,1,3,4
260810011,12,14,26
260810014,0,1,1
260810015,0,1,1
260810016,1,1,2
260810017,2,3,5
260810018,6,6,12
260810019,5,1,6
260810020,22,47,69
260810021,81,132,213
260810022,12,27,39
260810023,23,42,65
260810024,2,3,5
260810025,4,1,5
260810027,0,1,1
260810029,0,2,2
260810030,0,2,2
260810032,1,0,1
260810033,1,7,8
260810034,27,46,73
260810035,2,1,3
260810036,2,0,2
260810041,8,11,19
260810042,4,2,6
260810043,8,13,21
260810044,26,23,49
260810045,12,6,18
260810046,4,4,8
260810102,1,1,2
260810103,4,3,7
260810104,6,2,8
260810106,2,6,8
260810107,2,4,6
260810108,3,2,5
260810109,20,22,42
260810110,6,6,12
260810111,9,2,11
260810112,1,0,1
260810113,16,9,25
260810114,3,2,5
260810115,13,3,16
260810116,3,6,9
260810117,4,2,6
260810118,96,153,249
260810119,22,59,81
260810120,12,6,18
260810122,34,93,127
260810123,11,44,55
260810124,54,96,150
260810125,10,22,32
260810126,54,53,107
260810127,32,5,37
260810128,6,4,10
260810129,0,2,2
260810130,7,1,8
260810131,6,3,9
260810132,5,3,8
260810134,0,1,1
260810135,0,1,1
260810137,2,0,2
260810138,5,3,8
260810139,3,1,4
260810140,7,3,10
260810145,12,4,16
260810146,6,7,13
260810147,5,3,8
260810148,11,21,32
260810230,1,1,2
260839601,1,2,3
260859604,2,0,2
260859606,2,0,2
260873202,1,1,2
260873203,0,1,1
260873204,5,4,9
260873205,4,2,6
260873206,5,1,6
260873207,2,5,7
260873208,21,16,37
260873209,3,1,4
260873210,2,5,7
260873211,5,4,9
260873212,5,2,7
260899701,7,4,11
260899702,6,10,16
260899703,0,10,10
260899704,6,6,12
260899705,5,3,8
260899706,6,8,14
260910506,0,2,2
260910602,5,6,11
260910603,3,4,7
260910604,2,1,3
260910606,6,2,8
260910607,4,1,5
260910608,4,7,11
260910609,5,5,10
260910610,1,0,1
260910611,2,0,2
260910613,3,6,9
260910614,16,20,36
260910615,5,11,16
260910616,0,1,1
260910617,1,0,1
260910618,2,1,3
260910619,4,0,4
260934430,1,4,5
260934610,1,0,1
260934620,3,0,3
260934640,1,0,1
260937100,1,1,2
260937110,5,0,5
260937120,2,1,3
260937130,10,9,19
260937220,2,1,3
260937240,2,4,6
260937250,20,12,32
260937251,3,0,3
260937300,0,3,3
260937310,3,2,5
260937330,2,1,3
260937400,6,7,13
260937401,6,3,9
260937410,21,23,44
260937420,5,6,11
260937421,8,9,17
260937430,2,3,5
260937431,6,5,11
260937432,4,4,8
260937440,2,1,3
260937441,2,4,6
260959601,8,2,10
260959602,1,0,1
260979501,2,1,3
260979503,0,1,1
260979504,2,0,2
260979505,4,2,6
260992100,2,0,2
260992110,2,2,4
260992120,1,0,1
260992130,6,3,9
260992150,5,3,8
260992151,6,12,18
260992170,2,2,4
260992180,2,0,2
260992200,4,1,5
260992210,11,4,15
260992211,0,4,4
260992212,0,2,2
260992213,5,6,11
260992214,1,1,2
260992230,5,2,7
260992231,4,5,9
260992232,13,3,16
260992233,7,5,12
260992234,2,1,3
260992250,10,8,18
260992251,2,2,4
260992252,2,3,5
260992253,4,2,6
260992254,3,6,9
260992255,3,1,4
260992256,1,1,2
260992257,3,2,5
260992258,3,0,3
260992259,6,3,9
260992260,11,11,22
260992280,2,1,3
260992281,2,3,5
260992300,7,7,14
260992301,2,2,4
260992302,2,1,3
260992303,0,6,6
260992304,1,0,1
260992305,2,4,6
260992306,26,10,36
260992307,1,1,2
260992308,2,0,2
260992309,4,5,9
260992311,3,0,3
260992312,4,6,10
260992313,0,1,1
260992314,4,3,7
260992315,5,5,10
260992316,10,7,17
260992317,6,3,9
260992318,2,1,3
260992319,2,7,9
260992321,4,4,8
260992322,4,4,8
260992323,5,3,8
260992324,18,8,26
260992401,8,7,15
260992402,35,62,97
260992403,1,2,3
260992404,3,3,6
260992405,0,2,2
260992406,8,9,17
260992407,10,12,22
260992408,3,5,8
260992409,2,6,8
260992410,3,0,3
260992411,10,4,14
260992412,5,3,8
260992413,1,0,1
260992414,1,1,2
260992415,4,3,7
260992416,1,0,1
260992418,1,0,1
260992451,0,2,2
260992452,1,1,2
260992453,24,42,66
260992454,10,2,12
260992472,5,9,14
260992473,2,6,8
260992475,0,1,1
260992476,7,6,13
260992500,0,1,1
260992501,1,1,2
260992502,0,2,2
260992503,3,1,4
260992504,1,0,1
260992505,2,5,7
260992506,2,5,7
260992507,4,1,5
260992508,5,19,24
260992509,2,1,3
260992510,1,5,6
260992511,0,3,3
260992512,1,1,2
260992513,9,2,11
260992514,5,1,6
260992515,5,10,15
260992516,7,2,9
260992517,14,9,23
260992518,8,8,16
260992519,7,14,21
260992520,5,10,15
260992521,1,5,6
260992522,6,9,15
260992535,1,1,2
260992541,1,3,4
260992542,1,5,6
260992544,2,0,2
260992550,5,1,6
260992551,16,0,16
260992552,5,9,14
260992553,0,2,2
260992556,7,0,7
260992561,0,1,1
260992563,2,0,2
260992566,25,10,35
260992568,0,1,1
260992580,2,2,4
260992581,6,16,22
260992582,1,0,1
260992583,1,1,2
260992584,7,4,11
260992585,5,5,10
260992586,6,8,14
260992587,1,0,1
260992589,0,2,2
260992600,3,3,6
260992601,2,4,6
260992602,1,3,4
260992604,9,3,12
260992606,1,1,2
260992607,0,1,1
260992608,1,3,4
260992609,5,5,10
260992610,0,3,3
260992611,15,9,24
260992612,9,2,11
260992613,4,9,13
260992614,0,3,3
260992615,1,4,5
260992616,1,3,4
260992617,14,41,55
260992618,7,12,19
260992619,0,1,1
260992620,7,9,16
260992621,0,3,3
260992622,4,1,5
260992623,5,7,12
260992624,1,2,3
260992625,1,4,5
260992627,15,22,37
260992628,11,1,12
260992632,1,0,1
260992633,0,1,1
260992635,1,3,4
260992636,1,4,5
260992637,1,0,1
260992640,0,1,1
260992676,5,1,6
260992680,7,2,9
260992681,1,1,2
260995509,1,0,1
261019501,3,2,5
261019901,1,0,1
261019902,0,1,1
261019903,2,4,6
261019904,4,7,11
261019905,2,4,6
261019906,2,0,2
261019908,2,3,5
261019909,4,0,4
261030001,6,9,15
261030002,4,3,7
261030003,6,0,6
261030004,2,15,17
261030005,0,1,1
261030006,3,0,3
261030007,37,61,98
261030008,0,1,1
261030009,5,18,23
261030010,1,0,1
261030011,4,3,7
261030012,2,1,3
261030013,1,1,2
261030014,2,2,4
261030015,3,4,7
261030016,1,1,2
261030017,6,2,8
261030018,1,0,1
261030020,6,4,10
261030021,1,1,2
261030022,1,1,2
261030023,0,1,1
261030025,1,0,1
261030026,1,0,1
261059501,0,1,1
261059502,2,2,4
261059503,1,3,4
261059504,20,10,30
261059505,3,3,6
261059506,2,3,5
261059508,1,2,3
261059907,0,1,1
261079601,1,0,1
261079602,1,0,1
261079603,0,2,2
261079605,3,0,3
261079606,16,14,30
261079607,5,6,11
261079609,1,2,3
261079610,0,2,2
261079611,1,0,1
261099602,1,2,3
261099604,1,0,1
261099606,1,0,1
261099607,6,3,9
261112901,3,1,4
261112902,1,3,4
261112903,6,5,11
261112904,31,37,68
261112905,2,0,2
261112907,1,1,2
261112908,4,5,9
261112909,24,29,53
261112910,23,20,43
261112911,7,20,27
261112912,3,1,4
261112914,1,0,1
261112915,2,1,3
261112916,4,3,7
261112917,1,0,1
261119903,1,1,2
261139602,3,1,4
261139603,1,0,1
261154210,4,1,5
261154220,0,2,2
261158302,0,1,1
261158303,3,1,4
261158305,1,1,2
261158308,4,1,5
261158309,0,1,1
261158311,1,1,2
261158312,1,2,3
261158313,0,2,2
261158314,2,5,7
261158315,4,8,12
261158316,17,21,38
261158317,0,1,1
261158318,1,0,1
261158319,1,1,2
261158320,2,0,2
261158322,2,6,8
261158323,2,0,2
261158324,3,1,4
261158325,4,3,7
261158326,0,1,1
261158327,1,0,1
261158328,3,0,3
261158330,2,3,5
261158331,6,3,9
261158332,1,2,3
261158333,3,2,5
261158335,2,0,2
261158337,1,1,2
261158338,4,4,8
261158339,2,3,5
261179801,7,0,7
261179802,0,1,1
261179803,1,0,1
261179804,6,2,8
261179805,1,2,3
261179806,2,0,2
261179807,3,0,3
261179808,4,3,7
261179809,1,0,1
261179810,10,11,21
261179811,1,1,2
261179812,6,7,13
261179813,12,5,17
261199901,3,0,3
261199903,1,0,1
261199904,2,1,3
261210001,6,4,10
261210004,6,25,31
261210005,20,28,48
261210006,2,2,4
261210007,1,7,8
261210008,1,0,1
261210009,4,2,6
261210010,0,1,1
261210011,2,0,2
261210012,2,0,2
261210013,1,0,1
261210015,9,15,24
261210016,3,1,4
261210017,0,4,4
261210018,10,2,12
261210019,19,17,36
261210020,2,0,2
261210021,0,2,2
261210022,5,6,11
261210023,8,16,24
261210024,21,11,32
261210025,12,22,34
261210026,12,6,18
261210027,1,0,1
261210028,5,5,10
261210029,1,0,1
261210031,1,1,2
261210033,0,1,1
261210034,0,1,1
261210035,3,6,9
261210036,1,2,3
261210037,8,4,12
261210038,1,1,2
261210205,0,1,1
261239702,1,0,1
261239704,4,1,5
261239705,16,6,22
261239706,1,1,2
261239707,2,0,2
261239708,0,1,1
261239709,4,3,7
261239710,1,0,1
261239711,1,0,1
261239712,2,2,4
261250132,0,1,1
261251200,9,4,13
261251210,2,1,3
261251211,11,7,18
261251215,3,0,3
261251220,1,2,3
261251221,3,2,5
261251230,2,2,4
261251240,1,1,2
261251245,3,2,5
261251250,0,1,1
261251260,3,10,13
261251261,1,1,2
261251270,9,8,17
261251271,4,14,18
261251272,26,17,43
261251273,10,10,20
261251274,6,3,9
261251280,0,1,1
261251281,5,9,14
261251282,4,1,5
261251283,3,3,6
261251284,5,11,16
261251290,3,1,4
261251301,1,1,2
261251302,4,3,7
261251303,4,2,6
261251304,1,6,7
261251310,0,5,5
261251311,1,0,1
261251312,3,1,4
261251313,2,1,3
261251320,9,12,21
261251325,5,3,8
261251330,7,4,11
261251331,1,0,1
261251340,5,7,12
261251341,3,9,12
261251342,2,0,2
261251343,2,4,6
261251344,7,12,19
261251345,11,4,15
261251346,7,3,10
261251347,2,4,6
261251360,23,17,40
261251361,3,1,4
261251362,44,37,81
261251363,10,7,17
261251364,10,22,32
261251365,7,8,15
261251366,14,5,19
261251378,3,17,20
261251380,3,2,5
261251381,1,4,5
261251390,8,6,14
261251400,4,7,11
261251401,3,8,11
261251402,17,11,28
261251410,2,2,4
261251411,1,6,7
261251415,4,1,5
261251416,1,7,8
261251418,1,0,1
261251419,1,11,12
261251420,2,0,2
261251421,10,3,13
261251422,7,26,33
261251423,0,2,2
261251425,6,10,16
261251426,18,17,35
261251427,13,66,79
261251430,3,5,8
261251440,4,6,10
261251441,4,4,8
261251442,3,1,4
261251443,2,2,4
261251444,11,7,18
261251445,4,5,9
261251446,7,4,11
261251447,10,12,22
261251448,1,1,2
261251449,1,0,1
261251450,11,6,17
261251451,1,1,2
261251452,1,7,8
261251453,3,1,4
261251454,13,8,21
261251500,27,50,77
261251501,38,59,97
261251502,26,48,74
261251503,27,65,92
261251504,15,27,42
261251505,20,38,58
261251506,22,61,83
261251507,29,86,115
261251508,25,54,79
261251509,22,47,69
261251510,21,48,69
261251520,45,95,140
261251525,20,24,44
261251526,19,40,59
261251527,8,24,32
261251528,30,54,84
261251529,20,34,54
261251540,1,4,5
261251542,4,4,8
261251545,10,22,32
261251560,17,28,45
261251561,28,22,50
261251562,12,29,41
261251563,37,66,103
261251564,26,77,103
261251565,34,41,75
261251566,56,70,126
261251567,48,78,126
261251568,48,89,137
261251569,19,27,46
261251570,13,24,37
261251571,10,18,28
261251580,19,22,41
261251581,15,14,29
261251582,12,20,32
261251590,47,84,131
261251600,26,19,45
261251605,14,39,53
261251606,14,9,23
261251607,5,3,8
261251608,41,54,95
261251609,47,70,117
261251610,44,50,94
261251611,10,22,32
261251612,16,16,32
261251613,6,6,12
261251614,15,27,42
261251615,3,3,6
261251616,12,25,37
261251617,1,5,6
261251618,13,8,21
261251619,8,5,13
261251620,7,7,14
261251621,25,60,85
261251622,25,48,73
261251623,6,6,12
261251624,2,0,2
261251625,3,2,5
261251650,10,7,17
261251651,7,11,18
261251652,10,9,19
261251660,9,37,46
261251661,13,15,28
261251662,14,21,35
261251663,72,83,155
261251664,7,5,12
261251665,12,22,34
261251666,14,27,41
261251667,33,30,63
261251668,12,8,20
261251669,7,7,14
261251670,44,36,80
261251671,37,36,73
261251672,27,41,68
261251673,17,48,65
261251674,4,5,9
261251675,17,20,37
261251700,15,10,25
261251701,0,6,6
261251702,6,8,14
261251703,2,6,8
261251704,13,14,27
261251710,8,15,23
261251711,6,10,16
261251712,3,6,9
261251713,3,1,4
261251714,8,4,12
261251715,10,9,19
261251724,4,2,6
261251730,6,3,9
261251731,1,3,4
261251732,3,4,7
261251733,1,1,2
261251734,2,4,6
261251735,3,1,4
261251736,2,1,3
261251751,2,1,3
261251753,4,1,5
261251800,6,5,11
261251801,3,3,6
261251802,4,1,5
261251803,4,4,8
261251810,10,10,20
261251811,3,3,6
261251812,4,11,15
261251813,21,22,43
261251814,0,1,1
261251815,1,2,3
261251816,0,3,3
261251830,12,8,20
261251831,3,2,5
261251832,3,5,8
261251833,3,9,12
261251834,4,13,17
261251835,62,191,253
261251836,4,9,13
261251837,14,14,28
261251838,10,7,17
261251839,2,8,10
261251840,5,12,17
261251841,3,7,10
261251842,6,8,14
261251843,7,8,15
261251844,8,8,16
261251845,16,13,29
261251846,2,5,7
261251847,2,2,4
261251870,7,14,21
261251880,25,49,74
261251881,11,15,26
261251900,3,8,11
261251901,15,23,38
261251910,14,17,31
261251911,23,46,69
261251920,9,12,21
261251922,11,10,21
261251924,14,9,23
261251926,10,18,28
261251928,0,1,1
261251930,5,4,9
261251931,4,7,11
261251932,14,15,29
261251934,7,10,17
261251938,4,5,9
261251940,22,26,48
261251942,11,25,36
261251944,7,9,16
261251946,5,2,7
261251960,5,9,14
261251961,27,60,87
261251962,8,7,15
261251963,9,12,21
261251964,13,23,36
261251965,39,38,77
261251966,7,20,27
261251967,4,12,16
261251968,40,35,75
261251969,13,16,29
261251970,13,20,33
261251971,13,5,18
261251972,13,16,29
261251973,11,13,24
261251974,1,2,3
261251975,17,25,42
261251976,9,34,43
261251977,53,63,116
261255603,0,1,1
261255604,0,1,1
261270101,2,2,4
261270102,0,2,2
261270103,4,1,5
261270104,5,4,9
261270105,1,2,3
261279703,1,0,1
261299501,1,0,1
261299502,2,3,5
261299503,1,1,2
261299504,3,2,5
261299505,12,10,22
261299506,1,2,3
261299508,1,0,1
261319702,6,1,7
261319703,0,2,2
261339702,1,2,3
261339705,1,0,1
261339706,5,3,8
261359701,2,0,2
261359703,1,0,1
261379501,0,1,1
261379502,2,2,4
261379503,14,7,21
261379504,2,0,2
261379505,5,3,8
261379506,5,4,9
261390201,1,1,2
261390202,1,1,2
261390203,1,1,2
261390205,11,19,30
261390206,5,5,10
261390209,2,1,3
261390210,20,10,30
261390211,2,8,10
261390212,5,6,11
261390213,7,14,21
261390214,0,1,1
261390215,4,4,8
261390216,11,4,15
261390217,6,3,9
261390218,3,1,4
261390219,3,1,4
261390220,2,8,10
261390221,15,31,46
261390222,18,15,33
261390223,2,5,7
261390224,1,3,4
261390225,1,0,1
261390226,1,4,5
261390227,12,15,27
261390228,3,2,5
261390229,17,2,19
261390230,2,4,6
261390301,10,8,18
261410006,0,1,1
261419501,0,1,1
261419503,5,1,6
261419504,2,0,2
261419505,1,1,2
261419506,1,1,2
261439701,0,1,1
261439702,1,0,1
261439703,4,4,8
261439704,1,2,3
261439705,1,0,1
261439706,1,1,2
261439707,1,0,1
261439709,2,0,2
261439710,0,1,1
261439711,2,1,3
261450001,0,1,1
261450006,3,5,8
261450007,0,1,1
261450009,1,0,1
261450013,4,0,4
261450014,1,6,7
261450015,2,3,5
261450016,5,3,8
261450017,3,7,10
261450018,38,37,75
261450020,2,2,4
261450021,5,9,14
261450101,5,8,13
261450102,6,11,17
261450103,71,124,195
261450104,34,31,65
261450105,24,31,55
261450106,6,7,13
261450107,1,1,2
261450108,1,0,1
261450110,2,1,3
261450111,0,1,1
261450112,0,1,1
261450113,9,4,13
261450116,2,0,2
261450117,3,0,3
261450118,2,0,2
261450119,0,2,2
261450120,9,16,25
261450121,2,1,3
261450122,1,0,1
261450123,1,0,1
261450124,2,0,2
261450126,1,3,4
261450127,6,1,7
261450131,2,6,8
261476200,6,19,25
261476210,3,3,6
261476220,6,0,6
261476230,0,1,1
261476240,3,5,8
261476250,7,30,37
261476260,10,9,19
261476270,2,6,8
261476280,1,1,2
261476290,4,6,10
261476300,8,4,12
261476310,12,25,37
261476320,0,2,2
261476340,2,0,2
261476350,6,5,11
261476370,6,6,12
261476400,5,5,10
261476410,2,1,3
261476420,11,7,18
261476430,7,6,13
261476440,1,1,2
261476460,2,1,3
261476470,1,2,3
261476480,1,1,2
261476490,4,2,6
261476500,2,0,2
261476510,2,1,3
261476520,2,0,2
261476550,7,1,8
261476570,2,1,3
261476580,2,0,2
261490401,4,1,5
261490402,0,1,1
261490403,5,3,8
261490404,0,1,1
261490405,10,11,21
261490406,2,1,3
261490407,4,4,8
261490408,0,1,1
261490409,3,1,4
261490410,1,0,1
261490411,4,4,8
261490412,1,1,2
261490413,4,0,4
261490414,1,1,2
261519605,1,0,1
261519702,0,1,1
261519704,3,1,4
261519705,4,1,5
261519706,2,0,2
261519708,3,0,3
261519709,9,4,13
261519710,4,3,7
261519711,2,0,2
261539901,1,1,2
261539903,8,4,12
261550110,1,0,1
261550301,1,0,1
261550302,1,0,1
261550303,12,5,17
261550304,8,14,22
261550305,0,1,1
261550306,6,6,12
261550307,0,1,1
261550314,4,4,8
261550315,4,2,6
261550316,3,1,4
261550317,4,2,6
261550318,1,1,2
261550319,3,3,6
261570131,1,0,1
261579601,4,5,9
261579603,2,0,2
261579605,3,3,6
261579606,8,6,14
261579607,1,4,5
261579608,2,1,3
261579609,5,1,6
261579610,2,1,3
261579611,0,1,1
261579612,2,0,2
261590030,0,1,1
261590101,1,2,3
261590103,4,6,10
261590104,6,3,9
261590105,2,1,3
261590106,1,0,1
261590107,2,1,3
261590109,2,2,4
261590110,5,2,7
261590113,0,2,2
261590114,2,0,2
261590115,0,1,1
261590116,4,1,5
261590117,16,3,19
261590309,1,0,1
261590310,0,1,1
261614001,5,30,35
261614002,4,2,6
261614003,7,22,29
261614004,22,33,55
261614005,3,6,9
261614006,27,21,48
261614007,8,12,20
261614008,24,30,54
261614021,21,74,95
261614022,117,474,591
261614023,18,68,86
261614024,0,2,2
261614025,22,59,81
261614026,18,37,55
261614027,28,53,81
261614028,33,54,87
261614031,7,30,37
261614032,13,16,29
261614033,21,36,57
261614034,12,9,21
261614035,7,17,24
261614041,32,116,148
261614042,6,16,22
261614043,13,23,36
261614044,9,27,36
261614045,35,60,95
261614046,16,23,39
261614051,12,8,20
261614052,18,51,69
261614053,46,127,173
261614054,16,14,30
261614055,3,19,22
261614060,38,67,105
261614070,33,106,139
261614072,2,2,4
261614101,20,10,30
261614102,3,7,10
261614103,4,7,11
261614104,1,4,5
261614105,0,2,2
261614106,6,9,15
261614107,1,0,1
261614108,12,7,19
261614109,3,2,5
261614110,0,1,1
261614112,0,1,1
261614121,0,3,3
261614124,8,3,11
261614125,0,1,1
261614126,3,2,5
261614127,3,10,13
261614128,8,10,18
261614140,8,19,27
261614142,4,7,11
261614144,11,47,58
261614146,5,33,38
261614148,52,94,146
261614200,0,1,1
261614210,1,0,1
261614220,3,6,9
261614229,0,2,2
261614230,14,19,33
261614232,2,3,5
261614240,17,33,50
261614310,4,0,4
261614320,3,2,5
261614410,5,13,18
261614420,24,16,40
261614430,6,10,16
261614510,23,43,66
261614520,30,68,98
261614610,7,25,32
261614620,2,6,8
261614630,1,1,2
261614640,1,1,2
261615621,1,0,1
261617430,1,2,3
261617432,1,0,1
261634070,0,1,1
261635002,3,1,4
261635003,0,1,1
261635004,3,2,5
261635006,2,0,2
261635007,3,0,3
261635008,0,1,1
261635009,1,0,1
261635010,1,0,1
261635011,0,1,1
261635012,0,1,1
261635013,2,2,4
261635014,1,2,3
261635015,23,69,92
261635016,1,2,3
261635017,2,1,3
261635018,4,1,5
261635019,3,1,4
261635020,1,0,1
261635034,1,0,1
261635035,0,1,1
261635036,2,0,2
261635039,0,1,1
261635041,2,0,2
261635045,1,0,1
261635049,3,1,4
261635051,3,4,7
261635065,1,1,2
261635066,1,2,3
261635068,0,1,1
261635069,1,0,1
261635070,2,0,2
261635071,0,1,1
261635072,1,0,1
261635073,2,1,3
261635074,2,0,2
261635075,2,0,2
261635077,1,1,2
261635078,3,0,3
261635079,1,2,3
261635103,1,0,1
261635105,1,1,2
261635107,0,1,1
261635111,1,2,3
261635114,2,0,2
261635115,0,1,1
261635116,0,1,1
261635121,1,0,1
261635123,2,0,2
261635129,1,3,4
261635133,4,4,8
261635134,3,0,3
261635142,1,5,6
261635148,1,1,2
261635150,1,1,2
261635152,0,1,1
261635153,11,7,18
261635154,3,6,9
261635155,1,0,1
261635156,0,2,2
261635157,8,8,16
261635161,1,0,1
261635163,0,1,1
261635164,3,2,5
261635165,12,12,24
261635166,2,6,8
261635167,7,4,11
261635168,4,0,4
261635169,7,4,11
261635170,11,11,22
261635171,1,0,1
261635172,6,7,13
261635174,30,80,110
261635175,284,548,832
261635177,0,1,1
261635178,0,1,1
261635180,2,7,9
261635183,0,1,1
261635184,3,2,5
261635187,1,2,3
261635188,0,1,1
261635201,4,14,18
261635202,9,8,17
261635203,78,129,207
261635204,3,1,4
261635205,0,1,1
261635207,4,2,6
261635208,11,34,45
261635211,1,0,1
261635214,1,2,3
261635215,2,0,2
261635219,4,1,5
261635220,5,4,9
261635222,1,0,1
261635223,73,208,281
261635231,1,0,1
261635232,2,2,4
261635233,2,0,2
261635234,1,0,1
261635235,0,1,1
261635238,1,1,2
261635240,2,0,2
261635242,1,0,1
261635245,1,0,1
261635248,0,1,1
261635256,0,1,1
261635258,0,2,2
261635260,1,0,1
261635261,2,1,3
261635262,1,0,1
261635263,1,0,1
261635265,1,0,1
261635301,2,2,4
261635302,0,3,3
261635303,0,1,1
261635304,0,1,1
261635305,1,1,2
261635307,1,1,2
261635311,1,0,1
261635312,7,2,9
261635313,1,0,1
261635315,1,0,1
261635316,1,0,1
261635318,0,1,1
261635319,3,5,8
261635323,3,3,6
261635324,0,1,1
261635325,21,39,60
261635326,24,55,79
261635327,1,3,4
261635330,4,2,6
261635331,1,1,2
261635334,3,0,3
261635335,1,0,1
261635336,1,0,1
261635341,0,1,1
261635342,0,1,1
261635345,1,0,1
261635347,1,1,2
261635350,0,1,1
261635356,1,1,2
261635361,2,3,5
261635362,2,0,2
261635363,1,1,2
261635365,1,0,1
261635366,0,1,1
261635369,0,1,1
261635370,3,1,4
261635371,0,1,1
261635373,1,0,1
261635376,5,4,9
261635378,1,1,2
261635381,2,5,7
261635382,15,16,31
261635383,6,4,10
261635384,7,6,13
261635385,2,3,5
261635386,8,7,15
261635387,1,4,5
261635388,0,2,2
261635389,3,2,5
261635392,0,2,2
261635393,2,2,4
261635394,5,1,6
261635395,33,66,99
261635396,11,5,16
261635397,1,1,2
261635401,0,1,1
261635402,4,0,4
261635403,0,1,1
261635404,1,1,2
261635405,1,2,3
261635406,1,1,2
261635408,2,0,2
261635410,0,1,1
261635411,4,0,4
261635413,1,1,2
261635414,1,2,3
261635415,5,6,11
261635418,0,1,1
261635422,1,2,3
261635423,4,0,4
261635424,2,1,3
261635425,2,1,3
261635428,1,3,4
261635429,5,0,5
261635430,2,1,3
261635431,7,6,13
261635432,1,1,2
261635435,1,0,1
261635437,2,0,2
261635440,1,1,2
261635443,1,0,1
261635454,1,1,2
261635455,2,0,2
261635456,2,3,5
261635458,4,0,4
261635459,0,3,3
261635460,0,1,1
261635461,2,0,2
261635463,2,1,3
261635468,0,1,1
261635501,21,49,70
261635502,13,29,42
261635503,12,31,43
261635504,20,30,50
261635505,16,42,58
261635506,11,35,46
261635507,28,52,80
261635508,5,17,22
261635509,24,62,86
261635510,30,52,82
261635511,34,40,74
261635512,11,29,40
261635513,20,27,47
261635514,9,7,16
261635515,7,7,14
261635516,3,1,4
261635520,3,2,5
261635521,1,4,5
261635522,2,1,3
261635523,3,2,5
261635524,1,0,1
261635526,2,1,3
261635531,0,1,1
261635532,1,0,1
261635536,1,1,2
261635537,2,1,3
261635541,1,1,2
261635542,0,1,1
261635543,1,5,6
261635544,2,2,4
261635545,2,1,3
261635546,3,3,6
261635547,0,2,2
261635548,2,2,4
261635549,0,1,1
261635550,0,1,1
261635551,1,2,3
261635552,0,3,3
261635553,1,5,6
261635554,1,2,3
261635555,2,0,2
261635556,1,1,2
261635560,6,11,17
261635561,7,4,11
261635562,1,8,9
261635563,18,11,29
261635564,8,11,19
261635565,8,7,15
261635566,5,7,12
261635567,2,7,9
261635568,10,4,14
261635569,4,7,11
261635570,7,8,15
261635571,2,1,3
261635572,2,6,8
261635573,1,5,6
261635574,2,11,13
261635575,5,9,14
261635576,4,6,10
261635577,2,2,4
261635579,5,35,40
261635580,3,1,4
261635581,3,1,4
261635582,6,4,10
261635583,9,7,16
261635584,7,2,9
261635585,4,5,9
261635586,5,6,11
261635587,6,7,13
261635588,1,3,4
261635589,0,1,1
261635590,3,2,5
261635591,1,3,4
261635592,5,6,11
261635601,6,9,15
261635602,11,24,35
261635603,9,19,28
261635604,11,11,22
261635605,1,12,13
261635607,10,25,35
261635616,3,4,7
261635617,4,4,8
261635619,23,41,64
261635620,22,27,49
261635621,3,5,8
261635625,2,1,3
261635626,11,7,18
261635627,5,7,12
261635632,1,1,2
261635633,3,1,4
261635634,8,2,10
261635635,6,7,13
261635636,2,1,3
261635637,3,5,8
261635638,1,7,8
261635639,5,4,9
261635641,6,3,9
261635642,1,3,4
261635643,4,3,7
261635644,14,12,26
261635645,27,10,37
261635646,4,2,6
261635647,6,2,8
261635648,6,6,12
261635649,2,0,2
261635650,3,4,7
261635664,2,1,3
261635665,1,0,1
261635666,5,1,6
261635667,3,0,3
261635668,5,10,15
261635669,2,2,4
261635671,4,1,5
261635672,3,3,6
261635673,2,4,6
261635674,1,2,3
261635675,5,2,7
261635676,9,3,12
261635677,13,7,20
261635678,4,3,7
261635680,1,4,5
261635681,4,0,4
261635682,3,1,4
261635683,2,2,4
261635684,1,1,2
261635685,0,1,1
261635686,3,6,9
261635687,1,3,4
261635688,3,6,9
261635691,0,2,2
261635692,7,23,30
261635693,9,3,12
261635695,1,0,1
261635696,0,3,3
261635697,3,4,7
261635698,1,3,4
261635699,5,1,6
261635701,6,5,11
261635702,0,2,2
261635703,3,0,3
261635704,1,0,1
261635705,2,0,2
261635709,1,0,1
261635715,13,11,24
261635716,4,4,8
261635717,0,3,3
261635718,6,1,7
261635719,4,4,8
261635720,5,0,5
261635721,9,4,13
261635722,3,4,7
261635723,23,17,40
261635724,3,0,3
261635726,2,1,3
261635727,4,3,7
261635729,0,2,2
261635735,3,2,5
261635736,4,4,8
261635737,15,5,20
261635738,3,2,5
261635739,12,8,20
261635740,10,12,22
261635741,5,4,9
261635742,10,23,33
261635743,12,25,37
261635744,26,28,54
261635745,12,19,31
261635746,11,7,18
261635747,7,1,8
261635748,7,16,23
261635749,18,34,52
261635750,14,23,37
261635751,5,13,18
261635752,2,1,3
261635753,3,4,7
261635754,7,7,14
261635755,4,9,13
261635756,33,59,92
261635760,2,7,9
261635761,0,1,1
261635762,2,1,3
261635763,2,0,2
261635764,15,14,29
261635765,4,16,20
261635766,1,0,1
261635767,3,4,7
261635770,1,1,2
261635771,6,1,7
261635773,1,0,1
261635774,3,1,4
261635775,0,2,2
261635776,1,0,1
261635777,2,2,4
261635778,3,2,5
261635779,1,0,1
261635785,0,2,2
261635786,1,1,2
261635791,1,0,1
261635795,1,0,1
261635796,1,0,1
261635801,2,1,3
261635804,2,2,4
261635805,7,5,12
261635806,4,3,7
261635807,1,16,17
261635808,1,0,1
261635809,2,2,4
261635815,1,3,4
261635816,3,1,4
261635817,10,3,13
261635818,5,0,5
261635819,3,4,7
261635820,8,3,11
261635821,6,1,7
261635830,0,1,1
261635832,0,1,1
261635833,2,2,4
261635835,2,0,2
261635836,1,0,1
261635837,2,1,3
261635838,15,17,32
261635839,0,7,7
261635840,1,0,1
261635841,2,0,2
261635842,2,1,3
261635843,2,3,5
261635845,0,4,4
261635846,4,1,5
261635847,0,1,1
261635857,0,1,1
261635859,1,2,3
261635860,1,0,1
261635870,5,4,9
261635880,6,3,9
261635881,1,0,1
261635882,2,5,7
261635883,1,1,2
261635884,1,5,6
261635890,2,1,3
261635903,1,1,2
261635915,3,3,6
261635917,1,0,1
261635918,0,1,1
261635919,3,1,4
261635920,1,1,2
261635930,15,3,18
261635931,2,5,7
261635940,9,17,26
261635941,10,8,18
261635942,5,2,7
261635943,3,7,10
261635944,0,2,2
261635945,3,5,8
261635950,2,1,3
261635951,14,9,23
261635952,7,5,12
261635960,26,41,67
261635961,16,11,27
261635970,3,1,4
261635980,2,2,4
261635990,0,1,1
261635991,1,0,1
261659802,1,0,1
261659803,0,2,2
261659804,6,2,8
261659805,10,3,13
261659806,14,10,24
261659807,2,8,10
261659808,3,8,11
261659905,0,1,1
270019906,10,1,11
270030411,1,0,1
270030501,6,4,10
270030502,38,34,72
270030504,2,5,7
270030505,27,2,29
270030506,22,35,57
270030507,36,9,45
270030508,12,13,25
270030509,2,2,4
270030510,13,15,28
270030511,22,24,46
270030512,16,22,38
270030513,5,1,6
270030514,1,0,1
270030515,11,9,20
270059504,2,0,2
270059505,12,4,16
270059506,15,7,22
270059507,1,0,1
270059509,2,0,2
270059510,2,0,2
270059603,0,1,1
270079501,3,2,5
270079502,25,15,40
270079503,0,1,1
270079505,0,1,1
270079506,9,3,12
270079507,3,3,6
270079508,2,0,2
270079602,1,0,1
270079801,1,0,1
270090201,4,0,4
270090202,1,6,7
270090203,1,0,1
270090211,4,1,5
270090212,2,1,3
270090303,0,1,1
270119501,2,0,2
270119503,6,0,6
270139701,1,0,1
270139702,3,6,9
270139703,1,5,6
270139704,9,18,27
270139705,3,8,11
270139706,0,1,1
270139707,16,23,39
270139708,3,5,8
270139710,2,2,4
270139711,4,7,11
270139712,3,5,8
270139713,1,0,1
270139714,3,1,4
270159601,1,1,2
270159602,16,10,26
270159604,3,0,3
270159605,1,1,2
270159606,5,3,8
270179701,10,2,12
270179702,4,0,4
270179703,3,2,5
270179704,0,1,1
270179705,6,4,10
270179707,1,0,1
270190275,0,3,3
270190277,0,1,1
270190901,4,1,5
270190903,28,15,43
270190904,8,5,13
270190905,3,7,10
270190906,8,7,15
270190907,5,9,14
270190908,8,2,10
270190909,0,4,4
270190910,1,0,1
270190911,0,1,1
270219505,0,1,1
270219601,0,1,1
270219603,1,1,2
270219604,0,2,2
270219605,5,1,6
270219606,0,1,1
270219607,6,1,7
270219608,1,1,2
270219609,1,0,1
270219612,4,1,5
270219811,0,1,1
270239501,1,1,2
270239502,8,2,10
270239504,1,0,1
270239701,1,0,1
270250702,4,0,4
270251101,3,1,4
270251102,0,2,2
270251103,3,0,3
270251104,11,2,13
270251105,12,3,15
270251106,1,2,3
270251304,1,0,1
270270201,3,0,3
270270202,1,1,2
270270203,1,0,1
270270204,0,2,2
270270205,8,4,12
270270301,0,1,1
270270302,2,1,3
270279509,0,1,1
270299601,4,2,6
270299603,2,1,3
270319801,6,2,8
270319802,1,0,1
270319803,2,3,5
270339701,3,0,3
270339702,3,0,3
270339703,5,0,5
270339802,1,0,1
270359501,1,0,1
270359503,1,2,3
270359505,4,1,5
270359507,9,7,16
270359509,4,11,15
270359510,1,1,2
270359511,3,7,10
270359512,1,6,7
270359513,22,26,48
270359514,1,0,1
270359515,1,1,2
270359516,0,2,2
270359607,4,2,6
270359609,0,1,1
270370601,30,8,38
270370602,5,1,6
270370603,1,3,4
270370604,0,1,1
270370605,23,20,43
270370606,35,43,78
270370607,119,115,234
270370608,56,28,84
270370609,7,0,7
270370610,5,7,12
270370611,20,8,28
270370612,1,0,1
270370615,1,2,3
270370710,2,2,4
270379702,1,1,2
270399501,2,0,2
270399502,2,0,2
270399504,1,0,1
270399505,4,4,8
270419501,1,2,3
270419502,0,1,1
270419503,3,2,5
270419504,0,2,2
270419505,4,4,8
270419506,2,1,3
270419507,26,18,44
270419509,3,0,3
270439602,0,1,1
270439603,0,1,1
270439604,6,2,8
270439606,3,0,3
270450020,1,0,1
270459601,1,0,1
270459602,2,0,2
270459603,4,0,4
270459604,4,0,4
270459605,1,0,1
270459606,3,0,3
270479803,3,1,4
270479804,14,18,32
270479805,1,1,2
270479806,1,0,1
270479808,7,6,13
270479809,1,0,1
270490614,0,1,1
270499801,28,15,43
270499802,4,4,8
270499803,5,3,8
270499805,1,0,1
270499806,9,2,11
270499807,2,0,2
270499808,3,3,6
270499809,6,3,9
270519501,0,1,1
270519502,1,0,1
270519701,3,1,4
270530001,2,2,4
270530002,3,1,4
270530003,0,2,2
270530005,2,1,3
270530006,4,4,8
270530007,1,0,1
270530009,2,0,2
270530011,2,4,6
270530012,6,7,13
270530013,3,0,3
270530018,1,1,2
270530019,2,2,4
270530022,10,0,10
270530023,1,0,1
270530024,1,1,2
270530025,1,0,1
270530026,2,2,4
270530027,4,0,4
270530028,1,1,2
270530029,1,1,2
270530030,2,1,3
270530031,1,0,1
270530032,1,2,3
270530033,1,0,1
270530035,1,5,6
270530036,4,8,12
270530037,4,11,15
270530038,6,6,12
270530039,1,13,14
270530040,9,13,22
270530041,0,1,1
270530043,2,4,6
270530044,35,36,71
270530045,5,8,13
270530046,23,64,87
270530047,3,3,6
270530048,14,51,65
270530049,113,295,408
270530050,21,13,34
270530051,9,10,19
270530052,6,27,33
270530053,7,24,31
270530054,39,102,141
270530055,16,23,39
270530056,6,7,13
270530057,0,2,2
270530058,2,0,2
270530059,1,2,3
270530060,1,0,1
270530061,2,0,2
270530062,1,2,3
270530063,27,20,47
270530064,6,2,8
270530065,28,69,97
270530066,16,26,42
270530067,2,6,8
270530068,14,9,23
270530069,3,15,18
270530070,6,2,8
270530071,2,1,3
270530072,16,79,95
270530074,9,2,11
270530075,2,3,5
270530076,4,5,9
270530077,7,1,8
270530078,2,6,8
270530079,31,76,107
270530080,4,12,16
270530081,17,2,19
270530082,14,1,15
270530084,3,0,3
270530085,6,0,6
270530086,1,0,1
270530087,1,1,2
270530088,1,4,5
270530089,4,3,7
270530090,12,9,21
270530091,18,25,43
270530092,10,14,24
270530093,2,1,3
270530094,0,1,1
270530095,1,0,1
270530096,3,9,12
270530097,1,1,2
270530098,8,18,26
270530099,14,7,21
270530101,3,0,3
270530102,5,2,7
270530103,0,1,1
270530104,1,2,3
270530105,13,5,18
270530106,10,12,22
270530107,16,17,33
270530108,11,7,18
270530109,10,3,13
270530110,4,3,7
270530111,6,5,11
270530112,13,10,23
270530113,12,23,35
270530114,18,27,45
270530115,8,10,18
270530116,4,18,22
270530117,14,14,28
270530118,7,21,28
270530119,9,0,9
270530120,8,7,15
270530121,1,2,3
270530201,10,11,21
270530202,9,1,10
270530203,12,0,12
270530204,4,0,4
270530207,0,2,2
270530208,4,1,5
270530209,1,1,2
270530210,5,3,8
270530211,1,0,1
270530212,5,5,10
270530213,2,0,2
270530214,26,64,90
270530215,6,7,13
270530216,24,31,55
270530217,16,23,39
270530218,10,28,38
270530219,12,20,32
270530220,14,19,33
270530221,2,4,6
270530222,0,8,8
270530223,4,8,12
270530224,0,1,1
270530225,4,8,12
270530226,1,1,2
270530227,6,8,14
270530228,23,39,62
270530229,46,84,130
270530230,13,38,51
270530231,11,4,15
270530232,1,12,13
270530233,8,4,12
270530234,8,6,14
270530235,28,83,111
270530236,14,41,55
270530237,13,25,38
270530238,27,69,96
270530239,32,74,106
270530240,97,153,250
270530241,1,3,4
270530242,0,3,3
270530243,0,1,1
270530244,11,5,16
270530245,1,2,3
270530246,1,1,2
270530247,0,2,2
270530248,0,2,2
270530250,7,52,59
270530251,4,2,6
270530252,8,6,14
270530253,2,2,4
270530254,15,1,16
270530255,10,7,17
270530256,7,8,15
270530257,10,27,37
270530258,5,8,13
270530259,48,58,106
270530260,71,111,182
270530261,23,19,42
270530262,32,41,73
270530263,14,26,40
270530264,34,63,97
270530265,67,84,151
270530266,35,57,92
270530267,47,23,70
270530268,31,22,53
270530269,12,6,18
270530270,5,6,11
270530271,8,14,22
270530272,14,34,48
270530273,12,14,26
270530274,3,15,18
270530275,11,30,41
270530276,15,5,20
270530277,3,5,8
270530904,0,1,1
270550201,8,4,12
270550202,0,1,1
270550203,1,0,1
270550204,1,0,1
270550205,1,1,2
270579501,1,0,1
270579703,1,2,3
270579706,15,9,24
270579707,2,2,4
270591301,1,1,2
270591302,1,1,2
270591303,31,11,42
270591304,0,2,2
270591305,0,1,1
270591306,0,1,1
270619801,4,1,5
270619803,4,2,6
270619805,1,0,1
270619806,2,0,2
270619807,1,2,3
270619808,20,12,32
270619809,5,2,7
270619810,1,1,2
270619811,2,0,2
270619905,1,0,1
270639803,1,0,1
270639804,4,1,5
270659803,12,1,13
270659804,1,0,1
270679801,2,4,6
270679802,1,1,2
270679803,6,7,13
270679804,1,7,8
270679805,5,3,8
270679806,3,5,8
270679807,7,10,17
270679808,7,9,16
270679809,30,19,49
270679810,0,3,3
270679811,2,0,2
270699901,1,1,2
270699902,4,0,4
270719901,2,1,3
270719902,10,3,13
270719903,0,1,1
270719905,1,0,1
270739801,3,0,3
270739803,4,0,4
270750154,0,1,1
270759702,0,2,2
270759703,6,1,7
270759704,9,7,16
270779603,7,2,9
270790812,3,1,4
270799501,3,1,4
270799502,2,1,3
270799503,2,0,2
270799504,1,0,1
270799505,1,1,2
270799506,1,0,1
270799701,1,0,1
270799804,1,2,3
270819501,5,0,5
270839601,1,0,1
270839602,1,0,1
270839603,1,1,2
270839604,15,6,21
270839605,0,2,2
270839606,1,0,1
270839607,3,0,3
270859501,1,0,1
270859502,2,1,3
270859503,14,4,18
270859504,9,1,10
270859506,1,0,1
270859507,8,2,10
270879601,2,0,2
270899801,1,0,1
270899804,1,0,1
270919901,1,2,3
270919902,1,0,1
270919903,0,1,1
270919905,15,5,20
270919906,5,1,6
270939602,1,0,1
270939603,8,1,9
270939604,3,0,3
270959701,1,0,1
270959702,2,0,2
270959703,2,2,4
270959705,5,0,5
270959706,1,1,2
270959707,14,0,14
270979801,1,1,2
270979802,0,1,1
270979803,6,3,9
270979804,1,0,1
270979805,1,0,1
270979806,20,4,24
270979807,2,0,2
270990001,1,0,1
270990002,4,3,7
270990003,21,8,29
270990004,1,2,3
270990006,1,0,1
270990008,1,2,3
270990009,4,8,12
270990010,0,1,1
270990013,2,0,2
271019803,6,1,7
271039803,9,2,11
271039804,6,6,12
271039805,14,16,30
271039806,1,1,2
271059902,2,0,2
271059904,1,2,3
271059905,15,3,18
271059906,4,4,8
271079602,1,0,1
271079603,4,1,5
271090001,12,47,59
271090002,13,28,41
271090003,31,35,66
271090004,54,153,207
271090005,23,66,89
271090006,4,16,20
271090007,10,42,52
271090009,10,16,26
271090010,7,10,17
271090011,11,18,29
271090012,104,335,439
271090013,17,57,74
271090014,224,828,1052
271090015,38,106,144
271090016,31,86,117
271090017,44,104,148
271090018,4,3,7
271090019,4,10,14
271090020,0,2,2
271090021,3,0,3
271090022,1,6,7
271119501,1,1,2
271119603,3,4,7
271119605,4,2,6
271119606,1,0,1
271119607,0,1,1
271119608,1,0,1
271119609,5,5,10
271119610,13,22,35
271119611,5,6,11
271119612,3,2,5
271119613,2,1,3
271139902,1,0,1
271139904,2,1,3
271139905,9,5,14
271159501,2,0,2
271159502,3,0,3
271159503,0,1,1
271159504,1,0,1
271159507,5,0,5
271159704,1,0,1
271159801,2,0,2
271159804,1,0,1
271179602,1,1,2
271179603,5,1,6
271179605,1,0,1
271190202,1,1,2
271190205,1,0,1
271190206,7,1,8
271190207,6,2,8
271190209,0,1,1
271190210,5,0,5
271219702,3,2,5
271219704,7,1,8
271230301,32,19,51
271230302,39,28,67
271230303,15,4,19
271230304,8,5,13
271230305,0,1,1
271230306,7,3,10
271230308,0,1,1
271230310,5,1,6
271230311,5,0,5
271230312,1,0,1
271230314,9,0,9
271230315,0,8,8
271230316,2,0,2
271230317,9,2,11
271230318,7,1,8
271230319,0,5,5
271230320,2,1,3
271230321,3,4,7
271230322,5,9,14
271230323,2,2,4
271230325,1,0,1
271230326,3,0,3
271230328,22,4,26
271230329,19,60,79
271230330,1,6,7
271230331,4,1,5
271230332,5,3,8
271230333,5,7,12
271230334,22,23,45
271230338,1,0,1
271230339,0,1,1
271230340,1,2,3
271230342,39,70,109
271230344,1,0,1
271230346,1,1,2
271230347,7,6,13
271230348,9,17,26
271230349,5,15,20
271230350,9,3,12
271230351,10,3,13
271230352,12,9,21
271230353,10,7,17
271230354,3,5,8
271230355,10,6,16
271230356,3,5,8
271230357,10,13,23
271230358,15,34,49
271230359,40,107,147
271230360,1,1,2
271230361,0,2,2
271230362,18,31,49
271230363,8,7,15
271230364,15,11,26
271230365,8,4,12
271230366,6,15,21
271230367,1,6,7
271230370,3,3,6
271230371,16,7,23
271230372,5,1,6
271230374,3,5,8
271230375,29,36,65
271230376,9,17,26
271230401,0,3,3
271230402,8,3,11
271230403,11,9,20
271230404,8,2,10
271230405,18,8,26
271230406,35,88,123
271230407,47,30,77
271230408,21,31,52
271230410,0,5,5
271230411,27,31,58
271230412,4,2,6
271230413,25,20,45
271230414,8,11,19
271230415,11,14,25
271230416,13,26,39
271230417,2,3,5
271230418,3,4,7
271230419,4,5,9
271230420,7,9,16
271230421,12,13,25
271230422,6,30,36
271230423,6,2,8
271230424,29,12,41
271230425,11,9,20
271230426,5,1,6
271230427,1,2,3
271259802,1,0,1
271279502,7,1,8
271279503,0,1,1
271299902,1,0,1
271299903,1,0,1
271299905,4,0,4
271299906,1,0,1
271310615,1,0,1
271319701,0,1,1
271319702,2,2,4
271319704,1,0,1
271319705,15,11,26
271319706,6,2,8
271319707,16,6,22
271319708,7,2,9
271319709,3,2,5
271339702,13,0,13
271359701,2,0,2
271359703,8,1,9
271359704,1,0,1
271359705,1,0,1
271370001,8,11,19
271370002,6,9,15
271370003,5,10,15
271370004,3,8,11
271370005,7,15,22
271370006,11,12,23
271370007,17,36,53
271370008,9,3,12
271370009,4,7,11
271370010,6,8,14
271370011,6,14,20
271370012,15,3,18
271370013,4,1,5
271370014,1,0,1
271370016,1,14,15
271370017,48,120,168
271370018,2,0,2
271370019,12,7,19
271370020,2,0,2
271370022,4,3,7
271370023,9,7,16
271370027,1,2,3
271370028,1,0,1
271370031,7,0,7
271370034,0,1,1
271370037,0,1,1
271370038,1,1,2
271370101,1,0,1
271370103,4,9,13
271370104,3,2,5
271370105,3,2,5
271370106,2,8,10
271370111,2,1,3
271370113,0,1,1
271370114,3,4,7
271370121,5,4,9
271370122,1,1,2
271370123,8,6,14
271370124,14,19,33
271370126,2,0,2
271370128,1,1,2
271370130,20,12,32
271370131,1,0,1
271370132,3,4,7
271370134,1,1,2
271370138,1,0,1
271370139,2,2,4
271370151,3,1,4
271370152,6,2,8
271370153,10,3,13
271370154,2,2,4
271370155,2,2,4
271379906,1,0,1
271390801,1,1,2
271390802,11,7,18
271390803,16,2,18
271390804,0,1,1
271390805,1,0,1
271390807,0,1,1
271390808,5,1,6
271390809,7,6,13
271390810,7,6,13
271390812,5,0,5
271390813,3,0,3
271399501,3,0,3
271410301,7,0,7
271410303,4,4,8
271410304,6,2,8
271410305,8,6,14
271410313,4,6,10
271411306,1,0,1
271439704,4,1,5
271450001,0,1,1
271450002,2,0,2
271450003,5,8,13
271450004,20,33,53
271450005,4,5,9
271450006,16,5,21
271450007,3,2,5
271450008,3,10,13
271450009,66,85,151
271450010,5,13,18
271450101,8,22,30
271450102,5,7,12
271450104,4,3,7
271450105,1,0,1
271450106,5,0,5
271450107,4,0,4
271450110,11,1,12
271450111,1,0,1
271450113,8,5,13
271450114,1,0,1
271450202,0,1,1
271450313,1,0,1
271479601,2,0,2
271479602,5,5,10
271479603,2,0,2
271479606,23,7,30
271479607,2,1,3
271479608,1,0,1
271499802,1,0,1
271499803,5,3,8
271519602,3,0,3
271519604,3,1,4
271539802,1,0,1
271539901,1,0,1
271539904,1,0,1
271539906,3,0,3
271539908,0,1,1
271559601,5,0,5
271559602,2,0,2
271570016,0,2,2
271579701,0,1,1
271579901,7,3,10
271579902,4,1,5
271579903,6,3,9
271579904,1,1,2
271579906,3,0,3
271599801,1,0,1
271599802,4,0,4
271599803,8,4,12
271599901,2,0,2
271619901,1,0,1
271619902,1,0,1
271619903,1,0,1
271619904,5,1,6
271619905,13,2,15
271630502,0,1,1
271630701,16,6,22
271630702,9,12,21
271630703,8,34,42
271630704,19,20,39
271630705,4,10,14
271630706,32,16,48
271630707,9,15,24
271630709,10,8,18
271630710,79,89,168
271630711,5,9,14
271630712,20,2,22
271630713,1,0,1
271631104,1,1,2
271659501,2,0,2
271659502,6,1,7
271679502,0,2,2
271690201,0,4,4
271699701,1,2,3
271699703,4,6,10
271699704,2,6,8
271699705,4,3,7
271699706,15,5,20
271699708,7,4,11
271699710,1,1,2
271710112,3,1,4
271710269,1,0,1
271710270,1,1,2
271711001,1,0,1
271711002,11,3,14
271711003,1,0,1
271711004,2,3,5
271711005,1,0,1
271711006,2,4,6
271711007,19,3,22
271711008,2,1,3
271711009,0,2,2
271711010,2,1,3
271711011,1,0,1
271711012,1,1,2
271711013,1,0,1
271739503,1,0,1
271739701,2,0,2
271739702,6,1,7
280010001,2,2,4
280010002,1,0,1
280010003,1,2,3
280010005,0,2,2
280010006,2,4,6
280010007,12,11,23
280010008,3,3,6
280010009,24,25,49
280039502,4,5,9
280039503,12,19,31
280039505,3,6,9
280039507,1,0,1
280059501,3,1,4
280059502,3,1,4
280079504,0,1,1
280079505,2,1,3
280079506,8,1,9
280119501,1,2,3
280119502,1,0,1
280119503,2,0,2
280119504,1,1,2
280119506,12,8,20
280119507,7,2,9
280139501,2,0,2
280139503,2,1,3
280159501,4,1,5
280179501,4,1,5
280179502,1,0,1
280179503,5,1,6
280179504,1,0,1
280199502,4,0,4
280199503,2,0,2
280219502,3,1,4
280239501,1,1,2
280239502,1,0,1
280239504,3,1,4
280259501,7,4,11
280259503,2,0,2
280259504,5,4,9
280259505,1,1,2
280279502,4,6,10
280279504,4,4,8
280279505,16,15,31
280279507,1,3,4
280299501,4,0,4
280299502,1,1,2
280299503,1,2,3
280299504,8,1,9
280319501,1,0,1
280319502,2,0,2
280319503,4,0,4
280330701,0,1,1
280330702,1,1,2
280330703,1,1,2
280330704,4,6,10
280330705,11,14,25
280330706,8,2,10
280330707,1,2,3
280330708,9,4,13
280330709,0,1,1
280330710,2,1,3
280330711,5,2,7
280350002,4,16,20
280350006,1,0,1
280350007,4,9,13
280350008,46,109,155
280350009,2,2,4
280350010,0,2,2
280350101,2,0,2
280350102,2,4,6
280350103,3,0,3
280350104,2,0,2
280350105,4,2,6
280350201,0,1,1
280350202,3,6,9
280350203,1,11,12
280379501,4,0,4
280399501,0,2,2
280399502,2,2,4
280399503,3,1,4
280419502,2,1,3
280439501,2,1,3
280439503,10,1,11
280439504,2,0,2
280439505,7,10,17
280450301,3,10,13
280450302,3,3,6
280450303,14,18,32
280450304,1,1,2
280450305,6,11,17
280450306,2,0,2
280470003,1,0,1
280470004,0,1,1
280470005,12,11,23
280470006,1,3,4
280470007,2,3,5
280470008,2,2,4
280470009,11,34,45
280470010,25,15,40
280470011,2,3,5
280470012,21,36,57
280470013,7,8,15
280470014,5,10,15
280470015,13,28,41
280470016,11,14,25
280470017,9,11,20
280470018,1,1,2
280470019,0,1,1
280470021,4,4,8
280470022,0,10,10
280470023,8,27,35
280470025,0,1,1
280470026,16,41,57
280470027,4,0,4
280470028,4,9,13
280470029,5,8,13
280470030,2,3,5
280470031,8,7,15
280470032,15,14,29
280470033,18,44,62
280470034,10,8,18
280470035,5,5,10
280490001,16,22,38
280490002,23,38,61
280490003,17,26,43
280490004,3,12,15
280490005,5,6,11
280490006,1,2,3
280490007,1,1,2
280490008,1,0,1
280490011,0,1,1
280490012,1,0,1
280490013,89,366,455
280490014,29,46,75
280490015,47,70,117
280490016,10,87,97
280490021,1,0,1
280490024,1,0,1
280490027,2,1,3
280490030,1,5,6
280490031,4,1,5
280490033,9,9,18
280490034,1,1,2
280490036,2,2,4
280490039,6,12,18
280490101,45,72,117
280490102,11,9,20
280490103,3,6,9
280490104,11,4,15
280490105,2,2,4
280490106,2,0,2
280490107,4,6,10
280490108,9,8,17
280490109,1,0,1
280490110,10,17,27
280490111,14,4,18
280490112,2,5,7
280490113,1,0,1
280490301,0,2,2
280490303,1,0,1
280519501,2,2,4
280519502,5,1,6
280519504,1,0,1
280519505,1,0,1
280539501,1,0,1
280539503,2,2,4
280579502,2,1,3
280579503,7,0,7
280590401,0,2,2
280590402,4,1,5
280590403,4,4,8
280590404,7,15,22
280590405,16,26,42
280590406,11,16,27
280590407,26,59,85
280590408,3,1,4
280590409,9,11,20
280590410,5,4,9
280590411,3,2,5
280590413,2,1,3
280590414,4,5,9
280590415,3,2,5
280590416,1,0,1
280590418,1,0,1
280590419,9,21,30
280590422,13,12,25
280590423,6,15,21
280590424,2,0,2
280590425,3,6,9
280590426,2,6,8
280599502,6,3,9
280619503,5,0,5
280639501,2,1,3
280659501,4,2,6
280659502,0,1,1
280679501,2,0,2
280679503,2,1,3
280679504,5,8,13
280679505,9,34,43
280679506,21,6,27
280679508,0,2,2
280679510,7,2,9
280690103,1,0,1
280699501,2,0,2
280719501,0,2,2
280719502,26,47,73
280719503,5,4,9
280719504,4,4,8
280719505,0,4,4
280730008,2,0,2
280730201,3,3,6
280730202,22,20,42
280730203,23,39,62
280730204,4,0,4
280730205,1,0,1
280730206,1,0,1
280750001,29,70,99
280750003,0,2,2
280750004,14,26,40
280750006,4,0,4
280750007,1,0,1
280750008,6,4,10
280750009,0,2,2
280750010,7,1,8
280750011,25,34,59
280750101,2,3,5
280750102,8,10,18
280750103,5,2,7
280750105,2,4,6
280750106,1,1,2
280779602,5,0,5
280799501,0,1,1
280799503,7,2,9
280799507,1,0,1
280819501,1,0,1
280819502,7,4,11
280819503,0,1,1
280819504,7,21,28
280819505,13,8,21
280819506,19,27,46
280819507,30,50,80
280819508,1,21,22
280819509,18,37,55
280819510,0,1,1
280819511,1,1,2
280839501,1,0,1
280839503,1,0,1
280839504,2,0,2
280839506,5,11,16
280839507,20,28,48
280839508,1,0,1
280859501,1,1,2
280859502,1,0,1
280859503,0,1,1
280859504,0,1,1
280859505,6,6,12
280859506,13,10,23
280870002,2,1,3
280870003,14,28,42
280870004,3,3,6
280870005,1,0,1
280870006,1,0,1
280870007,2,6,8
280870009,29,27,56
280870010,2,1,3
280890301,51,101,152
280890302,48,96,144
280890303,19,24,43
280890304,5,7,12
280890306,6,3,9
280890308,1,0,1
280890309,5,0,5
280890310,1,0,1
280919501,2,1,3
280919504,11,3,14
280919505,2,0,2
280919506,1,0,1
280939501,1,0,1
280939502,0,2,2
280939503,2,0,2
280939504,1,3,4
280959501,4,1,5
280959502,0,1,1
280959503,8,5,13
280959504,11,7,18
280959505,2,0,2
280959507,4,6,10
280959508,2,0,2
280979502,2,0,2
280979503,6,1,7
280999501,2,0,2
280999502,1,0,1
280999505,17,1,18
280999506,1,0,1
281019501,3,0,3
281019502,1,2,3
281019504,2,1,3
281019505,5,1,6
281039501,2,0,2
281039503,4,0,4
281059501,1,0,1
281059502,2,3,5
281059503,12,5,17
281059504,4,2,6
281059505,6,3,9
281059506,3,9,12
281079501,2,2,4
281079502,1,2,3
281079503,2,0,2
281079506,13,6,19
281099502,2,0,2
281099503,3,0,3
281099504,1,1,2
281099505,4,2,6
281099506,11,6,17
281119501,5,0,5
281119509,0,1,1
281139501,2,2,4
281139502,0,2,2
281139503,1,2,3
281139504,14,15,29
281139505,14,23,37
281139506,5,1,6
281139507,1,0,1
281159502,2,1,3
281159503,5,0,5
281159504,0,1,1
281179502,1,0,1
281179503,10,5,15
281179504,1,0,1
281199502,3,1,4
281210201,4,9,13
281210202,66,91,157
281210203,46,53,99
281210204,4,4,8
281210205,7,14,21
281210206,0,1,1
281210207,6,12,18
281210208,7,8,15
281210209,2,1,3
281210210,1,1,2
281239501,4,0,4
281239504,2,1,3
281239505,4,0,4
281259501,1,0,1
281259502,2,0,2
281279502,2,0,2
281279503,1,0,1
281279504,5,3,8
281279505,9,0,9
281299501,3,1,4
281299503,2,0,2
281310201,5,1,6
281310202,1,2,3
281339501,2,2,4
281339502,6,2,8
281339504,7,2,9
281339505,1,0,1
281339506,1,0,1
281359501,2,1,3
281359502,3,0,3
281359503,1,1,2
281379503,7,1,8
281379504,6,0,6
281399501,0,1,1
281399502,3,1,4
281399503,3,0,3
281399504,1,1,2
281419502,0,4,4
281419503,5,0,5
281419504,5,0,5
281439501,0,1,1
281439502,2,0,2
281459501,1,0,1
281459502,0,1,1
281459503,10,0,10
281459504,8,5,13
281459505,2,1,3
281479502,11,1,12
281499501,2,1,3
281499502,4,10,14
281499503,0,4,4
281499504,1,2,3
281499505,12,7,19
281499506,8,5,13
281499507,3,9,12
281499508,19,11,30
281499509,2,5,7
281499511,1,1,2
281510002,1,1,2
281510005,6,16,22
281510007,16,19,35
281510008,3,7,10
281510009,2,5,7
281510010,7,5,12
281510011,2,2,4
281510012,4,7,11
281510013,0,1,1
281510014,0,1,1
281510016,1,2,3
281510017,2,1,3
281510019,1,0,1
281510020,1,0,1
281510021,0,1,1
281510022,1,0,1
281539501,0,1,1
281539502,11,4,15
281539503,1,0,1
281559501,2,0,2
281559502,2,0,2
281559503,3,2,5
281579501,5,2,7
281579502,4,0,4
281599503,5,1,6
281599504,3,2,5
281599507,0,1,1
281619501,1,1,2
281619502,2,3,5
281639501,1,0,1
281639502,4,3,7
281639503,2,1,3
281639505,5,3,8
281639506,1,0,1
290019501,2,1,3
290019502,1,0,1
290019503,17,15,32
290019504,9,12,21
290019505,24,44,68
290019506,1,1,2
290019509,3,1,4
290019801,1,0,1
290030007,1,2,3
290030101,0,3,3
290030102,3,2,5
290030103,0,2,2
290059501,3,0,3
290059502,2,1,3
290079501,4,0,4
290079502,0,1,1
290079504,10,11,21
290079505,1,0,1
290079506,0,1,1
290079507,10,15,25
290099601,4,2,6
290099603,7,6,13
290099605,7,2,9
290099706,1,0,1
290099901,1,0,1
290119601,1,0,1
290119602,1,1,2
290119603,5,3,8
290130611,0,1,1
290139703,7,1,8
290159601,1,0,1
290159602,2,0,2
290159603,3,2,5
290179501,1,1,2
290179502,1,0,1
290190001,5,31,36
290190002,10,13,23
290190003,17,41,58
290190004,50,204,254
290190005,5,2,7
290190006,18,26,44
290190007,8,10,18
290190008,5,5,10
290190009,2,7,9
290190010,42,108,150
290190011,76,144,220
290190012,48,105,153
290190013,5,9,14
290190014,7,14,21
290190015,20,30,50
290190016,8,15,23
290190017,7,20,27
290190018,17,24,41
290190019,5,7,12
290190020,3,0,3
290199602,0,1,1
290210001,6,6,12
290210002,1,6,7
290210003,1,6,7
290210005,3,3,6
290210006,3,12,15
290210007,41,52,93
290210008,2,8,10
290210009,0,2,2
290210010,2,1,3
290210011,1,0,1
290210012,0,2,2
290210013,2,8,10
290210014,1,0,1
290210016,2,0,2
290210017,1,0,1
290210018,0,2,2
290210020,1,0,1
290210022,1,0,1
290210024,2,0,2
290210027,1,2,3
290210028,1,1,2
290210030,1,2,3
290210101,1,4,5
290239501,4,3,7
290239502,3,2,5
290239503,43,37,80
290239504,9,7,16
290239505,7,9,16
290239508,1,0,1
290239509,0,1,1
290239901,0,1,1
290259501,1,0,1
290259502,2,1,3
290279701,1,2,3
290279702,0,2,2
290279703,5,6,11
290279704,9,4,13
290279705,4,0,4
290279706,0,1,1
290279707,2,1,3
290279708,1,1,2
290299501,7,3,10
290299502,13,22,35
290299505,11,5,16
290299506,2,1,3
290299507,1,0,1
290299508,1,3,4
290299708,3,1,4
290319701,0,1,1
290319801,1,1,2
290319802,0,1,1
290319803,1,0,1
290319804,2,1,3
290319805,5,3,8
290319806,5,4,9
290319807,6,13,19
290319808,2,0,2
290319809,1,3,4
290319810,3,22,25
290319811,2,12,14
290319812,4,18,22
290319813,15,29,44
290319814,1,0,1
290319815,27,68,95
290339601,1,0,1
290339603,3,2,5
290359602,1,0,1
290370139,1,0,1
290370600,11,7,18
290370602,3,3,6
290370603,8,7,15
290370604,0,1,1
290370605,1,1,2
290370606,2,0,2
290370608,0,1,1
290370609,6,4,10
290370610,2,1,3
290370611,1,2,3
290399702,5,4,9
290399703,5,1,6
290419702,2,0,2
290419703,3,0,3
290430047,1,1,2
290430202,6,6,12
290430203,8,9,17
290430204,1,1,2
290430205,0,1,1
290459503,2,1,3
290470200,0,1,1
290470201,11,63,74
290470202,15,19,34
290470203,19,17,36
290470204,2,0,2
290470205,2,4,6
290470206,1,1,2
290470207,0,1,1
290470208,15,11,26
290470209,8,4,12
290470210,19,17,36
290470211,7,12,19
290470212,21,13,34
290470213,9,8,17
290470214,26,38,64
290470216,9,1,10
290470217,11,5,16
290470218,8,9,17
290470219,2,0,2
290470220,4,2,6
290470306,2,0,2
290499601,4,4,8
290499603,6,0,6
290499604,0,1,1
290510101,8,15,23
290510102,0,1,1
290510103,1,1,2
290510104,13,9,22
290510105,20,18,38
290510106,14,15,29
290510107,25,42,67
290510108,10,22,32
290510109,1,5,6
290510201,1,2,3
290510202,1,0,1
290510203,1,1,2
290510204,2,3,5
290510205,1,1,2
290510206,2,2,4
290539501,6,1,7
290539503,2,1,3
290539504,3,1,4
290539505,1,1,2
290558011,1,1,2
290559501,8,2,10
290559502,0,1,1
290559503,3,1,4
290559504,1,1,2
290579701,2,0,2
290579801,1,0,1
290579802,1,3,4
290599801,1,0,1
290599802,3,1,4
290619602,1,0,1
290619702,1,1,2
290639601,1,0,1
290639604,1,0,1
290639801,4,0,4
290659602,0,1,1
290659603,8,2,10
290659604,1,0,1
290679804,3,1,4
290699601,4,0,4
290699602,2,0,2
290699605,7,3,10
290699606,11,3,14
290699607,3,1,4
290699608,2,0,2
290699609,1,0,1
290718001,5,5,10
290718002,25,22,47
290718003,7,3,10
290718004,3,2,5
290718005,1,2,3
290718006,8,3,11
290718007,2,3,5
290718008,1,1,2
290718009,3,0,3
290718010,1,0,1
290718011,3,2,5
290739601,4,6,10
290739604,3,1,4
290739605,1,0,1
290759601,3,0,3
290759602,3,1,4
290770001,1,1,2
290770002,2,2,4
290770003,4,2,6
290770004,2,1,3
290770006,3,4,7
290770007,37,16,53
290770009,1,2,3
290770010,6,34,40
290770011,42,86,128
290770012,1,0,1
290770013,31,44,75
290770014,1,1,2
290770015,1,1,2
290770016,2,2,4
290770021,2,0,2
290770022,1,4,5
290770023,1,0,1
290770024,2,5,7
290770025,17,41,58
290770026,12,24,36
290770027,13,63,76
290770028,34,37,71
290770029,7,0,7
290770030,4,7,11
290770033,3,0,3
290770036,2,1,3
290770037,15,30,45
290770038,25,35,60
290770039,2,2,4
290770040,34,38,72
290770041,19,22,41
290770042,5,3,8
290770044,1,0,1
290770046,5,1,6
290770047,5,10,15
290770048,2,4,6
290770049,0,2,2
290770050,3,5,8
290770052,4,2,6
290770203,2,4,6
290799603,1,2,3
290799604,4,2,6
290819503,6,2,8
290839501,3,2,5
290839502,2,0,2
290839503,0,1,1
290839504,1,0,1
290839505,6,5,11
290839506,7,6,13
290859703,0,1,1
290859704,1,0,1
290879602,2,0,2
290899601,1,1,2
290899603,5,1,6
290919804,1,0,1
290919901,6,0,6
290919902,1,0,1
290919903,1,6,7
290919905,0,1,1
290919906,1,2,3
290919907,2,10,12
290919908,18,19,37
290939701,2,0,2
290939703,7,1,8
290950001,1,0,1
290950002,2,4,6
290950005,0,9,9
290950007,1,0,1
290950009,3,0,3
290950010,3,2,5
290950011,3,4,7
290950012,1,2,3
290950013,3,2,5
290950014,1,0,1
290950017,6,5,11
290950019,0,1,1
290950021,1,1,2
290950025,2,0,2
290950029,1,1,2
290950031,54,80,134
290950043,32,65,97
290950044,35,43,78
290950046,4,6,10
290950047,7,13,20
290950048,1,3,4
290950049,1,0,1
290950050,2,2,4
290950051,1,2,3
290950057,1,4,5
290950058,3,9,12
290950060,1,1,2
290950063,0,1,1
290950065,1,0,1
290950066,3,13,16
290950067,0,1,1
290950068,1,4,5
290950069,50,127,177
290950070,3,3,6
290950071,7,5,12
290950072,8,20,28
290950073,12,32,44
290950074,6,21,27
290950075,0,1,1
290950077,1,1,2
290950078,4,2,6
290950079,1,1,2
290950080,0,4,4
290950082,9,10,19
290950083,5,9,14
290950084,4,22,26
290950085,11,25,36
290950086,53,91,144
290950087,42,97,139
290950088,0,1,1
290950089,1,3,4
290950090,2,0,2
290950091,10,4,14
290950092,3,9,12
290950093,2,3,5
290950094,5,1,6
290950095,0,1,1
290950096,0,1,1
290950097,5,2,7
290950098,3,13,16
290950099,4,7,11
290950100,14,17,31
290950101,51,66,117
290950102,12,2,14
290950103,3,4,7
290950104,0,4,4
290950105,0,1,1
290950106,6,8,14
290950107,11,2,13
290950110,3,0,3
290950113,0,1,1
290950114,6,0,6
290950115,1,2,3
290950116,1,2,3
290950117,19,25,44
290950118,2,0,2
290950119,1,2,3
290950120,6,1,7
290950121,1,1,2
290950122,3,2,5
290950123,5,5,10
290950124,1,3,4
290950125,5,8,13
290950126,6,7,13
290950127,4,3,7
290950128,5,4,9
290950129,1,1,2
290950130,2,19,21
290950131,0,1,1
290950132,3,3,6
290950133,11,0,11
290950134,3,24,27
290950135,3,2,5
290950136,17,11,28
290950137,23,7,30
290950138,13,4,17
290950139,7,7,14
290950140,0,3,3
290950141,34,24,58
290950142,60,34,94
290950143,2,7,9
290950144,3,1,4
290950145,6,30,36
290950146,9,13,22
290950147,10,24,34
290950148,7,12,19
290950149,11,8,19
290950150,1,0,1
290970101,3,27,30
290970102,1,3,4
290970103,3,1,4
290970104,1,2,3
290970105,2,9,11
290970106,1,2,3
290970107,17,26,43
290970108,4,1,5
290970109,14,49,63
290970110,0,2,2
290970111,3,6,9
290970112,2,0,2
290970113,1,3,4
290970114,2,2,4
290970115,1,0,1
290970116,1,1,2
290970117,4,4,8
290970118,7,4,11
290970120,3,1,4
290970121,0,1,1
290970122,1,0,1
290970205,3,14,17
290997001,12,15,27
290997002,3,2,5
290997003,4,4,8
290997004,3,1,4
290997005,5,1,6
290997006,8,2,10
290997007,9,14,23
290997008,2,0,2
290997009,1,4,5
290997010,1,1,2
290997012,3,1,4
290997014,8,7,15
291019601,0,1,1
291019602,2,0,2
291019603,3,2,5
291019604,2,0,2
291019605,10,11,21
291019606,8,6,14
291019607,4,2,6
291019608,1,2,3
291019609,0,2,2
291039602,0,1,1
291059601,1,0,1
291059602,0,1,1
291059603,0,1,1
291059604,7,1,8
291059605,6,4,10
291059606,9,3,12
291070901,1,0,1
291070902,3,4,7
291070903,2,0,2
291070904,4,1,5
291070905,1,0,1
291070906,4,1,5
291099603,1,0,1
291099702,8,8,16
291099704,1,1,2
291099705,1,0,1
291099706,11,2,13
291119701,3,0,3
291119702,1,0,1
291138101,1,0,1
291138102,2,1,3
291138103,10,7,17
291159902,0,1,1
291159903,0,1,1
291159904,6,3,9
291159905,3,0,3
291179802,1,1,2
291179803,7,4,11
291179804,2,1,3
291199702,0,1,1
291199703,2,0,2
291199704,1,0,1
291219801,1,1,2
291219804,8,0,8
291219805,0,1,1
291239602,6,8,14
291259801,0,1,1
291259802,1,0,1
291279601,3,7,10
291279602,0,1,1
291279603,3,0,3
291279604,8,8,16
291279605,0,2,2
291279606,6,7,13
291279607,1,0,1
291279609,11,10,21
291299702,1,0,1
291319501,2,0,2
291319825,2,1,3
291319828,2,2,4
291319829,7,1,8
291339502,2,0,2
291339504,2,1,3
291359851,0,1,1
291359852,3,2,5
291379601,2,0,2
291379602,1,3,4
291399701,1,0,1
291399702,5,0,5
291399704,0,3,3
291419702,1,0,1
291419703,5,2,7
291419705,2,0,2
291419706,0,2,2
291439601,1,2,3
291439603,1,0,1
291439604,0,1,1
291439605,1,0,1
291439606,2,1,3
291450201,14,8,22
291450202,4,3,7
291450203,2,0,2
291450204,2,0,2
291450205,37,55,92
291450206,3,9,12
291450207,3,1,4
291450208,1,0,1
291479701,1,0,1
291479703,13,8,21
291479704,0,1,1
291479705,4,0,4
291499801,1,0,1
291499802,1,0,1
291519801,1,0,1
291519901,1,0,1
291519902,1,0,1
291519903,2,1,3
291519904,0,1,1
291539701,1,0,1
291559702,6,1,7
291559703,0,1,1
291559704,6,4,10
291559706,1,0,1
291579702,1,0,1
291579703,4,3,7
291579704,3,0,3
291579705,1,0,1
291599801,0,1,1
291599802,3,7,10
291599803,0,1,1
291599805,2,0,2
291599807,7,6,13
291599808,2,1,3
291599809,1,2,3
291599810,7,10,17
291599811,4,1,5
291619901,1,1,2
291619902,1,1,2
291619903,6,9,15
291619904,17,13,30
291619905,1,0,1
291619907,3,1,4
291619908,3,6,9
291619909,9,15,24
291619910,3,3,6
291639601,6,3,9
291639604,2,2,4
291639605,3,0,3
291650212,0,1,1
291650300,7,10,17
291650301,14,19,33
291650302,29,31,60
291650303,8,15,23
291650304,2,3,5
291650305,4,4,8
291650306,2,3,5
291650307,2,1,3
291679601,7,2,9
291679602,5,0,5
291679603,6,6,12
291679604,1,1,2
291699602,3,0,3
291699701,3,2,5
291699703,6,5,11
291699704,16,11,27
291699705,3,1,4
291719601,0,1,1
291719602,1,2,3
291739609,1,0,1
291739701,2,1,3
291739702,1,0,1
291739703,1,0,1
291759901,1,0,1
291759902,2,0,2
291759903,13,2,15
291759904,1,4,5
291759905,1,4,5
291770218,2,0,2
291770802,8,5,13
291799801,1,0,1
291799802,1,2,3
291819703,6,2,8
291833102,1,0,1
291833103,2,8,10
291833105,15,42,57
291833106,3,4,7
291833107,5,9,14
291833108,1,1,2
291833109,8,1,9
291833110,5,7,12
291833111,34,22,56
291833112,13,4,17
291833113,11,2,13
291833114,20,21,41
291833115,0,3,3
291833116,1,3,4
291833117,15,5,20
291833118,1,2,3
291833119,18,12,30
291833120,2,1,3
291833121,6,10,16
291833122,2,8,10
291859801,4,0,4
291859803,5,1,6
291869901,0,1,1
291869902,10,2,12
291869903,2,2,4
291879501,2,1,3
291879503,4,1,5
291879504,1,1,2
291879506,1,1,2
291879507,5,3,8
291879508,5,10,15
291879509,30,28,58
291879510,0,1,1
291879511,2,0,2
291891051,1,2,3
291892101,1,2,3
291892102,0,1,1
291892103,0,1,1
291892105,2,1,3
291892106,0,2,2
291892107,2,4,6
291892108,19,63,82
291892109,21,10,31
291892110,2,3,5
291892111,9,14,23
291892112,37,28,65
291892113,13,5,18
291892115,1,0,1
291892116,1,3,4
291892117,3,3,6
291892118,1,0,1
291892119,3,1,4
291892120,3,0,3
291892121,2,1,3
291892122,2,0,2
291892123,3,3,6
291892125,2,4,6
291892126,4,0,4
291892127,2,0,2
291892129,1,1,2
291892131,40,61,101
291892132,8,13,21
291892133,3,0,3
291892134,2,3,5
291892135,1,0,1
291892137,4,4,8
291892138,3,1,4
291892142,1,0,1
291892143,0,1,1
291892144,3,3,6
291892145,2,1,3
291892146,5,3,8
291892148,4,0,4
291892149,0,2,2
291892150,34,68,102
291892151,46,78,124
291892152,230,505,735
291892153,78,167,245
291892154,38,60,98
291892155,31,52,83
291892156,16,21,37
291892157,9,5,14
291892158,40,68,108
291892159,7,11,18
291892161,10,40,50
291892162,41,77,118
291892163,19,31,50
291892164,38,108,146
291892165,27,70,97
291892166,37,62,99
291892167,23,25,48
291892168,54,80,134
291892170,3,2,5
291892171,2,0,2
291892172,1,3,4
291892173,4,8,12
291892174,34,50,84
291892175,27,64,91
291892176,35,96,131
291892177,104,256,360
291892178,117,144,261
291892179,50,54,104
291892180,71,109,180
291892181,8,16,24
291892182,22,38,60
291892183,9,12,21
291892184,13,35,48
291892185,8,11,19
291892186,5,2,7
291892187,1,6,7
291892188,17,24,41
291892189,5,5,10
291892190,4,4,8
291892191,14,19,33
291892192,8,17,25
291892193,8,11,19
291892194,22,33,55
291892195,29,20,49
291892196,35,40,75
291892197,4,8,12
291892198,15,23,38
291892199,1,0,1
291892200,5,5,10
291892201,3,2,5
291892202,0,1,1
291892204,35,30,65
291892205,14,21,35
291892206,5,10,15
291892207,9,5,14
291892208,32,34,66
291892209,7,6,13
291892210,8,6,14
291892211,5,6,11
291892212,48,98,146
291892213,45,52,97
291892214,14,18,32
291892215,8,18,26
291892216,76,126,202
291897003,0,2,2
291959902,9,3,12
291959903,2,0,2
291959904,5,4,9
291959905,2,2,4
291959906,0,1,1
291979701,1,0,1
291979702,0,1,1
291999802,3,1,4
292019801,3,0,3
292019802,3,3,6
292019805,5,10,15
292019807,1,2,3
292019808,17,26,43
292019810,1,0,1
292039701,0,1,1
292039702,1,1,2
292059502,2,0,2
292059503,0,2,2
292079701,0,2,2
292079703,1,0,1
292079705,1,2,3
292079706,8,2,10
292079707,1,0,1
292079708,1,0,1
292090202,0,3,3
292099801,1,1,2
292099901,1,0,1
292099902,1,0,1
292099903,4,4,8
292099904,2,1,3
292099905,4,1,5
292119801,1,1,2
292119803,0,1,1
292139801,14,25,39
292139803,3,3,6
292139804,5,3,8
292139805,3,3,6
292159801,1,2,3
292159802,2,0,2
292159803,7,5,12
292159804,1,1,2
292179502,0,1,1
292179503,8,7,15
292179504,5,7,12
292179505,2,0,2
292198201,5,2,7
292198202,0,3,3
292199601,0,1,1
292219603,4,2,6
292239901,2,0,2
292239902,1,0,1
292239903,4,1,5
292239904,1,0,1
292250047,0,2,2
292250204,0,1,1
292259701,1,0,1
292259702,4,1,5
292259703,2,0,2
292259704,3,0,3
292279801,1,0,1
292299901,0,1,1
292299902,0,1,1
292299904,5,1,6
295101011,1,0,1
295101012,5,3,8
295101013,1,4,5
295101014,2,1,3
295101018,0,1,1
295101021,2,0,2
295101022,10,7,17
295101024,0,1,1
295101031,10,21,31
295101034,2,3,5
295101036,2,2,4
295101037,2,4,6
295101038,11,10,21
295101039,1,0,1
295101041,1,1,2
295101042,5,13,18
295101045,18,37,55
295101051,10,22,32
295101052,14,21,35
295101053,3,1,4
295101055,6,1,7
295101063,1,0,1
295101064,1,0,1
295101065,2,2,4
295101067,1,2,3
295101071,5,2,7
295101073,0,1,1
295101075,1,0,1
295101077,0,5,5
295101083,1,0,1
295101096,0,2,2
295101105,1,0,1
295101113,2,2,4
295101121,41,52,93
295101122,3,8,11
295101124,96,278,374
295101131,16,15,31
295101135,4,4,8
295101141,27,34,61
295101142,12,2,14
295101143,3,9,12
295101151,4,0,4
295101153,1,2,3
295101154,2,0,2
295101155,0,2,2
295101157,3,2,5
295101161,0,1,1
295101162,0,3,3
295101163,5,4,9
295101164,0,3,3
295101165,3,2,5
295101171,33,184,217
295101172,3,10,13
295101173,6,13,19
295101174,6,13,19
295101181,0,1,1
295101184,4,3,7
295101185,56,158,214
295101186,98,274,372
295101191,66,127,193
295101192,6,10,16
295101193,8,25,33
295101203,2,1,3
295101211,1,0,1
295101214,2,2,4
295101221,0,4,4
295101224,1,4,5
295101231,2,0,2
295101232,6,10,16
295101233,2,4,6
295101234,5,7,12
295101235,2,2,4
295101241,7,12,19
295101246,1,2,3
295101255,12,20,32
295101256,3,11,14
295101257,1,0,1
295101266,1,2,3
295102161,0,1,1
300019891,0,2,2
300019892,6,3,9
300019893,2,5,7
300019894,1,0,1
300039640,11,0,11
300039641,7,0,7
300059723,4,1,5
300059724,1,0,1
300079832,4,2,6
300099652,1,1,2
300099656,8,2,10
300119603,1,0,1
300130002,1,1,2
300130003,1,2,3
300130004,1,2,3
300130005,0,1,1
300130006,22,46,68
300130007,1,0,1
300130008,4,1,5
300130009,2,0,2
300130010,3,8,11
300130011,0,1,1
300130012,1,1,2
300130016,0,1,1
300130018,2,3,5
300130019,2,4,6
300130021,16,35,51
300130022,15,20,35
300130023,10,20,30
300130104,1,3,4
300130106,1,4,5
300130107,2,0,2
300159715,2,1,3
300179616,3,4,7
300179617,11,14,25
300199559,1,0,1
300219534,7,4,11
300239906,0,2,2
300239907,3,1,4
300239908,1,0,1
300239909,4,7,11
300259594,2,0,2
300279696,0,1,1
300279701,5,2,7
300279702,6,2,8
300290001,2,0,2
300290002,6,2,8
300290003,2,3,5
300290004,22,16,38
300290005,0,2,2
300290006,4,8,12
300290007,0,1,1
300290008,6,18,24
300290009,39,57,96
300290010,1,1,2
300290011,5,0,5
300290012,0,1,1
300290013,7,9,16
300290014,4,5,9
300319857,6,5,11
300319859,1,2,3
300319860,13,19,32
300319861,2,3,5
300319862,5,13,18
300319863,1,3,4
300319864,1,3,4
300319865,40,45,85
300319866,5,2,7
300319867,3,2,5
300319868,2,4,6
300359760,4,2,6
300359761,7,1,8
300359763,2,1,3
300399918,2,2,4
300419731,0,1,1
300419735,11,8,19
300419736,5,2,7
300419737,1,0,1
300439822,12,9,21
300439823,1,2,3
300479950,0,1,1
300479951,1,3,4
300479952,4,9,13
300479953,12,5,17
300479954,10,2,12
300479955,1,0,1
300479956,6,2,8
300499788,0,1,1
300499789,1,0,1
300499792,3,10,13
300499793,1,2,3
300499794,6,15,21
300499795,6,11,17
300499797,12,12,24
300499798,17,2,19
300499799,6,5,11
300499801,14,44,58
300519746,4,2,6
300539976,6,1,7
300539977,2,2,4
300539978,0,1,1
300539979,2,2,4
300539980,7,1,8
300559540,1,0,1
300579881,3,4,7
300579882,1,0,1
300579883,3,0,3
300599837,4,0,4
300610015,0,1,1
300619944,0,1,1
300619945,2,1,3
300630001,6,24,30
300630002,6,15,21
300630003,32,51,83
300630004,1,6,7
300630005,3,0,3
300630006,4,14,18
300630007,0,2,2
300630008,0,1,1
300630009,29,41,70
300630011,0,2,2
300630012,9,40,49
300630013,13,17,30
300630014,5,12,17
300630015,5,11,16
300630016,1,3,4
300630017,1,4,5
300659686,2,0,2
300679843,0,2,2
300679844,2,0,2
300679846,14,5,19
300679847,2,0,2
300719568,1,0,1
300739770,6,1,7
300779813,0,1,1
300779814,3,1,4
300779906,1,0,1
300799584,1,0,1
300819926,2,4,6
300819927,11,4,15
300819928,0,3,3
300819929,1,3,4
300819930,9,12,21
300819931,5,5,10
300819932,2,1,3
300839522,8,4,12
300839523,0,4,4
300859510,1,0,1
300859511,4,1,5
300859512,6,2,8
300879623,3,0,3
300879626,3,0,3
300879627,2,1,3
300879628,1,0,1
300899967,6,4,10
300899968,3,1,4
300919502,4,0,4
300930001,10,5,15
300930002,8,16,24
300930003,7,3,10
300930004,0,1,1
300930005,5,8,13
300930006,3,8,11
300930007,2,8,10
300930008,2,2,4
300959663,0,1,1
300959664,4,1,5
300959665,1,1,2
300979669,2,1,3
300979670,1,0,1
300999716,1,1,2
301019751,6,0,6
301059548,8,9,17
301059551,0,1,1
301079676,2,0,2
301110001,0,6,6
301110002,4,13,17
301110003,40,90,130
301110004,23,85,108
301110005,1,3,4
301110006,3,6,9
301110007,10,7,17
301110009,2,1,3
301110011,3,3,6
301110012,10,8,18
301110013,18,28,46
301110014,4,15,19
301110015,2,0,2
301110016,2,5,7
301110017,3,3,6
301110018,15,35,50
301110019,5,1,6
310019654,2,4,6
310019655,16,16,32
310019656,2,4,6
310019657,9,19,28
310019659,3,6,9
310019660,0,1,1
310019662,0,1,1
310039797,6,1,7
310039798,1,1,2
310119801,2,0,2
310119802,5,1,6
310139511,1,0,1
310139512,6,3,9
310159758,4,0,4
310179750,2,2,4
310199689,0,1,1
310199690,4,1,5
310199691,1,0,1
310199692,35,33,68
310199694,8,43,51
310199695,4,1,5
310199696,2,1,3
310199697,1,1,2
310219831,1,1,2
310219832,3,0,3
310219833,2,0,2
310239877,5,0,5
310259956,3,5,8
310259957,1,0,1
310259959,1,0,1
310259960,2,3,5
310259961,1,0,1
310279771,2,1,3
310279772,3,0,3
310299619,3,1,4
310319516,1,0,1
310319558,5,1,6
310339549,6,1,7
310339550,4,1,5
310359921,0,1,1
310359922,0,1,1
310379827,0,1,1
310379846,1,0,1
310379848,3,1,4
310399827,1,0,1
310399828,6,0,6
310419717,2,0,2
310419718,3,0,3
310419719,9,0,9
310430101,1,0,1
310430102,1,0,1
310430103,4,1,5
310459506,2,0,2
310459507,8,1,9
310479681,1,0,1
310479682,4,1,5
310479683,6,2,8
310479684,1,1,2
310479685,5,2,7
310499554,1,1,2
310519776,0,1,1
310519777,0,1,1
310539836,1,0,1
310539838,13,12,25
310539839,0,1,1
310539840,6,4,10
310539841,1,4,5
310539842,0,2,2
310539843,1,2,3
310550002,7,0,7
310550005,1,1,2
310550008,0,2,2
310550011,1,2,3
310550016,74,119,193
310550018,4,9,13
310550019,1,2,3
310550020,1,0,1
310550021,2,2,4
310550022,2,1,3
310550023,3,2,5
310550025,1,0,1
310550026,1,0,1
310550028,1,0,1
310550029,1,0,1
310550031,1,0,1
310550032,7,1,8
310550034,4,2,6
310550035,8,7,15
310550036,11,10,21
310550037,6,8,14
310550038,8,29,37
310550040,1,3,4
310550041,3,2,5
310550042,2,3,5
310550043,22,19,41
310550044,68,210,278
310550045,7,12,19
310550046,6,13,19
310550047,8,42,50
310550048,17,17,34
310550049,5,5,10
310550050,11,23,34
310550051,6,13,19
310550054,1,1,2
310550055,18,25,43
310550056,2,2,4
310550057,3,2,5
310550058,1,2,3
310550059,1,0,1
310550061,0,1,1
310550062,1,3,4
310550063,4,0,4
310550064,9,9,18
310550065,7,39,46
310550066,32,38,70
310550067,68,200,268
310550068,62,138,200
310550069,38,41,79
310550070,16,16,32
310550071,3,0,3
310550073,39,44,83
310550074,246,308,554
310550075,21,22,43
310550102,0,2,2
310579623,2,1,3
310599917,5,0,5
310619647,3,0,3
310659637,2,0,2
310659638,3,1,4
310670104,0,1,1
310679909,1,0,1
310679946,1,0,1
310679948,4,0,4
310679949,1,1,2
310679950,8,3,11
310679951,6,4,10
310679952,1,0,1
310699521,1,1,2
310699587,1,1,2
310719732,2,0,2
310790001,1,0,1
310790002,1,0,1
310790003,6,1,7
310790004,1,0,1
310790005,1,3,4
310790006,0,2,2
310790007,10,20,30
310790008,17,14,31
310790009,3,3,6
310790010,0,2,2
310790012,12,11,23
310790014,0,1,1
310819892,2,1,3
310819893,7,2,9
310819921,0,1,1
310839643,3,0,3
310899740,3,2,5
310899743,6,1,7
310919567,1,0,1
310939706,3,0,3
310959937,5,0,5
310979976,4,0,4
310999667,7,0,7
311019587,0,1,1
311019588,2,0,2
311019589,4,1,5
311019590,1,0,1
311059545,1,0,1
311079761,0,1,1
311079762,3,0,3
311079763,2,0,2
311090001,0,2,2
311090002,0,1,1
311090003,1,0,1
311090005,0,2,2
311090008,1,1,2
311090009,0,7,7
311090010,5,7,12
311090011,2,1,3
311090012,5,10,15
311090013,31,40,71
311090014,36,9,45
311090015,15,61,76
311090016,0,1,1
311090017,1,3,4
311090018,5,1,6
311090019,1,2,3
311090020,1,0,1
311090022,9,18,27
311090023,1,3,4
311090024,7,9,16
311090025,5,4,9
311090027,8,5,13
311090028,6,4,10
311090030,8,2,10
311090033,0,1,1
311090034,1,2,3
311090036,3,12,15
311090037,82,144,226
311090038,27,43,70
311090101,2,2,4
311090102,1,0,1
311090104,2,4,6
311119597,1,0,1
311119598,0,2,2
311119599,0,2,2
311119602,1,0,1
311119603,0,6,6
311119604,3,4,7
311119605,20,23,43
311119606,2,1,3
311199798,1,0,1
311199806,1,1,2
311199807,0,1,1
311199808,21,21,42
311199809,2,6,8
311199810,8,6,14
311199811,1,1,2
311199813,1,0,1
311219868,2,0,2
311239525,4,0,4
311259861,1,0,1
311279982,5,0,5
311299926,1,0,1
311299927,3,1,4
311319959,1,1,2
311319967,3,1,4
311319969,8,1,9
311339978,3,0,3
311359593,2,0,2
311379670,6,2,8
311379671,6,0,6
311399791,2,0,2
311399792,4,0,4
311419853,4,1,5
311419854,4,2,6
311419855,1,2,3
311419856,12,9,21
311419857,2,0,2
311439871,2,0,2
311439872,1,0,1
311459632,4,3,7
311459633,5,3,8
311479985,2,0,2
311479986,5,0,5
311519906,5,0,5
311519907,2,0,2
311519909,2,1,3
311530074,0,1,1
311530075,0,1,1
311530101,14,17,31
311530102,12,8,20
311530103,33,21,54
311530104,3,1,4
311530105,8,3,11
311530106,64,40,104
311530107,3,3,6
311559881,0,1,1
311559883,3,1,4
311559884,1,0,1
311579529,0,1,1
311579530,0,4,4
311579533,2,11,13
311579534,20,40,60
311579535,3,10,13
311579537,1,1,2
311579538,4,0,4
311579539,4,2,6
311599901,2,1,3
311599902,3,0,3
311599903,7,0,7
311619516,7,1,8
311639701,2,1,3
311659501,1,0,1
311679822,0,1,1
311699932,5,0,5
311739781,1,0,1
311739826,4,0,4
311759713,0,1,1
311759714,4,2,6
311770501,9,1,10
311770502,1,3,4
311770503,1,3,4
311799786,0,1,1
311799787,4,1,5
311819651,2,1,3
311859891,1,1,2
311859897,10,1,11
311859898,1,2,3
320019502,5,4,9
320019503,7,10,17
320019505,0,2,2
320030001,13,7,20
320030002,74,157,231
320030003,2,3,5
320030004,1,2,3
320030005,4,4,8
320030007,3,1,4
320030008,1,1,2
320030010,65,115,180
320030011,1,1,2
320030012,3,8,11
320030013,8,5,13
320030014,5,3,8
320030015,0,1,1
320030016,2,1,3
320030017,29,61,90
320030018,2,7,9
320030019,32,103,135
320030020,28,52,80
320030022,2,6,8
320030023,4,11,15
320030024,2,9,11
320030025,26,77,103
320030026,8,3,11
320030027,11,15,26
320030028,47,52,99
320030029,108,126,234
320030030,4,6,10
320030031,2,5,7
320030032,216,289,505
320030033,14,14,28
320030034,58,57,115
320030035,21,10,31
320030036,9,9,18
320030039,1,0,1
320030040,8,3,11
320030043,0,1,1
320030044,0,1,1
320030047,1,2,3
320030048,12,11,23
320030049,20,9,29
320030050,1,3,4
320030051,35,46,81
320030052,1,1,2
320030053,119,153,272
320030054,11,12,23
320030055,8,10,18
320030056,7,10,17
320030057,5,11,16
320030058,105,118,223
320030059,2,1,3
320050001,14,4,18
320050002,4,7,11
320050003,9,26,35
320050005,8,8,16
320050006,0,1,1
320079503,0,1,1
320079505,2,2,4
320079507,9,2,11
320079508,6,8,14
320079509,3,0,3
320079510,5,2,7
320079512,2,2,4
320079513,3,1,4
320079514,3,2,5
320079515,2,0,2
320119603,2,0,2
320139605,5,1,6
320139607,8,1,9
320159701,3,0,3
320179504,2,0,2
320199601,2,0,2
320199602,0,1,1
320199603,2,1,3
320199604,3,2,5
320199605,2,1,3
320199606,0,1,1
320219701,6,0,6
320239802,2,2,4
320239803,1,0,1
320239804,5,3,8
320239805,0,2,2
320279801,2,0,2
320290010,1,0,1
320299603,0,1,1
320310001,40,118,158
320310002,6,2,8
320310003,4,11,15
320310004,5,14,19
320310007,59,105,164
320310009,3,2,5
320310010,56,114,170
320310011,36,121,157
320310012,15,5,20
320310013,3,14,17
320310014,0,4,4
320310015,22,11,33
320310017,3,8,11
320310018,0,1,1
320310019,1,2,3
320310021,12,30,42
320310022,12,22,34
320310023,3,3,6
320310024,29,20,49
320310025,6,4,10
320310026,3,3,6
320310028,4,3,7
320310029,0,2,2
320310030,5,3,8
320310031,19,9,28
320310032,8,13,21
320310033,20,33,53
320310034,11,12,23
320339702,10,2,12
320339703,0,1,1
325100001,2,10,12
325100002,42,34,76
325100003,7,18,25
325100004,1,1,2
325100005,1,4,5
325100006,0,3,3
325100007,0,5,5
325100008,0,2,2
325100010,1,0,1
330019651,1,1,2
330019652,4,5,9
330019653,5,8,13
330019654,2,0,2
330019655,4,0,4
330019656,1,2,3
330019657,0,2,2
330019658,1,0,1
330019659,20,20,40
330019660,4,12,16
330019661,1,4,5
330019662,1,5,6
330019665,1,5,6
330030885,0,1,1
330039551,3,6,9
330039552,0,3,3
330039553,11,11,22
330039554,1,3,4
330039555,1,4,5
330039556,3,2,5
330039557,2,1,3
330039558,0,1,1
330039559,1,1,2
330039560,3,1,4
330039561,10,25,35
330039563,2,0,2
330039564,2,8,10
330059701,1,0,1
330059702,9,3,12
330059703,1,2,3
330059704,6,5,11
330059705,7,8,15
330059706,2,4,6
330059707,4,4,8
330059708,0,3,3
330059709,3,4,7
330059710,24,24,48
330059711,2,4,6
330059712,0,1,1
330059713,2,12,14
330059714,9,13,22
330059715,2,5,7
330059716,1,0,1
330059717,2,0,2
330079502,6,2,8
330079503,3,0,3
330079504,1,0,1
330079505,8,6,14
330079506,10,13,23
330079507,1,0,1
330079508,0,3,3
330079509,8,4,12
330079510,1,1,2
330079511,4,2,6
330099601,10,14,24
330099602,7,11,18
330099603,12,7,19
330099604,3,4,7
330099606,3,2,5
330099607,0,4,4
330099608,1,3,4
330099609,8,20,28
330099610,11,13,24
330099611,1,3,4
330099612,2,1,3
330099614,3,7,10
330099615,5,13,18
330099616,123,246,369
330099617,92,228,320
330099618,25,38,63
330110001,11,18,29
330110002,9,4,13
330110003,3,17,20
330110005,6,14,20
330110006,8,6,14
330110007,3,0,3
330110008,0,2,2
330110009,29,23,52
330110010,1,1,2
330110011,9,3,12
330110012,0,3,3
330110013,1,1,2
330110014,1,1,2
330110016,0,2,2
330110017,14,51,65
330110018,2,0,2
330110019,0,1,1
330110021,0,1,1
330110023,2,6,8
330110024,1,0,1
330110025,2,0,2
330110026,1,1,2
330110027,4,4,8
330110028,1,6,7
330110029,48,74,122
330110037,0,2,2
330110101,1,5,6
330110102,5,7,12
330110103,8,11,19
330110104,2,6,8
330110105,0,2,2
330110106,1,3,4
330110107,24,44,68
330110108,3,2,5
330110109,18,26,44
330110110,7,11,18
330110111,1,3,4
330110112,10,15,25
330110113,1,1,2
330110114,5,5,10
330110115,9,7,16
330110121,5,0,5
330110123,1,1,2
330110131,1,0,1
330110141,6,1,7
330110142,3,2,5
330110143,8,2,10
330110151,6,8,14
330110152,10,8,18
330110161,3,1,4
330110162,8,2,10
330110171,17,14,31
330110180,1,1,2
330110185,1,1,2
330110190,3,1,4
330110195,2,5,7
330110200,2,3,5
330110215,2,5,7
330110220,1,0,1
330110225,1,2,3
330110230,22,21,43
330110240,4,3,7
330110250,2,1,3
330110255,3,3,6
330112003,2,1,3
330130030,4,14,18
330130031,3,0,3
330130032,4,1,5
330130300,0,1,1
330130310,11,17,28
330130321,9,7,16
330130322,2,1,3
330130323,5,11,16
330130324,13,11,24
330130325,42,86,128
330130326,2,10,12
330130327,4,4,8
330130328,9,10,19
330130329,4,6,10
330130350,3,0,3
330130360,0,1,1
330130370,1,0,1
330130380,1,2,3
330130385,1,5,6
330130390,20,28,48
330130400,3,3,6
330130405,5,3,8
330130410,23,15,38
330130415,4,2,6
330130425,4,3,7
330130430,5,7,12
330130440,1,0,1
330150033,2,1,3
330150034,0,1,1
330150035,17,12,29
330150036,2,2,4
330150037,15,6,21
330150038,7,3,10
330150039,4,4,8
330150040,1,0,1
330150380,0,1,1
330150500,3,2,5
330150510,3,3,6
330150520,0,1,1
330150530,1,0,1
330150550,1,1,2
330150560,1,1,2
330150570,2,0,2
330150580,4,0,4
330150590,1,0,1
330150600,3,3,6
330150610,51,50,101
330150620,1,3,4
330150625,1,2,3
330150630,3,1,4
330150640,4,2,6
330150650,3,6,9
330150660,6,4,10
330150670,11,11,22
330150675,8,5,13
330150685,6,8,14
330150691,6,17,23
330150692,4,2,6
330150693,2,4,6
330150694,1,0,1
330150695,18,27,45
330150696,5,15,20
330150697,3,17,20
330150700,0,12,12
330150710,12,23,35
330151001,3,3,6
330151002,7,0,7
330151003,9,9,18
330151004,0,1,1
330151011,4,7,11
330151021,1,0,1
330151031,0,3,3
330151041,8,6,14
330151051,3,2,5
330151061,11,16,27
330170801,5,8,13
330170802,13,16,29
330170805,5,7,12
330170811,2,6,8
330170812,3,5,8
330170813,6,10,16
330170814,1,2,3
330170815,20,23,43
330170816,2,4,6
330170820,2,1,3
330170830,3,14,17
330170841,5,5,10
330170842,2,0,2
330170843,10,12,22
330170844,1,1,2
330170845,1,2,3
330170846,2,0,2
330170850,1,4,5
330170860,2,1,3
330170870,3,0,3
330170880,0,2,2
330170885,2,0,2
330199751,10,13,23
330199752,7,16,23
330199753,5,3,8
330199754,5,5,10
330199757,3,1,4
330199758,4,4,8
330199759,8,16,24
340010001,0,1,1
340010002,6,3,9
340010003,0,3,3
340010004,6,7,13
340010005,1,1,2
340010012,2,0,2
340010016,1,0,1
340010017,0,1,1
340010018,0,1,1
340010023,2,0,2
340010024,8,20,28
340010101,10,11,21
340010102,5,7,12
340010103,3,4,7
340010104,11,23,34
340010105,43,29,72
340010106,1,1,2
340010107,1,2,3
340010108,4,1,5
340010109,21,19,40
340010110,0,5,5
340010111,0,1,1
340010112,0,1,1
340010113,2,1,3
340010114,21,18,39
340010115,0,1,1
340010116,0,1,1
340010117,3,4,7
340010118,12,19,31
340010119,3,3,6
340010120,2,1,3
340010121,2,0,2
340010123,3,17,20
340010124,8,16,24
340010125,15,31,46
340010126,12,26,38
340010127,3,2,5
340010128,18,46,64
340010129,5,5,10
340010130,10,21,31
340010131,8,13,21
340010132,4,12,16
340010133,9,19,28
340030010,8,21,29
340030021,17,25,42
340030022,6,4,10
340030023,18,32,50
340030031,3,6,9
340030032,8,6,14
340030033,9,3,12
340030034,8,12,20
340030035,5,7,12
340030040,3,7,10
340030050,1,5,6
340030061,10,15,25
340030062,28,53,81
340030063,2,5,7
340030070,35,56,91
340030080,14,32,46
340030091,22,54,76
340030092,8,19,27
340030101,4,9,13
340030102,2,3,5
340030103,7,8,15
340030111,8,7,15
340030112,8,2,10
340030113,6,2,8
340030114,3,2,5
340030120,8,5,13
340030130,30,37,67
340030140,20,24,44
340030151,24,90,114
340030152,37,26,63
340030153,9,12,21
340030154,37,71,108
340030155,31,74,105
340030160,41,83,124
340030171,19,20,39
340030172,22,20,42
340030173,7,7,14
340030174,24,34,58
340030175,8,20,28
340030181,4,4,8
340030182,2,3,5
340030191,28,50,78
340030192,33,58,91
340030193,71,87,158
340030201,9,15,24
340030202,44,50,94
340030211,4,2,6
340030212,2,1,3
340030213,1,0,1
340030214,2,4,6
340030215,3,1,4
340030216,3,0,3
340030221,8,15,23
340030222,12,19,31
340030231,7,7,14
340030232,15,28,43
340030233,26,28,54
340030234,42,95,137
340030235,19,34,53
340030236,1,2,3
340030241,16,31,47
340030242,17,13,30
340030251,7,11,18
340030252,7,4,11
340030261,4,5,9
340030262,14,10,24
340030270,14,21,35
340030280,27,43,70
340030291,3,3,6
340030292,9,5,14
340030301,4,3,7
340030302,2,2,4
340030303,3,3,6
340030304,5,6,11
340030311,8,3,11
340030312,1,5,6
340030313,2,3,5
340030314,5,3,8
340030321,15,27,42
340030322,16,19,35
340030331,4,4,8
340030332,4,2,6
340030333,4,5,9
340030340,11,22,33
340030351,10,22,32
340030361,0,5,5
340030362,1,1,2
340030371,14,5,19
340030372,8,28,36
340030381,2,1,3
340030382,7,10,17
340030383,2,2,4
340030391,3,7,10
340030392,3,4,7
340030393,8,12,20
340030400,38,25,63
340030411,1,3,4
340030412,2,6,8
340030413,8,15,23
340030421,23,32,55
340030422,2,0,2
340030423,30,57,87
340030424,14,19,33
340030425,12,32,44
340030430,13,15,28
340030441,4,5,9
340030442,16,14,30
340030451,8,9,17
340030452,4,3,7
340030461,0,2,2
340030462,7,0,7
340030463,3,6,9
340030471,29,29,58
340030472,11,23,34
340030473,7,26,33
340030474,22,64,86
340030475,16,46,62
340030481,10,22,32
340030482,12,11,23
340030490,18,26,44
340030500,6,1,7
340030511,11,7,18
340030512,4,2,6
340030513,14,21,35
340030514,5,4,9
340030521,3,2,5
340030522,9,18,27
340030531,15,34,49
340030532,21,46,67
340030541,18,22,40
340030542,7,7,14
340030543,37,102,139
340030544,22,27,49
340030545,50,53,103
340030546,16,28,44
340030551,44,128,172
340030552,33,52,85
340030561,1,3,4
340030562,4,6,10
340030571,17,10,27
340030572,0,3,3
340030591,17,54,71
340030592,2,5,7
340030600,4,2,6
340030611,13,20,33
340030612,11,9,20
340030613,15,23,38
340030614,10,19,29
340057001,14,5,19
340057002,4,9,13
340057003,23,12,35
340057004,29,38,67
340057005,96,220,316
340057006,9,10,19
340057007,3,1,4
340057008,2,1,3
340057009,1,2,3
340057010,3,0,3
340057011,9,10,19
340057012,8,3,11
340057013,3,4,7
340057014,7,6,13
340057015,5,2,7
340057017,2,2,4
340057018,0,2,2
340057019,1,2,3
340057021,3,3,6
340057022,10,45,55
340057024,0,2,2
340057025,0,3,3
340057026,24,33,57
340057027,7,8,15
340057028,36,45,81
340057029,76,137,213
340057030,8,6,14
340057031,10,27,37
340057032,6,1,7
340057033,0,1,1
340057036,1,3,4
340057037,9,6,15
340057038,44,98,142
340057039,6,5,11
340057040,82,137,219
340057041,2,3,5
340070109,1,0,1
340075012,14,10,24
340076001,2,1,3
340076002,1,1,2
340076003,48,117,165
340076004,1,0,1
340076006,1,1,2
340076008,1,0,1
340076011,1,3,4
340076013,2,1,3
340076014,0,1,1
340076015,2,12,14
340076016,2,0,2
340076019,0,1,1
340076020,1,1,2
340076025,5,8,13
340076026,4,5,9
340076027,5,2,7
340076029,3,5,8
340076030,3,4,7
340076031,14,14,28
340076032,10,16,26
340076033,46,104,150
340076034,15,25,40
340076035,181,290,471
340076036,35,71,106
340076037,11,16,27
340076038,11,10,21
340076039,13,13,26
340076040,0,1,1
340076041,0,1,1
340076042,8,8,16
340076043,1,1,2
340076044,3,10,13
340076045,7,7,14
340076046,4,4,8
340076047,3,0,3
340076049,2,0,2
340076050,1,0,1
340076051,4,0,4
340076052,1,0,1
340076055,2,0,2
340076056,0,1,1
340076057,6,4,10
340076058,4,4,8
340076059,7,4,11
340076060,12,25,37
340076061,8,31,39
340076062,26,35,61
340076063,6,11,17
340076064,14,41,55
340076065,2,2,4
340076066,4,4,8
340076067,2,5,7
340076068,1,0,1
340076069,0,1,1
340076070,1,0,1
340076071,0,2,2
340076072,3,2,5
340076073,3,2,5
340076074,3,6,9
340076075,193,281,474
340076076,0,5,5
340076077,11,8,19
340076078,5,8,13
340076079,0,1,1
340076080,21,44,65
340076081,0,1,1
340076082,19,22,41
340076083,9,6,15
340076084,11,13,24
340076085,4,0,4
340076086,3,0,3
340076087,9,7,16
340076088,3,2,5
340076089,2,1,3
340076090,0,1,1
340076091,7,2,9
340076092,7,9,16
340090201,9,1,10
340090202,16,22,38
340090203,17,20,37
340090204,4,2,6
340090205,3,1,4
340090206,0,1,1
340090207,3,2,5
340090208,2,4,6
340090209,19,10,29
340090210,4,4,8
340090211,13,31,44
340090212,2,1,3
340090213,4,2,6
340090214,1,1,2
340090215,1,1,2
340090216,4,0,4
340090217,5,2,7
340090218,5,2,7
340090219,1,4,5
340090220,5,1,6
340110101,2,0,2
340110102,2,0,2
340110104,3,0,3
340110105,1,2,3
340110106,3,4,7
340110107,8,7,15
340110202,0,2,2
340110203,0,1,1
340110204,10,11,21
340110206,4,3,7
340110209,0,1,1
340110301,8,5,13
340110303,1,4,5
340110304,8,10,18
340110305,2,1,3
340110401,9,7,16
340110402,0,2,2
340110403,14,17,31
340110404,0,1,1
340110406,4,8,12
340110407,18,15,33
340110408,20,16,36
340110409,1,2,3
340110410,2,8,10
340130001,4,1,5
340130002,1,0,1
340130003,3,1,4
340130004,0,1,1
340130005,1,2,3
340130006,3,0,3
340130007,4,1,5
340130008,7,2,9
340130009,1,0,1
340130015,0,1,1
340130016,5,10,15
340130017,1,0,1
340130020,2,1,3
340130021,1,0,1
340130022,6,4,10
340130023,4,2,6
340130024,1,1,2
340130026,1,0,1
340130030,3,5,8
340130035,0,2,2
340130037,1,0,1
340130039,2,0,2
340130041,2,1,3
340130042,1,0,1
340130045,0,1,1
340130046,14,36,50
340130047,7,5,12
340130049,2,5,7
340130052,1,1,2
340130054,0,1,1
340130059,1,0,1
340130062,0,1,1
340130064,7,4,11
340130067,1,2,3
340130069,2,3,5
340130070,1,1,2
340130071,1,0,1
340130073,2,3,5
340130076,1,1,2
340130077,4,5,9
340130078,1,1,2
340130079,11,7,18
340130080,3,2,5
340130081,5,1,6
340130082,32,103,135
340130083,2,0,2
340130084,1,0,1
340130085,10,17,27
340130086,54,46,100
340130087,4,3,7
340130093,2,1,3
340130094,9,6,15
340130095,13,7,20
340130100,2,0,2
340130101,1,0,1
340130102,1,1,2
340130104,5,2,7
340130105,7,1,8
340130106,1,9,10
340130109,0,1,1
340130110,0,1,1
340130111,1,1,2
340130112,3,4,7
340130113,3,5,8
340130114,13,21,34
340130115,2,0,2
340130116,4,8,12
340130117,4,2,6
340130118,2,0,2
340130119,5,1,6
340130120,4,8,12
340130121,1,0,1
340130122,3,1,4
340130123,6,0,6
340130124,2,2,4
340130125,0,1,1
340130127,2,0,2
340130128,1,2,3
340130129,13,5,18
340130130,5,1,6
340130131,1,0,1
340130133,1,0,1
340130134,11,11,22
340130135,10,10,20
340130136,14,11,25
340130137,15,10,25
340130138,8,2,10
340130139,18,8,26
340130140,2,5,7
340130141,1,7,8
340130142,3,2,5
340130143,5,4,9
340130144,5,9,14
340130145,2,1,3
340130146,6,7,13
340130147,29,54,83
340130148,9,11,20
340130149,9,2,11
340130150,9,15,24
340130151,3,3,6
340130152,8,7,15
340130153,11,4,15
340130154,7,25,32
340130155,6,6,12
340130156,1,2,3
340130157,5,5,10
340130158,3,8,11
340130159,5,3,8
340130160,31,63,94
340130161,5,14,19
340130162,11,25,36
340130163,9,29,38
340130164,15,26,41
340130165,19,18,37
340130166,5,9,14
340130167,20,9,29
340130168,7,18,25
340130169,10,22,32
340130170,15,23,38
340130171,1,1,2
340130172,7,1,8
340130173,49,135,184
340130174,15,30,45
340130175,39,52,91
340130176,3,5,8
340130177,2,3,5
340130178,2,10,12
340130179,9,5,14
340130180,20,39,59
340130181,1,1,2
340130182,4,1,5
340130183,1,1,2
340130184,2,0,2
340130185,5,10,15
340130186,5,5,10
340130187,4,3,7
340130188,4,3,7
340130189,0,1,1
340130190,26,39,65
340130191,22,19,41
340130192,8,14,22
340130193,13,30,43
340130194,6,20,26
340130195,7,21,28
340130196,14,17,31
340130197,6,7,13
340130198,3,6,9
340130199,16,19,35
340130200,22,75,97
340130201,19,88,107
340130202,33,66,99
340130203,23,28,51
340130204,13,35,48
340130205,27,65,92
340130206,84,175,259
340130207,22,30,52
340130208,27,35,62
340130209,30,71,101
340130210,17,15,32
340130211,11,18,29
340130212,8,12,20
340130213,13,27,40
340130214,17,18,35
340130216,41,51,92
340130217,25,14,39
340130218,17,32,49
340155001,1,0,1
340155002,26,17,43
340155004,3,0,3
340155005,2,0,2
340155006,3,2,5
340155007,9,11,20
340155008,7,2,9
340155009,2,2,4
340155010,31,42,73
340155011,11,16,27
340155012,57,55,112
340155013,6,5,11
340155014,10,10,20
340155015,3,0,3
340155016,14,9,23
340155017,0,1,1
340155018,0,1,1
340155019,1,4,5
340155020,8,5,13
340155021,1,4,5
340155022,2,6,8
340156083,3,5,8
340170001,2,6,8
340170002,1,0,1
340170003,4,1,5
340170004,4,3,7
340170005,4,3,7
340170006,6,8,14
340170007,0,4,4
340170009,16,18,34
340170010,1,3,4
340170011,6,6,12
340170012,11,2,13
340170013,3,6,9
340170014,10,21,31
340170016,12,28,40
340170019,15,24,39
340170020,8,13,21
340170021,1,3,4
340170022,1,0,1
340170023,5,2,7
340170024,8,16,24
340170025,0,6,6
340170026,4,4,8
340170027,1,4,5
340170028,6,2,8
340170029,8,10,18
340170030,2,7,9
340170031,18,18,36
340170032,8,6,14
340170034,1,0,1
340170035,0,4,4
340170036,3,0,3
340170037,0,3,3
340170038,8,3,11
340170039,2,12,14
340170040,0,3,3
340170041,20,11,31
340170042,6,5,11
340170044,0,1,1
340170045,1,0,1
340170046,1,0,1
340170047,1,0,1
340170048,3,1,4
340170049,1,2,3
340170052,1,2,3
340170053,3,0,3
340170054,6,10,16
340170056,4,5,9
340170058,6,3,9
340170059,16,4,20
340170060,1,0,1
340170061,2,1,3
340170062,2,3,5
340170063,1,3,4
340170101,5,7,12
340170102,1,2,3
340170103,1,2,3
340170104,7,12,19
340170105,27,18,45
340170106,10,8,18
340170107,11,20,31
340170108,2,0,2
340170109,0,1,1
340170110,3,1,4
340170111,5,1,6
340170112,6,8,14
340170113,0,1,1
340170114,1,1,2
340170115,1,1,2
340170116,2,1,3
340170123,1,0,1
340170124,8,11,19
340170125,7,6,13
340170126,0,2,2
340170127,1,2,3
340170128,2,5,7
340170129,4,4,8
340170130,2,1,3
340170131,2,0,2
340170132,2,1,3
340170133,2,1,3
340170135,3,3,6
340170136,0,2,2
340170137,0,1,1
340170138,2,0,2
340170139,5,2,7
340170140,4,3,7
340170141,13,14,27
340170142,9,4,13
340170143,5,3,8
340170144,1,4,5
340170145,4,7,11
340170147,4,2,6
340170148,4,3,7
340170149,3,1,4
340170150,11,12,23
340170151,2,0,2
340170152,12,18,30
340170153,5,3,8
340170154,1,1,2
340170155,1,0,1
340170156,0,1,1
340170157,12,14,26
340170158,4,1,5
340170159,0,1,1
340170160,1,0,1
340170161,4,1,5
340170162,12,10,22
340170163,0,3,3
340170164,2,1,3
340170165,1,0,1
340170166,2,3,5
340170167,0,1,1
340170168,0,1,1
340170169,4,2,6
340170170,1,0,1
340170171,4,1,5
340170172,3,3,6
340170173,2,3,5
340170175,0,1,1
340170176,0,1,1
340170178,2,4,6
340170179,3,6,9
340170180,5,9,14
340170181,5,1,6
340170182,1,3,4
340170183,0,1,1
340170184,4,5,9
340170185,1,2,3
340170186,1,1,2
340170187,8,14,22
340170188,3,4,7
340170189,8,9,17
340170190,14,10,24
340170191,4,9,13
340170192,5,2,7
340170193,4,4,8
340170194,3,10,13
340170195,6,5,11
340170196,9,15,24
340170197,18,13,31
340190101,22,18,40
340190102,3,4,7
340190103,2,0,2
340190104,5,5,10
340190105,7,2,9
340190106,5,5,10
340190107,6,6,12
340190108,7,5,12
340190109,2,2,4
340190110,12,21,33
340190111,3,1,4
340190112,16,24,40
340190113,58,59,117
340190114,12,7,19
340190115,2,2,4
340190116,4,2,6
340190117,5,15,20
340190118,1,8,9
340190119,8,8,16
340210003,0,2,2
340210004,0,1,1
340210005,5,2,7
340210006,7,11,18
340210007,2,1,3
340210009,4,6,10
340210011,2,2,4
340210012,2,2,4
340210013,1,4,5
340210014,3,15,18
340210016,1,0,1
340210017,9,16,25
340210018,1,2,3
340210021,1,3,4
340210022,3,3,6
340210025,0,2,2
340210026,3,2,5
340210027,9,13,22
340210028,1,1,2
340210029,14,11,25
340210030,64,77,141
340210031,4,4,8
340210032,36,71,107
340210033,35,69,104
340210035,9,3,12
340210036,8,2,10
340210037,22,42,64
340210038,19,31,50
340210039,29,30,59
340210040,16,26,42
340210041,6,25,31
340210042,90,216,306
340210043,88,103,191
340210044,28,29,57
340210539,0,1,1
340218119,1,1,2
340230001,2,4,6
340230002,1,1,2
340230003,2,1,3
340230004,12,6,18
340230005,13,3,16
340230006,79,86,165
340230007,11,21,32
340230008,0,1,1
340230009,14,25,39
340230010,11,21,32
340230011,27,37,64
340230012,8,7,15
340230013,19,20,39
340230014,150,250,400
340230015,51,42,93
340230016,6,5,11
340230017,7,8,15
340230018,13,10,23
340230019,11,30,41
340230020,3,11,14
340230021,17,17,34
340230022,6,7,13
340230023,3,5,8
340230024,8,18,26
340230025,5,6,11
340230026,13,17,30
340230027,15,15,30
340230028,6,9,15
340230029,21,9,30
340230030,26,22,48
340230031,10,6,16
340230032,14,9,23
340230033,2,1,3
340230034,1,0,1
340230035,1,0,1
340230036,1,2,3
340230037,3,0,3
340230038,1,0,1
340230039,1,0,1
340230040,2,2,4
340230041,4,2,6
340230042,3,3,6
340230044,10,4,14
340230045,2,1,3
340230046,1,0,1
340230047,5,10,15
340230049,23,5,28
340230050,0,1,1
340230051,25,54,79
340230052,6,16,22
340230053,17,74,91
340230054,15,31,46
340230055,5,2,7
340230056,5,16,21
340230057,0,1,1
340230058,1,1,2
340230059,10,14,24
340230060,8,7,15
340230061,24,18,42
340230062,65,51,116
340230063,1,3,4
340230064,8,27,35
340230065,15,26,41
340230066,65,138,203
340230067,6,8,14
340230068,3,1,4
340230069,2,2,4
340230070,4,8,12
340230071,9,12,21
340230072,6,7,13
340230073,10,9,19
340230074,5,7,12
340230075,2,0,2
340230076,5,1,6
340230077,8,1,9
340230078,40,29,69
340230079,20,17,37
340230080,0,2,2
340230081,2,2,4
340230082,19,11,30
340230083,10,14,24
340230084,44,45,89
340230085,31,38,69
340230086,50,53,103
340230087,8,22,30
340230521,0,1,1
340250079,4,2,6
340258001,2,2,4
340258002,6,2,8
340258004,2,1,3
340258005,1,1,2
340258006,0,1,1
340258007,6,5,11
340258008,12,5,17
340258009,1,7,8
340258010,9,14,23
340258011,8,6,14
340258012,4,4,8
340258013,3,5,8
340258014,3,6,9
340258015,7,23,30
340258016,1,1,2
340258017,1,0,1
340258018,0,1,1
340258019,0,2,2
340258020,0,1,1
340258023,8,16,24
340258024,2,3,5
340258026,1,0,1
340258027,4,2,6
340258028,6,5,11
340258029,2,0,2
340258030,14,9,23
340258031,1,1,2
340258032,45,73,118
340258033,32,33,65
340258034,1,1,2
340258035,8,17,25
340258036,12,37,49
340258037,12,8,20
340258038,5,27,32
340258039,7,13,20
340258040,2,4,6
340258041,2,18,20
340258042,19,26,45
340258043,19,26,45
340258045,8,22,30
340258046,1,4,5
340258047,2,1,3
340258048,8,6,14
340258050,16,26,42
340258051,4,13,17
340258052,1,0,1
340258053,3,10,13
340258054,3,4,7
340258055,1,0,1
340258057,2,1,3
340258058,26,65,91
340258059,0,8,8
340258060,19,13,32
340258061,4,9,13
340258062,28,34,62
340258063,7,12,19
340258064,9,10,19
340258065,30,53,83
340258066,15,20,35
340258067,1,4,5
340258068,1,2,3
340258069,1,3,4
340258070,6,4,10
340258074,6,1,7
340258075,8,16,24
340258077,30,36,66
340258078,14,5,19
340258079,2,0,2
340258080,6,2,8
340258081,20,16,36
340258082,6,1,7
340258083,4,3,7
340258084,3,3,6
340258085,7,8,15
340258086,8,6,14
340258087,31,63,94
340258088,12,11,23
340258089,4,10,14
340258091,16,31,47
340258092,5,13,18
340258093,7,8,15
340258094,10,20,30
340258095,24,27,51
340258096,11,23,34
340258097,21,28,49
340258099,26,49,75
340258100,18,27,45
340258101,20,18,38
340258102,16,18,34
340258103,1,0,1
340258104,25,29,54
340258105,44,57,101
340258106,9,13,22
340258107,0,1,1
340258108,2,0,2
340258109,4,1,5
340258110,1,1,2
340258111,6,5,11
340258112,3,1,4
340258113,11,4,15
340258114,14,1,15
340258115,3,1,4
340258116,4,0,4
340258117,4,15,19
340258119,2,2,4
340270101,0,1,1
340270121,0,1,1
340270313,3,1,4
340270314,0,1,1
340270401,13,10,23
340270402,9,6,15
340270403,6,11,17
340270404,3,4,7
340270405,1,3,4
340270406,7,5,12
340270407,13,21,34
340270408,52,67,119
340270409,4,9,13
340270410,4,6,10
340270411,8,3,11
340270412,22,42,64
340270413,18,38,56
340270414,14,31,45
340270415,17,8,25
340270416,45,35,80
340270417,34,19,53
340270418,13,8,21
340270419,20,34,54
340270420,1,0,1
340270421,3,7,10
340270422,9,10,19
340270423,15,21,36
340270425,9,20,29
340270426,16,25,41
340270427,5,3,8
340270428,5,13,18
340270429,6,3,9
340270430,4,7,11
340270431,8,9,17
340270432,9,8,17
340270433,35,88,123
340270434,25,40,65
340270436,47,80,127
340270437,30,90,120
340270438,3,5,8
340270439,14,19,33
340270440,17,16,33
340270441,12,15,27
340270442,5,16,21
340270443,11,4,15
340270444,8,9,17
340270445,8,25,33
340270447,9,4,13
340270448,4,3,7
340270449,3,2,5
340270450,4,11,15
340270451,1,4,5
340270452,5,5,10
340270453,7,2,9
340270454,5,3,8
340270455,9,17,26
340270456,22,23,45
340270457,33,53,86
340270458,36,51,87
340270459,13,30,43
340270460,1,0,1
340270461,11,18,29
340270462,7,13,20
340270526,1,1,2
340270529,1,0,1
340297101,2,3,5
340297111,6,7,13
340297112,3,5,8
340297113,0,1,1
340297114,5,4,9
340297120,3,4,7
340297130,1,1,2
340297131,5,7,12
340297132,11,8,19
340297133,2,13,15
340297134,17,24,41
340297135,4,10,14
340297136,0,1,1
340297137,6,8,14
340297138,1,2,3
340297139,6,5,11
340297140,3,2,5
340297141,1,2,3
340297142,5,3,8
340297143,0,1,1
340297144,4,6,10
340297150,3,2,5
340297151,2,0,2
340297152,1,0,1
340297153,0,4,4
340297154,6,7,13
340297155,4,6,10
340297156,17,23,40
340297157,7,14,21
340297158,6,9,15
340297159,2,9,11
340297160,3,6,9
340297170,1,0,1
340297171,6,4,10
340297172,3,0,3
340297173,1,1,2
340297174,0,1,1
340297175,8,3,11
340297180,2,3,5
340297201,14,9,23
340297202,10,6,16
340297210,1,3,4
340297220,8,19,27
340297221,19,23,42
340297222,5,4,9
340297223,17,18,35
340297224,8,13,21
340297225,3,0,3
340297226,2,1,3
340297227,10,15,25
340297228,4,2,6
340297229,4,2,6
340297230,38,85,123
340297231,12,18,30
340297232,5,6,11
340297233,3,1,4
340297234,2,4,6
340297236,6,8,14
340297250,0,2,2
340297260,2,2,4
340297270,4,1,5
340297280,2,3,5
340297290,1,1,2
340297300,1,0,1
340297310,3,1,4
340297311,3,2,5
340297312,4,6,10
340297320,10,7,17
340297321,6,4,10
340297330,2,1,3
340297340,6,3,9
340297350,9,17,26
340297351,15,19,34
340297360,2,3,5
340297361,6,5,11
340297370,0,1,1
340297380,8,17,25
340297381,4,7,11
340297390,4,3,7
340298117,2,0,2
340310446,3,1,4
340311165,2,2,4
340311242,15,14,29
340311243,55,113,168
340311244,12,18,30
340311245,11,18,29
340311246,4,9,13
340311247,1,9,10
340311248,7,4,11
340311249,1,6,7
340311250,2,2,4
340311251,1,1,2
340311337,4,7,11
340311432,8,4,12
340311433,0,2,2
340311434,5,8,13
340311540,16,22,38
340311635,6,6,12
340311753,1,2,3
340311754,6,4,10
340311755,2,1,3
340311756,12,26,38
340311757,21,27,48
340311758,7,12,19
340311801,4,5,9
340311802,2,3,5
340311805,1,0,1
340311809,2,0,2
340311810,0,1,1
340311812,1,0,1
340311813,0,4,4
340311815,1,0,1
340311816,3,1,4
340311817,3,7,10
340311819,0,3,3
340311820,0,1,1
340311821,3,1,4
340311824,2,1,3
340311825,16,18,34
340311826,1,2,3
340311827,1,1,2
340311828,3,0,3
340311829,58,37,95
340311830,3,3,6
340311831,2,9,11
340311964,6,8,14
340312036,5,0,5
340312167,9,2,11
340312238,17,16,33
340312366,0,2,2
340312460,68,95,163
340312461,40,41,81
340312462,34,45,79
340312463,5,13,18
340312568,7,12,19
340312641,31,37,68
340330105,1,1,2
340330201,0,1,1
340330203,0,1,1
340330205,5,2,7
340330206,3,2,5
340330207,10,7,17
340330208,8,0,8
340330209,1,0,1
340330210,0,1,1
340330211,10,3,13
340330212,0,3,3
340330213,6,13,19
340330214,0,1,1
340330215,0,2,2
340330216,3,0,3
340330217,3,6,9
340330219,6,0,6
340330222,0,1,1
340335019,2,1,3
340350042,2,6,8
340350051,1,2,3
340350111,2,4,6
340350112,1,0,1
340350458,1,0,1
340350501,6,10,16
340350502,0,3,3
340350503,17,20,37
340350504,2,11,13
340350505,1,0,1
340350506,11,14,25
340350507,17,12,29
340350508,15,19,34
340350509,30,45,75
340350510,15,25,40
340350511,3,2,5
340350512,1,0,1
340350513,2,9,11
340350514,1,0,1
340350516,0,1,1
340350517,2,1,3
340350518,0,1,1
340350519,5,4,9
340350520,9,7,16
340350521,13,32,45
340350522,65,93,158
340350524,9,11,20
340350525,4,14,18
340350526,48,83,131
340350527,14,19,33
340350528,3,6,9
340350529,28,33,61
340350530,1,1,2
340350531,54,56,110
340350532,8,3,11
340350533,11,11,22
340350534,55,70,125
340350535,8,11,19
340350536,23,22,45
340350537,21,15,36
340350538,25,32,57
340350539,44,126,170
340370311,0,2,2
340373710,5,2,7
340373711,5,3,8
340373712,1,1,2
340373713,0,3,3
340373714,1,1,2
340373715,2,1,3
340373716,10,1,11
340373717,2,1,3
340373718,5,1,6
340373720,3,1,4
340373721,0,2,2
340373722,0,1,1
340373723,1,1,2
340373724,3,5,8
340373725,0,1,1
340373726,8,5,13
340373727,1,1,2
340373728,1,0,1
340373729,2,0,2
340373731,16,11,27
340373732,4,5,9
340373733,4,3,7
340373734,13,13,26
340373735,8,6,14
340373736,1,5,6
340373737,5,21,26
340373738,1,4,5
340373739,1,3,4
340373740,4,4,8
340373741,1,1,2
340373742,1,1,2
340373743,1,0,1
340373744,1,0,1
340373747,2,2,4
340373748,0,2,2
340373750,2,0,2
340390301,0,1,1
340390303,1,0,1
340390304,2,0,2
340390305,4,1,5
340390306,2,0,2
340390307,4,3,7
340390308,21,9,30
340390309,1,0,1
340390310,1,0,1
340390311,3,0,3
340390312,2,8,10
340390313,0,1,1
340390314,0,1,1
340390315,0,1,1
340390316,6,12,18
340390317,9,13,22
340390318,13,9,22
340390319,17,13,30
340390320,6,9,15
340390321,9,13,22
340390322,0,2,2
340390323,2,3,5
340390324,1,1,2
340390325,10,11,21
340390326,8,6,14
340390327,10,25,35
340390328,3,2,5
340390329,9,6,15
340390330,13,6,19
340390331,10,3,13
340390332,7,7,14
340390333,5,4,9
340390334,2,7,9
340390335,14,14,28
340390336,11,17,28
340390337,4,7,11
340390338,3,2,5
340390339,6,4,10
340390340,7,0,7
340390341,1,1,2
340390342,3,1,4
340390343,1,0,1
340390344,1,9,10
340390347,5,8,13
340390348,11,2,13
340390349,5,3,8
340390350,1,0,1
340390351,1,2,3
340390352,1,1,2
340390353,0,1,1
340390354,0,1,1
340390355,7,3,10
340390356,1,0,1
340390357,6,11,17
340390359,7,9,16
340390360,0,5,5
340390362,13,7,20
340390363,17,19,36
340390364,25,43,68
340390365,12,37,49
340390366,18,29,47
340390367,14,20,34
340390368,19,22,41
340390369,4,1,5
340390370,7,4,11
340390371,11,11,22
340390372,10,3,13
340390373,4,4,8
340390374,0,1,1
340390375,12,31,43
340390376,31,48,79
340390377,12,30,42
340390378,36,67,103
340390379,17,37,54
340390380,73,58,131
340390381,23,30,53
340390382,33,33,66
340390383,9,21,30
340390384,9,8,17
340390385,4,4,8
340390386,35,53,88
340390387,9,8,17
340390388,1,2,3
340390389,2,0,2
340390391,8,7,15
340390392,3,5,8
340390393,6,3,9
340390394,2,0,2
340390395,0,1,1
340390396,4,0,4
340390397,9,23,32
340390517,3,0,3
340410102,0,1,1
340410306,24,15,39
340410307,1,2,3
340410308,2,0,2
340410311,10,4,14
340410312,3,5,8
340410313,3,11,14
340410314,15,14,29
340410315,1,2,3
340410316,4,3,7
340410317,2,1,3
340410318,2,5,7
340410319,7,4,11
340410320,7,2,9
340410321,0,4,4
340410322,11,10,21
340410323,3,0,3
340410324,1,0,1
340410462,1,0,1
350010001,87,143,230
350010002,24,28,52
350010003,77,86,163
350010004,38,61,99
350010005,25,38,63
350010006,7,25,32
350010007,24,55,79
350010008,2,3,5
350010009,42,80,122
350010010,2,4,6
350010011,31,32,63
350010012,4,6,10
350010014,1,0,1
350010015,4,7,11
350010016,18,51,69
350010017,14,16,30
350010018,80,153,233
350010019,21,50,71
350010020,9,45,54
350010021,1,2,3
350010022,5,14,19
350010023,0,1,1
350010024,1,1,2
350010025,0,1,1
350010026,5,2,7
350010027,1,5,6
350010028,16,25,41
350010029,3,4,7
350010030,10,26,36
350010031,10,18,28
350010032,5,3,8
350010034,1,7,8
350010035,19,37,56
350010036,13,14,27
350010037,227,394,621
350010038,20,26,46
350010040,2,1,3
350010043,1,0,1
350010044,3,0,3
350010045,6,2,8
350010046,2,2,4
350010047,54,58,112
350010105,0,1,1
350019702,1,4,5
350039761,2,0,2
350039762,3,0,3
350050001,10,12,22
350050002,5,4,9
350050003,10,7,17
350050004,0,1,1
350050009,2,1,3
350050010,11,22,33
350050011,2,3,5
350050013,0,1,1
350069741,1,0,1
350069742,12,5,17
350069743,1,0,1
350069746,0,1,1
350079505,3,5,8
350079506,7,3,10
350079507,3,0,3
350079508,6,2,8
350090002,8,10,18
350090003,14,11,25
350090004,3,7,10
350090006,6,2,8
350090009,4,5,9
350119601,1,1,2
350130001,3,5,8
350130002,6,9,15
350130003,4,5,9
350130004,2,2,4
350130005,2,1,3
350130006,7,5,12
350130007,1,4,5
350130008,0,2,2
350130009,5,5,10
350130010,4,3,7
350130011,9,12,21
350130012,68,86,154
350130013,7,2,9
350130014,1,0,1
350130015,6,6,12
350130017,7,12,19
350130018,2,2,4
350150001,4,1,5
350150002,6,10,16
350150003,5,5,10
350150004,12,10,22
350150005,1,3,4
350150007,0,1,1
350150010,3,3,6
350150011,4,2,6
350150012,0,1,1
350179841,0,2,2
350179843,19,13,32
350179844,8,17,25
350179847,2,4,6
350179848,1,0,1
350179849,1,2,3
350199616,1,1,2
350239881,1,0,1
350239883,0,1,1
350250001,7,6,13
350250005,11,7,18
350250006,5,5,10
350250007,4,7,11
350250008,0,1,1
350250009,1,1,2
350250010,7,0,7
350279803,1,3,4
350279805,1,4,5
350279806,2,1,3
350279807,1,1,2
350279808,11,7,18
350280001,4,4,8
350280002,1,1,2
350280003,12,13,25
350280004,11,7,18
350280005,3,4,7
350299862,5,2,7
350299863,2,3,5
350299864,8,5,13
350299865,0,2,2
350319721,0,1,1
350319722,13,1,14
350319723,1,0,1
350319729,20,3,23
350319730,10,8,18
350319731,54,42,96
350319732,5,5,10
350319733,2,4,6
350339551,0,1,1
350339552,0,1,1
350350001,8,12,20
350350002,1,1,2
350350003,15,16,31
350350004,6,7,13
350350005,2,1,3
350350006,3,4,7
350350007,0,2,2
350350008,3,0,3
350350009,3,2,5
350379586,7,1,8
350399535,1,2,3
350399536,4,1,5
350399538,1,0,1
350399540,2,0,2
350399541,1,1,2
350399542,14,7,21
350399543,0,1,1
350399544,1,1,2
350419590,1,1,2
350419591,3,0,3
350419592,5,2,7
350430047,3,4,7
350430101,2,1,3
350430102,3,1,4
350430103,0,1,1
350430105,10,25,35
350430106,25,44,69
350430107,26,17,43
350450001,1,1,2
350450002,18,29,47
350450003,12,18,30
350450004,24,31,55
350450005,5,4,9
350450006,2,4,6
350450007,5,1,6
350450010,33,7,40
350479572,6,2,8
350479573,18,8,26
350479574,6,2,8
350479575,0,3,3
350479576,3,0,3
350490001,12,36,48
350490002,2,10,12
350490003,5,11,16
350490004,13,36,49
350490005,5,13,18
350490006,5,5,10
350490007,2,0,2
350490008,3,0,3
350490009,8,4,12
350490010,30,79,109
350490011,28,22,50
350490012,1,2,3
350490038,2,4,6
350490101,0,1,1
350490102,7,9,16
350490103,40,59,99
350490104,9,20,29
350490105,1,10,11
350519821,2,2,4
350519822,7,5,12
350519823,0,2,2
350539783,10,4,14
350559521,1,0,1
350559522,3,3,6
350559523,1,0,1
350559524,3,4,7
350559525,5,3,8
350559526,15,14,29
350559527,1,6,7
350579632,1,1,2
350599502,3,2,5
350619701,1,4,5
350619702,1,0,1
350619703,4,5,9
350619704,4,1,5
350619707,0,1,1
350619708,5,0,5
350619709,5,2,7
350619710,2,1,3
360010001,1,1,2
360010002,4,24,28
360010003,12,28,40
360010004,11,21,32
360010005,0,6,6
360010007,1,0,1
360010011,4,6,10
360010014,9,14,23
360010015,73,142,215
360010016,22,47,69
360010017,6,29,35
360010018,44,112,156
360010019,13,16,29
360010020,11,12,23
360010021,57,103,160
360010022,1,4,5
360010023,1,1,2
360010025,1,1,2
360010026,4,2,6
360010127,1,6,7
360010128,4,3,7
360010129,0,2,2
360010130,3,1,4
360010131,0,1,1
360010132,3,3,6
360010133,1,2,3
360010134,1,0,1
360010135,53,41,94
360010136,24,56,80
360010137,41,97,138
360010138,4,10,14
360010139,7,35,42
360010140,3,5,8
360010141,22,37,59
360010142,57,157,214
360010143,13,27,40
360010144,2,1,3
360010145,10,28,38
360010146,99,139,238
360010147,0,1,1
360010148,5,3,8
360010330,0,1,1
360010900,2,0,2
360039501,2,0,2
360039502,1,0,1
360039503,4,2,6
360039504,2,0,2
360039505,8,4,12
360039506,1,0,1
360039507,12,11,23
360039508,5,2,7
360039509,1,0,1
360039510,0,2,2
360039511,0,1,1
360039512,1,0,1
360050002,0,2,2
360050004,1,2,3
360050016,2,5,7
360050020,1,0,1
360050027,2,0,2
360050028,2,0,2
360050033,0,1,1
360050036,1,0,1
360050039,1,2,3
360050040,0,1,1
360050041,1,1,2
360050043,0,1,1
360050044,3,0,3
360050047,0,1,1
360050048,2,0,2
360050049,22,45,67
360050050,2,2,4
360050054,0,1,1
360050056,1,0,1
360050057,0,1,1
360050059,4,5,9
360050061,1,1,2
360050064,0,1,1
360050065,5,7,12
360050066,1,1,2
360050067,7,6,13
360050069,0,1,1
360050070,4,0,4
360050071,1,1,2
360050072,5,3,8
360050074,1,2,3
360050075,1,0,1
360050077,1,0,1
360050078,1,0,1
360050079,2,1,3
360050084,0,2,2
360050085,2,0,2
360050089,1,0,1
360050092,6,1,7
360050098,4,0,4
360050118,1,7,8
360050119,1,0,1
360050121,2,1,3
360050125,0,1,1
360050127,3,0,3
360050129,1,0,1
360050132,1,5,6
360050133,1,0,1
360050137,1,1,2
360050138,0,1,1
360050141,0,1,1
360050145,0,1,1
360050147,2,2,4
360050149,21,25,46
360050151,1,0,1
360050154,0,1,1
360050155,1,0,1
360050156,4,6,10
360050157,1,0,1
360050158,3,0,3
360050160,4,4,8
360050162,2,0,2
360050163,0,1,1
360050164,2,0,2
360050166,2,1,3
360050167,1,0,1
360050173,1,0,1
360050175,4,7,11
360050181,0,2,2
360050183,4,2,6
360050184,1,1,2
360050193,1,0,1
360050194,2,1,3
360050195,4,0,4
360050196,6,5,11
360050197,3,1,4
360050198,2,6,8
360050201,2,0,2
360050202,0,2,2
360050204,2,12,14
360050205,2,0,2
360050206,1,1,2
360050208,9,2,11
360050210,7,5,12
360050211,1,0,1
360050212,3,3,6
360050213,2,0,2
360050215,1,0,1
360050216,4,3,7
360050217,1,0,1
360050218,0,3,3
360050219,1,0,1
360050223,1,0,1
360050224,5,5,10
360050225,32,22,54
360050228,16,10,26
360050229,59,29,88
360050232,0,2,2
360050233,4,0,4
360050235,1,1,2
360050236,1,2,3
360050237,11,4,15
360050241,1,2,3
360050243,1,0,1
360050244,3,2,5
360050245,1,0,1
360050246,3,3,6
360050247,0,1,1
360050248,17,15,32
360050250,7,5,12
360050251,5,0,5
360050252,4,2,6
360050254,6,6,12
360050255,0,1,1
360050256,1,4,5
360050258,3,10,13
360050261,13,31,44
360050263,3,3,6
360050264,5,1,6
360050265,1,1,2
360050266,8,7,15
360050267,5,5,10
360050269,1,0,1
360050273,3,1,4
360050274,2,3,5
360050277,1,2,3
360050279,7,3,10
360050281,1,3,4
360050283,2,1,3
360050284,37,107,144
360050285,38,50,88
360050286,9,33,42
360050287,4,6,10
360050288,20,14,34
360050289,10,6,16
360050293,69,106,175
360050295,22,35,57
360050296,191,137,328
360050297,28,33,61
360050300,10,10,20
360050301,4,8,12
360050302,4,3,7
360050307,62,116,178
360050309,0,1,1
360050310,11,12,23
360050312,10,7,17
360050314,7,4,11
360050316,6,2,8
360050317,1,1,2
360050318,9,7,16
360050320,13,7,20
360050322,6,4,10
360050323,35,52,87
360050324,1,1,2
360050328,2,2,4
360050329,3,10,13
360050330,2,0,2
360050332,7,8,15
360050333,7,14,21
360050336,2,2,4
360050338,3,2,5
360050339,1,9,10
360050340,2,1,3
360050341,6,8,14
360050342,2,0,2
360050343,7,2,9
360050344,1,0,1
360050345,10,15,25
360050346,5,1,6
360050351,11,20,31
360050352,0,2,2
360050356,0,1,1
360050358,10,5,15
360050359,1,0,1
360050361,0,2,2
360050363,0,3,3
360050364,2,3,5
360050365,1,0,1
360050366,2,5,7
360050368,0,1,1
360050370,4,1,5
360050372,1,2,3
360050373,4,1,5
360050374,1,0,1
360050375,11,5,16
360050376,5,19,24
360050379,8,5,13
360050380,3,0,3
360050382,2,1,3
360050383,2,0,2
360050385,1,0,1
360050386,2,1,3
360050387,6,1,7
360050388,1,1,2
360050389,2,4,6
360050390,0,2,2
360050391,13,3,16
360050392,0,1,1
360050393,1,0,1
360050394,0,1,1
360050396,0,1,1
360050397,3,3,6
360050398,1,0,1
360050399,3,1,4
360050401,2,0,2
360050403,3,3,6
360050405,0,2,2
360050406,3,2,5
360050407,6,5,11
360050408,3,2,5
360050409,8,6,14
360050411,7,6,13
360050413,11,10,21
360050414,1,4,5
360050415,1,4,5
360050418,3,0,3
360050419,16,31,47
360050420,75,37,112
360050421,167,289,456
360050422,1,2,3
360050423,6,3,9
360050424,7,6,13
360050425,5,1,6
360050426,9,3,12
360050428,2,0,2
360050429,2,2,4
360050430,2,1,3
360050431,14,13,27
360050432,2,0,2
360050436,1,1,2
360050440,1,0,1
360050448,2,0,2
360050449,2,3,5
360050451,5,3,8
360050454,4,0,4
360050462,14,20,34
360050484,5,4,9
360050502,1,1,2
360050516,19,34,53
360070001,4,7,11
360070003,0,4,4
360070005,2,13,15
360070006,1,0,1
360070007,2,2,4
360070008,0,2,2
360070012,6,4,10
360070013,0,1,1
360070014,8,37,45
360070015,17,34,51
360070016,5,21,26
360070017,7,15,22
360070018,3,8,11
360070102,0,1,1
360070119,1,0,1
360070121,14,4,18
360070122,2,2,4
360070124,1,1,2
360070125,3,1,4
360070126,3,2,5
360070127,8,12,20
360070128,7,12,19
360070130,7,9,16
360070131,0,2,2
360070132,14,5,19
360070133,15,6,21
360070134,1,2,3
360070135,9,4,13
360070136,5,2,7
360070137,6,4,10
360070138,0,1,1
360070139,38,50,88
360070141,19,23,42
360070142,11,20,31
360070143,37,52,89
360070144,12,12,24
360070145,2,0,2
360070146,4,10,14
360079908,2,0,2
360099601,0,1,1
360099603,1,0,1
360099604,6,3,9
360099605,1,0,1
360099606,1,0,1
360099607,1,2,3
360099608,1,1,2
360099610,5,4,9
360099611,6,8,14
360099612,3,4,7
360099613,0,6,6
360099614,1,1,2
360099615,17,19,36
360099616,7,19,26
360099617,6,2,8
360099618,6,4,10
360099621,3,3,6
360110401,0,2,2
360110402,0,1,1
360110404,3,0,3
360110406,1,3,4
360110407,2,8,10
360110408,0,2,2
360110410,3,4,7
360110411,3,2,5
360110412,2,4,6
360110413,3,4,7
360110414,12,16,28
360110415,1,0,1
360110416,0,3,3
360110417,9,20,29
360110418,7,4,11
360110419,3,0,3
360130162,0,1,1
360130301,4,0,4
360130302,3,8,11
360130303,1,0,1
360130304,5,4,9
360130305,9,16,25
360130306,7,22,29
360130307,5,7,12
360130308,0,2,2
360130351,6,4,10
360130352,0,2,2
360130353,0,1,1
360130354,1,0,1
360130355,1,1,2
360130356,6,7,13
360130357,3,12,15
360130358,7,3,10
360130359,4,7,11
360130360,1,0,1
360130361,2,1,3
360130363,1,1,2
360130364,6,7,13
360130365,9,3,12
360130366,1,1,2
360130367,0,1,1
360130368,0,2,2
360130369,6,1,7
360130370,3,3,6
360130371,11,7,18
360130372,4,3,7
360130373,4,1,5
360130375,0,3,3
360150001,1,10,11
360150002,1,0,1
360150004,14,25,39
360150005,16,26,42
360150006,2,3,5
360150007,0,9,9
360150008,6,10,16
360150009,0,1,1
360150010,0,1,1
360150011,0,1,1
360150101,0,1,1
360150102,2,4,6
360150103,6,13,19
360150104,3,9,12
360150105,5,1,6
360150106,4,8,12
360150107,14,18,32
360150108,0,3,3
360150109,17,20,37
360150110,0,2,2
360150111,7,3,10
360150112,3,3,6
360170124,1,1,2
360179901,4,2,6
360179903,9,11,20
360179904,5,13,18
360179905,2,0,2
360179906,3,6,9
360179907,1,0,1
360179908,4,2,6
360179909,2,1,3
360191001,2,1,3
360191002,1,0,1
360191004,3,0,3
360191006,1,3,4
360191007,0,2,2
360191008,4,16,20
360191009,17,12,29
360191010,25,41,66
360191011,1,2,3
360191013,7,17,24
360191016,3,6,9
360191017,0,4,4
360191018,2,0,2
360191019,6,9,15
360191020,2,2,4
360210526,0,3,3
360211500,1,0,1
360219901,0,2,2
360219902,3,2,5
360219903,3,8,11
360219904,9,7,16
360219905,2,1,3
360219906,2,0,2
360219907,6,4,10
360219908,4,2,6
360219909,1,3,4
360219910,6,8,14
360219911,3,1,4
360219913,11,22,33
360219914,0,1,1
360219915,1,5,6
360219916,1,2,3
360219918,1,1,2
360219919,0,1,1
360219920,2,0,2
360230169,0,1,1
360239902,3,6,9
360239903,1,1,2
360239904,3,2,5
360239905,8,8,16
360239906,1,0,1
360239907,10,5,15
360239909,5,7,12
360239910,4,4,8
360259509,0,1,1
360259901,1,0,1
360259902,0,1,1
360259903,0,1,1
360259904,9,6,15
360259906,15,5,20
360259907,1,0,1
360259908,9,3,12
360259910,2,2,4
360259912,3,3,6
360259914,0,1,1
360270100,5,3,8
360270200,3,11,14
360270300,1,3,4
360270400,2,3,5
360270501,4,10,14
360270502,16,18,34
360270601,6,4,10
360270602,20,19,39
360270603,13,15,28
360270701,8,16,24
360270702,8,8,16
360270703,1,5,6
360270801,11,18,29
360270802,3,7,10
360270900,1,0,1
360271000,4,0,4
360271100,11,5,16
360271200,1,0,1
360271300,4,11,15
360271401,4,42,46
360271402,4,1,5
360271403,10,11,21
360271404,19,34,53
360271405,3,6,9
360271406,1,2,3
360271407,5,3,8
360271408,2,5,7
360271500,24,13,37
360271600,29,30,59
360271700,1,7,8
360271800,2,0,2
360271901,2,3,5
360271902,5,7,12
360271903,11,13,24
360271904,1,4,5
360272000,7,3,10
360272101,4,4,8
360272102,6,1,7
360272103,0,2,2
360272202,1,1,2
360272204,1,3,4
360272206,0,1,1
360272207,44,38,82
360272208,8,15,23
360272209,11,39,50
360272210,8,9,17
360273000,3,1,4
360274100,7,3,10
360279918,0,1,1
360290001,0,1,1
360290002,1,0,1
360290006,2,0,2
360290007,3,3,6
360290008,12,17,29
360290009,3,2,5
360290010,3,2,5
360290011,2,0,2
360290013,1,0,1
360290014,3,3,6
360290015,1,0,1
360290016,1,0,1
360290019,1,1,2
360290022,0,1,1
360290024,1,0,1
360290025,4,47,51
360290027,1,0,1
360290028,1,0,1
360290030,0,1,1
360290031,34,111,145
360290032,3,2,5
360290033,9,3,12
360290037,0,1,1
360290038,0,1,1
360290039,18,98,116
360290040,2,1,3
360290041,1,0,1
360290043,1,8,9
360290044,10,21,31
360290045,17,44,61
360290046,112,109,221
360290047,1,1,2
360290048,8,4,12
360290049,8,4,12
360290050,3,1,4
360290051,0,9,9
360290052,13,32,45
360290053,3,5,8
360290054,24,40,64
360290055,1,1,2
360290056,1,0,1
360290057,1,2,3
360290058,4,1,5
360290059,1,0,1
360290061,2,1,3
360290062,3,7,10
360290063,15,26,41
360290064,4,4,8
360290065,45,76,121
360290066,23,27,50
360290067,58,135,193
360290068,2,9,11
360290069,1,1,2
360290070,1,0,1
360290071,2,3,5
360290072,7,17,24
360290073,27,28,55
360290075,0,1,1
360290076,3,1,4
360290077,1,1,2
360290078,1,1,2
360290079,13,21,34
360290080,14,9,23
360290081,26,25,51
360290082,18,29,47
360290083,3,0,3
360290085,1,1,2
360290086,3,4,7
360290087,3,8,11
360290088,0,2,2
360290089,9,38,47
360290090,176,270,446
360290091,126,181,307
360290092,28,44,72
360290093,17,14,31
360290094,43,71,114
360290095,47,90,137
360290096,38,127,165
360290097,2,5,7
360290098,3,0,3
360290099,2,0,2
360290100,3,2,5
360290101,9,13,22
360290102,21,9,30
360290103,1,0,1
360290104,1,1,2
360290105,1,3,4
360290106,3,0,3
360290107,14,8,22
360290108,64,32,96
360290109,4,3,7
360290110,0,1,1
360290112,6,4,10
360290113,1,1,2
360290116,12,5,17
360290117,4,27,31
360290118,6,6,12
360290119,4,9,13
360290120,11,20,31
360290123,1,2,3
360290125,9,1,10
360290126,3,11,14
360290128,4,0,4
360290129,0,5,5
360290130,2,0,2
360290131,11,14,25
360290132,13,18,31
360290133,1,3,4
360290134,11,8,19
360290135,30,68,98
360290136,4,17,21
360290137,46,33,79
360290138,9,18,27
360290139,6,4,10
360290140,7,8,15
360290141,7,15,22
360290142,18,14,32
360290143,6,1,7
360290144,4,1,5
360290145,5,1,6
360290146,38,80,118
360290147,11,24,35
360290148,5,3,8
360290149,4,3,7
360290150,3,8,11
360290151,5,3,8
360290152,2,4,6
360290153,8,6,14
360290154,6,5,11
360290155,2,2,4
360290156,1,1,2
360290157,4,2,6
360290158,3,1,4
360290159,23,2,25
360290160,0,4,4
360319601,0,4,4
360319602,0,1,1
360319603,1,2,3
360319604,3,3,6
360319605,4,10,14
360319606,2,1,3
360319608,2,0,2
360319609,3,4,7
360319610,4,1,5
360319611,1,0,1
360319612,4,3,7
360319614,1,0,1
360339501,2,3,5
360339503,1,2,3
360339504,6,6,12
360339505,17,8,25
360339508,1,2,3
360339509,14,25,39
360339510,5,1,6
360339511,7,3,10
360339913,1,0,1
360350605,1,1,2
360350706,1,0,1
360350721,0,1,1
360350724,0,1,1
360359506,1,0,1
360359902,1,2,3
360359903,1,0,1
360359904,0,1,1
360359906,1,6,7
360359909,10,6,16
360359910,15,7,22
360359911,6,1,7
360359912,3,0,3
360359913,6,5,11
360359914,0,1,1
360359915,3,1,4
360379501,2,2,4
360379502,1,0,1
360379503,2,1,3
360379504,1,1,2
360379505,3,4,7
360379506,5,4,9
360379507,2,2,4
360379508,12,17,29
360379509,6,13,19
360379511,0,2,2
360379512,4,2,6
360379513,1,0,1
360379514,1,0,1
360390801,0,2,2
360390802,4,1,5
360390803,2,0,2
360390804,3,2,5
360390805,4,0,4
360390806,1,2,3
360390807,2,2,4
360390809,2,2,4
360390810,1,3,4
360390811,5,2,7
360419503,1,1,2
360419505,0,1,1
360419506,2,1,3
360430101,2,0,2
360430102,0,1,1
360430103,5,3,8
360430104,2,1,3
360430105,2,0,2
360430107,3,3,6
360430108,6,1,7
360430109,0,1,1
360430110,3,2,5
360430111,0,1,1
360430112,10,1,11
360430115,4,2,6
360430208,0,3,3
360450601,3,3,6
360450602,5,2,7
360450603,2,2,4
360450604,5,3,8
360450606,1,1,2
360450607,1,2,3
360450608,4,3,7
360450609,7,8,15
360450610,2,1,3
360450611,7,3,10
360450612,0,1,1
360450613,1,1,2
360450614,1,0,1
360450615,3,1,4
360450616,0,1,1
360450617,2,2,4
360450618,5,7,12
360450619,25,56,81
360450620,7,19,26
360450621,4,6,10
360450622,8,5,13
360450624,3,9,12
360470001,10,21,31
360470002,1,0,1
360470003,26,33,59
360470005,35,48,83
360470007,23,53,76
360470009,36,29,65
360470011,2,0,2
360470013,6,12,18
360470018,3,2,5
360470021,1,3,4
360470022,16,8,24
360470027,4,5,9
360470029,4,1,5
360470030,6,8,14
360470031,53,78,131
360470033,1,2,3
360470034,15,11,26
360470035,4,7,11
360470036,15,20,35
360470037,5,2,7
360470038,7,5,12
360470039,2,3,5
360470040,15,9,24
360470041,4,6,10
360470042,5,11,16
360470043,6,7,13
360470045,12,18,30
360470046,5,6,11
360470047,4,8,12
360470048,6,4,10
360470049,78,68,146
360470050,18,17,35
360470051,7,6,13
360470052,21,20,41
360470054,39,26,65
360470056,18,23,41
360470057,0,1,1
360470058,30,11,41
360470059,0,1,1
360470060,10,5,15
360470062,17,25,42
360470063,4,1,5
360470064,17,25,42
360470065,13,9,22
360470066,15,7,22
360470067,9,8,17
360470068,11,11,22
360470069,5,6,11
360470070,2,3,5
360470071,1,0,1
360470074,10,0,10
360470075,4,11,15
360470076,4,2,6
360470077,2,5,7
360470078,5,2,7
360470080,5,1,6
360470082,2,2,4
360470084,1,1,2
360470088,3,1,4
360470092,3,1,4
360470094,8,9,17
360470096,1,3,4
360470098,0,2,2
360470100,3,2,5
360470101,2,1,3
360470102,8,0,8
360470104,6,3,9
360470106,0,4,4
360470108,15,13,28
360470110,1,2,3
360470112,5,2,7
360470114,66,93,159
360470116,1,6,7
360470117,2,1,3
360470118,6,3,9
360470120,0,1,1
360470122,2,2,4
360470124,2,4,6
360470125,0,1,1
360470127,3,4,7
360470128,2,3,5
360470129,9,5,14
360470130,12,7,19
360470131,9,8,17
360470132,0,5,5
360470133,7,10,17
360470134,16,29,45
360470135,8,6,14
360470136,16,20,36
360470137,5,7,12
360470138,14,22,36
360470139,3,4,7
360470140,9,6,15
360470141,2,0,2
360470142,7,4,11
360470143,3,2,5
360470144,2,5,7
360470145,2,1,3
360470146,5,3,8
360470147,1,0,1
360470148,9,8,17
360470149,5,6,11
360470150,1,4,5
360470151,20,24,44
360470153,101,125,226
360470155,4,12,16
360470156,14,33,47
360470157,17,27,44
360470158,8,10,18
360470159,39,26,65
360470160,8,13,21
360470161,7,5,12
360470162,10,11,21
360470163,5,6,11
360470164,3,1,4
360470165,22,35,57
360470167,16,15,31
360470168,1,1,2
360470169,4,9,13
360470170,5,5,10
360470171,6,8,14
360470172,1,2,3
360470173,0,1,1
360470174,2,2,4
360470176,1,0,1
360470177,6,17,23
360470178,1,5,6
360470179,3,2,5
360470180,1,1,2
360470181,7,5,12
360470182,4,2,6
360470183,3,4,7
360470184,2,2,4
360470185,0,1,1
360470186,4,3,7
360470187,0,1,1
360470188,4,5,9
360470189,0,2,2
360470190,3,2,5
360470191,0,1,1
360470192,1,1,2
360470193,3,2,5
360470194,3,2,5
360470195,5,2,7
360470196,1,3,4
360470197,4,7,11
360470198,1,1,2
360470199,3,2,5
360470200,4,3,7
360470201,2,2,4
360470202,3,1,4
360470203,4,1,5
360470204,1,3,4
360470205,1,0,1
360470206,4,6,10
360470207,11,11,22
360470208,2,1,3
360470210,4,1,5
360470212,2,0,2
360470213,2,0,2
360470215,9,8,17
360470216,0,2,2
360470217,53,20,73
360470218,40,102,142
360470219,2,2,4
360470220,7,6,13
360470222,5,7,12
360470223,9,13,22
360470224,2,1,3
360470227,1,0,1
360470228,0,3,3
360470229,0,2,2
360470230,3,0,3
360470231,1,2,3
360470232,3,4,7
360470234,7,10,17
360470235,0,1,1
360470236,6,4,10
360470238,8,4,12
360470240,3,3,6
360470242,1,2,3
360470244,5,1,6
360470245,2,0,2
360470246,1,2,3
360470247,1,2,3
360470249,1,1,2
360470250,2,0,2
360470252,3,4,7
360470253,5,1,6
360470254,1,3,4
360470255,1,0,1
360470256,2,0,2
360470257,2,0,2
360470258,3,3,6
360470260,0,1,1
360470261,1,1,2
360470262,3,1,4
360470264,3,0,3
360470265,0,2,2
360470266,1,3,4
360470267,0,1,1
360470268,1,3,4
360470269,1,1,2
360470270,3,6,9
360470271,2,2,4
360470272,6,2,8
360470273,3,0,3
360470274,5,2,7
360470275,0,1,1
360470276,3,2,5
360470277,0,1,1
360470278,4,3,7
360470279,3,0,3
360470280,3,1,4
360470282,8,5,13
360470284,7,6,13
360470285,17,13,30
360470286,9,9,18
360470287,1,0,1
360470288,7,5,12
360470290,6,9,15
360470292,3,5,8
360470293,2,1,3
360470294,3,2,5
360470295,1,0,1
360470296,8,9,17
360470297,1,2,3
360470298,4,3,7
360470299,1,0,1
360470300,3,2,5
360470302,2,1,3
360470304,6,4,10
360470306,3,0,3
360470308,1,1,2
360470313,2,2,4
360470314,0,2,2
360470315,1,1,2
360470317,4,4,8
360470319,11,5,16
360470320,0,1,1
360470321,2,2,4
360470323,0,1,1
360470325,0,4,4
360470326,4,2,6
360470327,1,1,2
360470328,0,2,2
360470329,0,5,5
360470330,0,1,1
360470331,1,3,4
360470333,4,10,14
360470335,3,7,10
360470336,11,9,20
360470337,4,8,12
360470340,0,1,1
360470341,2,0,2
360470342,0,1,1
360470343,1,1,2
360470345,1,1,2
360470347,11,5,16
360470348,4,1,5
360470349,1,3,4
360470350,2,2,4
360470351,1,2,3
360470352,0,1,1
360470353,1,1,2
360470354,4,8,12
360470355,1,0,1
360470356,4,10,14
360470357,0,1,1
360470360,16,8,24
360470362,8,6,14
360470363,1,0,1
360470364,6,5,11
360470365,1,0,1
360470366,3,8,11
360470370,62,64,126
360470373,2,1,3
360470374,29,31,60
360470377,0,1,1
360470381,1,1,2
360470383,1,0,1
360470385,0,2,2
360470386,3,1,4
360470387,1,0,1
360470388,1,2,3
360470389,0,1,1
360470390,2,4,6
360470392,3,2,5
360470393,0,1,1
360470394,2,1,3
360470396,3,0,3
360470397,3,0,3
360470398,3,1,4
360470400,4,1,5
360470402,3,2,5
360470404,0,1,1
360470406,0,1,1
360470408,1,1,2
360470412,0,6,6
360470414,5,1,6
360470416,1,1,2
360470418,1,2,3
360470419,2,0,2
360470420,4,3,7
360470421,1,0,1
360470422,3,3,6
360470424,4,4,8
360470426,5,3,8
360470427,1,0,1
360470428,6,7,13
360470429,5,0,5
360470430,4,3,7
360470431,6,1,7
360470432,4,5,9
360470433,1,0,1
360470434,6,2,8
360470436,3,3,6
360470437,2,0,2
360470438,5,3,8
360470440,13,2,15
360470441,2,1,3
360470442,4,7,11
360470443,25,10,35
360470444,9,4,13
360470445,18,4,22
360470446,0,1,1
360470447,0,1,1
360470448,1,4,5
360470450,3,1,4
360470452,3,8,11
360470454,4,2,6
360470456,7,3,10
360470458,2,7,9
360470460,7,8,15
360470462,5,12,17
360470464,2,3,5
360470470,1,5,6
360470472,1,7,8
360470474,0,2,2
360470477,1,0,1
360470478,0,2,2
360470480,1,3,4
360470481,0,1,1
360470482,8,4,12
360470484,5,10,15
360470486,1,0,1
360470487,0,1,1
360470488,3,3,6
360470489,1,0,1
360470490,12,10,22
360470491,8,5,13
360470492,4,1,5
360470493,1,0,1
360470494,10,7,17
360470495,1,1,2
360470496,5,6,11
360470497,1,1,2
360470498,1,2,3
360470499,0,2,2
360470500,6,2,8
360470501,2,0,2
360470502,5,4,9
360470503,3,0,3
360470504,10,6,16
360470505,3,1,4
360470506,2,2,4
360470508,3,0,3
360470510,7,3,10
360470511,2,0,2
360470512,8,9,17
360470513,0,1,1
360470514,8,8,16
360470515,0,1,1
360470516,6,6,12
360470517,1,0,1
360470518,10,7,17
360470520,5,4,9
360470522,6,6,12
360470524,10,10,20
360470526,6,10,16
360470527,3,3,6
360470528,5,10,15
360470529,1,0,1
360470530,4,8,12
360470532,2,13,15
360470533,1,2,3
360470534,8,6,14
360470538,12,11,23
360470539,0,1,1
360470540,2,3,5
360470542,8,7,15
360470544,5,3,8
360470545,1,0,1
360470546,12,13,25
360470548,4,7,11
360470549,1,1,2
360470550,14,13,27
360470551,1,0,1
360470552,7,13,20
360470553,2,1,3
360470554,15,14,29
360470555,1,0,1
360470556,7,2,9
360470557,1,3,4
360470558,1,1,2
360470560,10,11,21
360470562,6,4,10
360470564,4,2,6
360470565,2,4,6
360470566,13,5,18
360470567,2,1,3
360470568,3,1,4
360470569,2,1,3
360470570,3,2,5
360470571,1,3,4
360470572,1,0,1
360470573,2,1,3
360470574,0,3,3
360470575,1,2,3
360470576,5,4,9
360470578,6,12,18
360470580,3,3,6
360470582,6,0,6
360470584,9,3,12
360470586,1,1,2
360470588,13,8,21
360470590,3,3,6
360470591,2,2,4
360470592,7,6,13
360470593,1,1,2
360470594,16,13,29
360470596,1,0,1
360470598,8,6,14
360470600,17,10,27
360470606,3,12,15
360470608,3,3,6
360470610,33,35,68
360470612,14,10,24
360470614,4,6,10
360470616,10,7,17
360470618,9,7,16
360470622,0,2,2
360470626,2,1,3
360470628,0,1,1
360470632,0,1,1
360470640,1,4,5
360470642,7,9,16
360470644,8,3,11
360470646,1,0,1
360470648,1,0,1
360470650,2,1,3
360470652,1,3,4
360470654,2,0,2
360470656,1,0,1
360470658,2,1,3
360470660,1,0,1
360470662,1,23,24
360470670,4,1,5
360470672,3,2,5
360470674,4,1,5
360470676,2,4,6
360470678,1,1,2
360470680,5,3,8
360470682,0,1,1
360470686,1,2,3
360470688,1,1,2
360470690,2,6,8
360470692,0,1,1
360470696,18,6,24
360470698,2,4,6
360470700,4,4,8
360470702,44,33,77
360470706,7,8,15
360470720,3,5,8
360470722,1,2,3
360470724,1,1,2
360470726,2,3,5
360470728,1,0,1
360470730,4,2,6
360470732,2,2,4
360470734,3,0,3
360470736,4,0,4
360470738,3,5,8
360470740,2,4,6
360470742,5,2,7
360470744,1,2,3
360470746,7,18,25
360470748,3,5,8
360470750,2,3,5
360470752,3,8,11
360470754,4,6,10
360470756,4,2,6
360470758,7,4,11
360470760,7,5,12
360470762,15,11,26
360470764,1,6,7
360470766,2,3,5
360470770,5,3,8
360470772,3,3,6
360470774,3,4,7
360470776,4,4,8
360470778,0,3,3
360470780,1,3,4
360470782,3,3,6
360470784,4,1,5
360470786,4,1,5
360470788,1,0,1
360470790,0,3,3
360470792,1,0,1
360470796,2,3,5
360470798,10,10,20
360470800,8,5,13
360470802,1,2,3
360470804,3,0,3
360470806,1,2,3
360470810,0,3,3
360470812,27,67,94
360470814,4,4,8
360470816,64,179,243
360470818,95,70,165
360470820,2,2,4
360470822,3,0,3
360470824,3,0,3
360470826,2,2,4
360470830,2,1,3
360470832,2,1,3
360470838,0,1,1
360470840,2,0,2
360470846,2,0,2
360470848,1,0,1
360470850,0,1,1
360470854,0,3,3
360470856,2,2,4
360470858,2,0,2
360470860,12,25,37
360470862,2,2,4
360470864,1,1,2
360470866,1,1,2
360470868,2,1,3
360470870,0,3,3
360470872,3,6,9
360470874,2,28,30
360470876,1,1,2
360470878,5,12,17
360470880,3,0,3
360470882,9,2,11
360470884,1,1,2
360470886,1,0,1
360470888,3,1,4
360470890,24,66,90
360470894,2,0,2
360470896,47,26,73
360470898,10,13,23
360470900,1,0,1
360470902,1,1,2
360470906,1,1,2
360470910,0,1,1
360470916,1,1,2
360470920,2,0,2
360470922,1,0,1
360470928,18,15,33
360470930,1,1,2
360470934,3,0,3
360470936,0,2,2
360470938,4,1,5
360470940,1,1,2
360470942,1,0,1
360470944,1,1,2
360470950,2,3,5
360470954,5,4,9
360470956,3,3,6
360470958,3,6,9
360470962,1,0,1
360470964,2,1,3
360470966,4,1,5
360470970,0,4,4
360470982,1,1,2
360470984,2,2,4
360470986,1,2,3
360470988,3,3,6
360470990,2,0,2
360470992,6,3,9
360470994,1,1,2
360470996,3,6,9
360470998,6,10,16
360471004,4,4,8
360471006,3,0,3
360471008,1,2,3
360471010,2,0,2
360471012,1,3,4
360471014,2,2,4
360471016,2,1,3
360471018,1,2,3
360471020,3,2,5
360471022,2,3,5
360471024,5,4,9
360471026,6,4,10
360471028,2,3,5
360471034,1,0,1
360471058,10,8,18
360471078,1,1,2
360471100,0,1,1
360471102,0,1,1
360471112,0,1,1
360471114,1,0,1
360471120,2,1,3
360471122,0,1,1
360471126,1,0,1
360471128,1,1,2
360471132,0,1,1
360471134,1,0,1
360471138,0,1,1
360471142,3,3,6
360471154,2,1,3
360471158,1,3,4
360471164,1,0,1
360471168,1,0,1
360471172,0,1,1
360471174,1,0,1
360471182,3,1,4
360471188,1,1,2
360471192,0,1,1
360471194,1,1,2
360471196,0,1,1
360471208,2,3,5
360471220,2,2,4
360490609,1,0,1
360499501,1,0,1
360499502,0,1,1
360499503,12,9,21
360499504,2,0,2
360499505,1,2,3
360499507,2,0,2
360510301,4,0,4
360510302,8,5,13
360510303,2,2,4
360510304,3,5,8
360510306,1,0,1
360510307,2,0,2
360510308,1,0,1
360510309,4,0,4
360510311,0,2,2
360510312,1,0,1
360510313,2,4,6
360510314,12,8,20
360510520,0,1,1
360530301,19,23,42
360530302,0,1,1
360530303,2,1,3
360530304,9,0,9
360530305,8,18,26
360530306,1,1,2
360530307,0,1,1
360530309,10,10,20
360530310,2,2,4
360530311,0,1,1
360539901,0,1,1
360550002,0,8,8
360550010,16,10,26
360550013,3,0,3
360550016,0,1,1
360550017,3,0,3
360550018,3,3,6
360550020,1,1,2
360550021,1,0,1
360550022,0,2,2
360550023,1,1,2
360550029,23,22,45
360550030,1,1,2
360550031,23,29,52
360550032,3,1,4
360550033,1,1,2
360550034,16,7,23
360550035,21,28,49
360550036,28,23,51
360550037,13,2,15
360550038,244,529,773
360550046,1,0,1
360550054,0,1,1
360550058,6,0,6
360550060,2,0,2
360550061,5,1,6
360550063,7,15,22
360550064,3,0,3
360550067,6,2,8
360550068,0,3,3
360550070,2,2,4
360550071,3,3,6
360550075,0,2,2
360550076,5,5,10
360550077,7,7,14
360550078,20,24,44
360550081,41,98,139
360550083,3,1,4
360550086,1,0,1
360550088,3,1,4
360550090,4,8,12
360550093,44,66,110
360550094,4,2,6
360550095,4,4,8
360550096,1,2,3
360550101,3,1,4
360550102,5,4,9
360550103,5,4,9
360550104,11,4,15
360550105,3,5,8
360550106,14,8,22
360550107,0,1,1
360550108,0,1,1
360550109,5,6,11
360550110,5,3,8
360550111,0,3,3
360550112,23,25,48
360550113,11,11,22
360550114,7,6,13
360550115,34,25,59
360550116,41,46,87
360550117,53,93,146
360550118,6,5,11
360550119,17,21,38
360550120,1,0,1
360550121,1,1,2
360550122,23,48,71
360550123,124,227,351
360550124,20,31,51
360550125,11,18,29
360550126,27,53,80
360550127,23,30,53
360550128,32,47,79
360550129,76,118,194
360550130,110,141,251
360550131,20,21,41
360550132,11,20,31
360550133,4,5,9
360550134,8,4,12
360550135,17,10,27
360550136,17,5,22
360550137,3,0,3
360550139,3,1,4
360550140,12,8,20
360550141,23,46,69
360550142,6,7,13
360550143,11,9,20
360550144,14,0,14
360550145,13,10,23
360550146,8,4,12
360550147,5,5,10
360550148,8,2,10
360550149,14,6,20
360550150,3,1,4
360550151,0,1,1
360550152,14,3,17
360550153,4,7,11
360550154,1,1,2
360550501,3,2,5
360570701,1,4,5
360570702,1,1,2
360570703,0,1,1
360570704,5,12,17
360570705,1,7,8
360570706,4,9,13
360570707,0,1,1
360570708,1,0,1
360570721,8,7,15
360570722,2,4,6
360570723,1,1,2
360570724,0,2,2
360570725,1,1,2
360570726,3,1,4
360579914,2,2,4
360579915,0,1,1
360591223,1,1,2
360591232,1,2,3
360591551,2,7,9
360591579,3,5,8
360593001,36,92,128
360593003,14,39,53
360593004,24,46,70
360593005,44,107,151
360593006,65,127,192
360593007,47,95,142
360593008,22,63,85
360593009,114,205,319
360593010,15,42,57
360593011,19,39,58
360593012,23,42,65
360593013,5,24,29
360593014,7,7,14
360593015,16,39,55
360593016,40,99,139
360593017,11,22,33
360593018,131,313,444
360593019,32,52,84
360593020,26,71,97
360593021,54,100,154
360593022,7,23,30
360593023,74,95,169
360593024,22,22,44
360593025,59,108,167
360593026,6,7,13
360593027,10,12,22
360593028,47,88,135
360593029,12,20,32
360593030,20,9,29
360593031,68,86,154
360593032,23,39,62
360593033,13,15,28
360593034,10,14,24
360593035,14,11,25
360593036,129,188,317
360593037,10,19,29
360593038,11,7,18
360593039,15,18,33
360593040,7,5,12
360593041,5,12,17
360593042,10,11,21
360594043,3,3,6
360594044,5,8,13
360594045,6,5,11
360594046,2,9,11
360594047,12,13,25
360594048,4,1,5
360594049,20,21,41
360594050,8,5,13
360594051,15,13,28
360594052,1,7,8
360594053,3,5,8
360594054,5,4,9
360594055,7,4,11
360594056,12,10,22
360594057,4,4,8
360594058,6,4,10
360594059,12,19,31
360594060,18,22,40
360594061,8,3,11
360594062,10,7,17
360594063,5,8,13
360594064,30,64,94
360594065,29,62,91
360594066,4,39,43
360594067,32,32,64
360594068,6,3,9
360594069,5,3,8
360594070,1,1,2
360594071,7,12,19
360594072,9,9,18
360594073,35,38,73
360594074,16,6,22
360594075,5,7,12
360594076,14,26,40
360594077,8,7,15
360594078,103,121,224
360594079,6,15,21
360594080,10,6,16
360594081,11,11,22
360594082,19,28,47
360594083,10,6,16
360594084,6,4,10
360594085,7,11,18
360594086,4,2,6
360594087,1,5,6
360594088,8,3,11
360594089,6,1,7
360594090,9,8,17
360594091,6,8,14
360594092,2,3,5
360594094,4,2,6
360594095,1,2,3
360594096,3,4,7
360594097,5,0,5
360594098,10,10,20
360594099,13,13,26
360594100,7,27,34
360594101,12,7,19
360594102,7,11,18
360594103,6,5,11
360594104,6,7,13
360594105,16,15,31
360594106,3,6,9
360594107,14,16,30
360594108,10,12,22
360594109,16,16,32
360594110,4,4,8
360594111,3,0,3
360594112,43,51,94
360594113,62,86,148
360594114,32,56,88
360594115,16,41,57
360594116,46,90,136
360594117,40,40,80
360594118,5,13,18
360594119,11,8,19
360594120,8,7,15
360594121,9,12,21
360594122,9,5,14
360594123,19,59,78
360594124,16,50,66
360594125,7,7,14
360594126,43,71,114
360594127,7,13,20
360594128,5,7,12
360594129,12,4,16
360594130,7,7,14
360594131,13,16,29
360594132,5,7,12
360594133,16,15,31
360594134,14,14,28
360594135,11,14,25
360594136,5,6,11
360594137,9,13,22
360594138,25,29,54
360594139,1,2,3
360594140,1,3,4
360594141,17,6,23
360594142,8,10,18
360594143,14,26,40
360594144,2,1,3
360594145,9,12,21
360594146,6,9,15
360594147,1,4,5
360594148,10,6,16
360594149,13,8,21
360594150,2,5,7
360594151,11,19,30
360594152,31,37,68
360594153,3,7,10
360594154,20,29,49
360594155,2,0,2
360594156,3,3,6
360594157,3,9,12
360594158,4,6,10
360594159,2,2,4
360594160,6,1,7
360594161,2,2,4
360594162,5,5,10
360594163,8,14,22
360594164,8,5,13
360594165,6,4,10
360594166,36,24,60
360594167,20,23,43
360594168,7,24,31
360594169,7,17,24
360595170,8,17,25
360595171,35,34,69
360595172,12,27,39
360595173,21,33,54
360595174,8,22,30
360595175,5,9,14
360595176,5,19,24
360595177,73,127,200
360595178,18,26,44
360595179,6,15,21
360595180,12,11,23
360595181,5,12,17
360595182,73,131,204
360595183,31,27,58
360595184,12,28,40
360595185,24,51,75
360595186,14,15,29
360595187,20,33,53
360595188,10,4,14
360595189,7,18,25
360595190,5,8,13
360595191,8,5,13
360595192,23,21,44
360595193,11,18,29
360595194,7,6,13
360595195,8,7,15
360595196,25,30,55
360595197,26,53,79
360595198,30,29,59
360595199,1,4,5
360595200,1,3,4
360595201,6,4,10
360595202,1,1,2
360595203,21,43,64
360595204,7,8,15
360595205,0,5,5
360595206,4,3,7
360595207,8,1,9
360595208,3,2,5
360595209,3,5,8
360595210,15,5,20
360595211,1,13,14
360595212,14,19,33
360595213,8,23,31
360595214,6,8,14
360595216,8,3,11
360595217,15,16,31
360595218,2,3,5
360595219,12,12,24
360595220,11,1,12
360610002,7,5,12
360610006,10,9,19
360610007,7,13,20
360610008,8,6,14
360610009,2,8,10
360610010,5,6,11
360610012,3,4,7
360610013,13,10,23
360610014,10,3,13
360610015,65,49,114
360610016,2,1,3
360610018,4,0,4
360610021,10,11,21
360610022,3,2,5
360610025,1,0,1
360610026,4,9,13
360610027,1,0,1
360610028,7,11,18
360610029,22,30,52
360610030,1,3,4
360610031,12,15,27
360610032,10,18,28
360610033,19,21,40
360610034,7,11,18
360610036,0,5,5
360610038,9,10,19
360610039,8,18,26
360610040,19,78,97
360610041,7,13,20
360610042,4,12,16
360610043,13,10,23
360610044,47,102,149
360610045,5,0,5
360610047,3,9,12
360610048,120,228,348
360610049,12,16,28
360610050,32,64,96
360610051,7,8,15
360610052,36,50,86
360610053,2,5,7
360610054,15,34,49
360610055,10,35,45
360610056,16,44,60
360610057,7,16,23
360610058,5,3,8
360610059,21,47,68
360610060,10,30,40
360610061,19,49,68
360610062,247,489,736
360610063,25,83,108
360610064,87,172,259
360610065,18,19,37
360610066,17,46,63
360610067,8,11,19
360610068,70,118,188
360610069,2,9,11
360610070,96,188,284
360610071,81,261,342
360610072,91,151,242
360610073,20,27,47
360610074,24,43,67
360610075,8,14,22
360610076,8,12,20
360610077,25,70,95
360610078,46,145,191
360610079,7,13,20
360610080,20,81,101
360610081,60,107,167
360610082,25,81,106
360610083,4,7,11
360610084,3,7,10
360610086,31,92,123
360610087,13,15,28
360610088,23,55,78
360610089,7,15,22
360610090,14,40,54
360610091,25,39,64
360610092,8,16,24
360610093,11,42,53
360610094,4,6,10
360610095,3,7,10
360610096,2,5,7
360610097,10,10,20
360610098,13,45,58
360610099,0,1,1
360610100,20,56,76
360610101,2,2,4
360610102,6,12,18
360610103,3,3,6
360610104,8,11,19
360610106,64,234,298
360610108,32,59,91
360610109,0,6,6
360610110,33,82,115
360610111,1,6,7
360610112,27,57,84
360610113,1,0,1
360610114,42,168,210
360610115,3,5,8
360610116,234,895,1129
360610118,37,113,150
360610119,0,2,2
360610120,37,90,127
360610121,11,5,16
360610122,23,102,125
360610124,270,592,862
360610125,6,6,12
360610126,74,234,308
360610127,5,11,16
360610128,83,277,360
360610129,8,14,22
360610130,45,132,177
360610131,4,12,16
360610132,35,78,113
360610133,10,28,38
360610134,36,101,137
360610135,4,5,9
360610136,75,227,302
360610137,38,77,115
360610138,49,112,161
360610139,40,87,127
360610140,63,179,242
360610142,30,158,188
360610143,73,196,269
360610144,56,183,239
360610145,40,118,158
360610146,53,117,170
360610147,130,161,291
360610148,76,199,275
360610149,19,51,70
360610150,79,269,348
360610151,3,13,16
360610152,15,75,90
360610153,30,99,129
360610154,60,110,170
360610155,33,45,78
360610156,70,147,217
360610157,26,66,92
360610158,54,124,178
360610159,31,76,107
360610160,225,334,559
360610161,26,37,63
360610162,72,51,123
360610163,23,48,71
360610165,23,52,75
360610166,1,3,4
360610167,33,69,102
360610168,78,284,362
360610169,31,51,82
360610170,32,69,101
360610171,31,68,99
360610172,1,0,1
360610173,33,63,96
360610174,3,8,11
360610175,35,95,130
360610177,17,68,85
360610178,3,1,4
360610179,30,50,80
360610180,1,0,1
360610181,28,72,100
360610182,1,1,2
360610183,21,63,84
360610184,0,8,8
360610185,9,23,32
360610187,42,72,114
360610188,0,1,1
360610189,2,19,21
360610191,26,55,81
360610193,6,6,12
360610194,2,4,6
360610195,25,33,58
360610196,3,1,4
360610197,6,6,12
360610198,2,11,13
360610199,47,81,128
360610200,1,0,1
360610201,25,59,84
360610203,2,2,4
360610205,11,26,37
360610206,1,1,2
360610207,9,4,13
360610208,1,1,2
360610209,6,10,16
360610210,7,4,11
360610211,8,17,25
360610212,100,63,163
360610213,1,0,1
360610214,3,6,9
360610216,6,3,9
360610218,2,1,3
360610220,2,1,3
360610222,2,1,3
360610223,3,0,3
360610224,1,1,2
360610225,4,3,7
360610226,0,2,2
360610227,4,7,11
360610228,6,3,9
360610229,1,5,6
360610230,6,3,9
360610231,9,7,16
360610233,1,1,2
360610234,2,1,3
360610235,7,1,8
360610236,1,0,1
360610237,1,4,5
360610238,18,30,48
360610239,1,2,3
360610240,0,1,1
360610241,10,3,13
360610243,2,2,4
360610245,19,73,92
360610247,2,8,10
360610249,1,0,1
360610251,153,301,454
360610253,10,10,20
360610255,127,331,458
360610261,4,1,5
360610263,4,5,9
360610265,18,10,28
360610267,1,0,1
360610269,5,0,5
360610271,10,9,19
360610273,17,22,39
360610275,8,15,23
360610277,2,0,2
360610279,1,7,8
360610281,8,13,21
360610283,3,9,12
360610285,6,4,10
360610287,2,10,12
360610291,3,1,4
360610293,10,2,12
360610295,4,11,15
360610297,1,8,9
360610303,1,0,1
360610307,5,3,8
360610311,1,0,1
360610313,4,6,10
360610315,27,48,75
360610317,21,48,69
360630201,7,4,11
360630204,0,1,1
360630205,1,4,5
360630207,1,0,1
360630209,2,2,4
360630210,1,1,2
360630211,7,19,26
360630212,10,12,22
360630215,1,2,3
360630217,1,0,1
360630220,0,1,1
360630222,3,2,5
360630223,1,0,1
360630225,2,2,4
360630226,1,4,5
360630227,20,13,33
360630228,5,11,16
360630230,3,1,4
360630232,4,4,8
360630233,3,3,6
360630234,5,10,15
360630235,0,1,1
360630236,0,1,1
360630238,10,9,19
360630239,20,19,39
360630240,2,1,3
360630241,3,0,3
360630242,6,3,9
360630243,3,2,5
360630244,32,38,70
360630245,7,7,14
360650115,2,0,2
360650203,1,11,12
360650206,0,1,1
360650207,12,23,35
360650208,1,1,2
360650211,6,29,35
360650213,5,3,8
360650214,10,9,19
360650216,3,0,3
360650217,57,68,125
360650218,3,0,3
360650222,13,22,35
360650223,8,6,14
360650224,1,3,4
360650227,16,14,30
360650230,0,2,2
360650232,2,0,2
360650234,4,4,8
360650235,6,7,13
360650236,0,1,1
360650237,6,3,9
360650238,1,0,1
360650239,2,4,6
360650240,3,1,4
360650241,1,2,3
360650242,5,1,6
360650243,5,4,9
360650245,3,1,4
360650246,3,0,3
360650247,4,0,4
360650248,2,4,6
360650249,2,3,5
360650250,9,23,32
360650251,14,24,38
360650252,4,4,8
360650253,25,35,60
360650254,21,44,65
360650255,5,4,9
360650256,2,0,2
360650257,3,1,4
360650301,0,1,1
360670001,2,0,2
360670002,1,1,2
360670004,1,0,1
360670005,1,0,1
360670006,0,1,1
360670009,8,20,28
360670010,1,1,2
360670013,2,0,2
360670016,14,45,59
360670017,2,5,7
360670018,1,5,6
360670019,3,1,4
360670022,1,1,2
360670023,20,44,64
360670027,2,0,2
360670028,2,2,4
360670029,0,1,1
360670031,6,19,25
360670032,48,69,117
360670033,21,57,78
360670034,15,26,41
360670035,0,17,17
360670036,8,6,14
360670037,0,1,1
360670039,1,1,2
360670040,1,0,1
360670041,4,3,7
360670043,158,361,519
360670044,7,19,26
360670045,7,12,19
360670046,22,46,68
360670048,6,1,7
360670050,4,2,6
360670052,0,1,1
360670053,0,1,1
360670055,7,15,22
360670056,2,10,12
360670059,1,0,1
360670060,1,0,1
360670061,17,25,42
360670101,2,0,2
360670102,1,2,3
360670103,4,2,6
360670105,0,1,1
360670107,3,0,3
360670108,7,4,11
360670109,3,3,6
360670110,30,54,84
360670111,11,12,23
360670112,9,14,23
360670113,2,1,3
360670114,18,12,30
360670115,2,4,6
360670116,4,2,6
360670118,2,12,14
360670119,1,0,1
360670120,2,2,4
360670121,5,0,5
360670123,7,7,14
360670124,12,3,15
360670125,5,6,11
360670126,6,3,9
360670127,6,3,9
360670128,2,0,2
360670130,1,4,5
360670131,3,2,5
360670132,3,1,4
360670133,2,2,4
360670134,5,13,18
360670135,4,15,19
360670136,4,2,6
360670137,1,0,1
360670138,4,1,5
360670140,1,0,1
360670141,1,1,2
360670142,6,0,6
360670145,9,2,11
360670146,20,29,49
360670147,19,57,76
360670148,32,52,84
360670149,6,7,13
360670150,8,21,29
360670151,30,60,90
360670152,39,84,123
360670153,8,11,19
360670155,7,15,22
360670157,10,28,38
360670158,9,5,14
360670160,7,9,16
360670161,2,2,4
360670162,1,1,2
360670163,29,58,87
360670164,5,16,21
360670165,7,3,10
360670166,4,7,11
360670167,15,17,32
360670168,5,12,17
360670169,5,8,13
360670304,0,1,1
360670305,0,1,1
360690207,0,1,1
360690501,11,27,38
360690502,7,1,8
360690503,6,21,27
360690504,0,5,5
360690505,3,7,10
360690506,26,21,47
360690508,1,2,3
360690509,4,7,11
360690510,24,23,47
360690511,1,2,3
360690512,0,1,1
360690513,1,2,3
360690514,1,0,1
360690515,5,11,16
360690516,5,10,15
360690517,8,11,19
360690518,4,0,4
360690519,4,3,7
360690520,3,2,5
360690521,1,1,2
360699903,2,0,2
360710001,5,22,27
360710002,0,1,1
360710003,4,3,7
360710004,2,7,9
360710006,5,1,6
360710011,2,4,6
360710012,0,1,1
360710013,8,26,34
360710014,8,21,29
360710015,11,26,37
360710016,2,2,4
360710021,4,6,10
360710022,3,7,10
360710023,2,0,2
360710101,2,4,6
360710102,9,12,21
360710103,15,8,23
360710104,2,2,4
360710105,4,5,9
360710106,1,1,2
360710107,3,1,4
360710108,3,2,5
360710109,0,1,1
360710110,13,20,33
360710111,8,6,14
360710112,15,11,26
360710113,1,2,3
360710114,0,3,3
360710115,3,1,4
360710116,0,1,1
360710117,1,1,2
360710118,6,15,21
360710119,7,15,22
360710121,11,21,32
360710122,17,20,37
360710123,2,2,4
360710125,0,2,2
360710126,10,12,22
360710127,4,10,14
360710128,4,2,6
360710129,1,8,9
360710130,7,9,16
360710131,5,6,11
360710132,7,3,10
360710133,1,4,5
360710134,3,5,8
360710135,2,6,8
360710136,11,9,20
360710137,1,1,2
360710138,2,2,4
360710139,2,4,6
360710141,14,8,22
360710142,6,3,9
360710143,8,10,18
360710144,4,4,8
360710145,10,14,24
360710146,6,8,14
360710147,2,3,5
360710148,0,1,1
360710149,5,9,14
360710150,1,0,1
360719544,1,0,1
360730401,1,1,2
360730402,1,2,3
360730403,0,1,1
360730404,4,7,11
360730405,2,1,3
360730406,4,2,6
360730407,10,1,11
360730408,0,1,1
360750201,3,0,3
360750202,1,2,3
360750203,4,1,5
360750204,2,1,3
360750205,1,0,1
360750206,0,2,2
360750207,1,2,3
360750209,1,0,1
360750210,0,1,1
360750211,13,9,22
360750212,1,2,3
360750213,1,0,1
360750214,5,0,5
360750215,1,1,2
360750216,27,31,58
360750246,1,1,2
360770101,0,1,1
360779901,1,1,2
360779902,66,145,211
360779907,1,2,3
360779908,3,3,6
360779909,9,25,34
360779910,3,4,7
360779911,8,10,18
360779912,2,0,2
360779913,1,0,1
360779914,0,4,4
360779916,2,2,4
360790101,0,1,1
360790102,7,3,10
360790103,0,1,1
360790104,16,21,37
360790105,2,3,5
360790106,3,5,8
360790107,2,3,5
360790108,5,4,9
360790109,8,4,12
360790110,1,1,2
360790111,1,6,7
360790112,8,11,19
360790113,1,2,3
360790114,6,13,19
360790115,8,2,10
360790116,4,5,9
360790117,1,6,7
360790118,1,2,3
360790119,16,7,23
360810001,3,3,6
360810002,1,0,1
360810004,0,1,1
360810006,2,1,3
360810007,2,2,4
360810008,3,1,4
360810010,3,0,3
360810012,6,1,7
360810014,2,2,4
360810018,0,3,3
360810019,0,1,1
360810022,0,1,1
360810024,1,0,1
360810026,5,3,8
360810027,1,1,2
360810028,4,0,4
360810030,0,1,1
360810031,1,2,3
360810034,1,0,1
360810035,0,1,1
360810036,0,1,1
360810038,4,0,4
360810039,2,1,3
360810040,1,0,1
360810041,1,0,1
360810042,1,1,2
360810043,1,0,1
360810044,3,1,4
360810045,3,3,6
360810047,0,2,2
360810049,3,3,6
360810051,0,1,1
360810052,3,2,5
360810053,8,7,15
360810054,3,0,3
360810055,0,1,1
360810057,1,6,7
360810058,2,1,3
360810059,3,7,10
360810061,5,11,16
360810062,16,12,28
360810063,16,11,27
360810065,8,10,18
360810067,2,2,4
360810069,3,6,9
360810071,11,6,17
360810073,14,12,26
360810075,8,9,17
360810077,1,1,2
360810079,3,1,4
360810083,1,0,1
360810086,1,0,1
360810087,1,0,1
360810091,5,6,11
360810094,1,1,2
360810095,5,5,10
360810096,0,1,1
360810097,4,4,8
360810098,3,2,5
360810100,1,2,3
360810101,5,4,9
360810102,1,1,2
360810103,3,5,8
360810104,2,1,3
360810105,3,1,4
360810106,6,4,10
360810108,1,2,3
360810110,0,1,1
360810111,1,1,2
360810112,1,2,3
360810113,5,13,18
360810115,2,1,3
360810117,4,7,11
360810118,1,0,1
360810119,3,1,4
360810120,4,2,6
360810121,3,5,8
360810122,2,0,2
360810123,2,3,5
360810124,0,2,2
360810126,1,0,1
360810128,1,2,3
360810130,6,4,10
360810132,2,4,6
360810134,16,16,32
360810135,2,3,5
360810136,7,8,15
360810137,1,2,3
360810138,5,1,6
360810140,6,7,13
360810142,13,16,29
360810143,3,2,5
360810144,1,1,2
360810145,2,1,3
360810147,1,6,7
360810148,1,0,1
360810149,1,6,7
360810150,1,0,1
360810151,2,0,2
360810153,7,4,11
360810154,1,1,2
360810155,3,8,11
360810156,5,5,10
360810158,5,4,9
360810159,1,0,1
360810161,3,3,6
360810163,1,2,3
360810164,0,1,1
360810166,4,1,5
360810168,2,1,3
360810169,2,4,6
360810176,1,0,1
360810181,4,8,12
360810182,2,1,3
360810183,6,7,13
360810185,3,8,11
360810186,0,1,1
360810187,4,1,5
360810189,1,5,6
360810194,2,0,2
360810198,1,1,2
360810202,0,2,2
360810208,1,0,1
360810212,3,3,6
360810214,4,8,12
360810216,8,9,17
360810220,24,21,45
360810230,2,1,3
360810232,12,4,16
360810235,4,2,6
360810236,34,33,67
360810238,2,1,3
360810240,1,2,3
360810243,1,5,6
360810245,3,2,5
360810247,2,4,6
360810249,5,6,11
360810251,8,8,16
360810252,3,0,3
360810253,7,3,10
360810257,1,5,6
360810259,4,4,8
360810261,2,3,5
360810263,4,6,10
360810265,10,7,17
360810266,1,0,1
360810267,32,50,82
360810269,24,19,43
360810270,1,2,3
360810271,11,8,19
360810273,7,3,10
360810274,0,1,1
360810275,7,7,14
360810276,0,1,1
360810277,5,5,10
360810278,1,0,1
360810279,5,6,11
360810281,12,8,20
360810282,1,1,2
360810283,12,6,18
360810285,5,12,17
360810287,14,16,30
360810288,4,0,4
360810289,12,9,21
360810291,4,11,15
360810292,1,0,1
360810293,1,1,2
360810295,2,2,4
360810297,0,2,2
360810304,0,1,1
360810309,6,16,22
360810317,7,7,14
360810320,1,0,1
360810327,5,4,9
360810328,0,3,3
360810329,3,1,4
360810330,0,3,3
360810331,0,1,1
360810334,9,2,11
360810337,1,0,1
360810339,4,1,5
360810347,1,2,3
360810351,2,3,5
360810352,1,0,1
360810355,0,4,4
360810358,5,1,6
360810361,1,1,2
360810366,1,0,1
360810367,1,2,3
360810368,0,1,1
360810369,0,1,1
360810371,2,2,4
360810373,0,1,1
360810375,2,1,3
360810376,2,0,2
360810377,1,0,1
360810379,3,0,3
360810381,1,1,2
360810384,1,0,1
360810394,0,1,1
360810399,1,1,2
360810400,3,1,4
360810401,2,3,5
360810403,6,6,12
360810405,2,1,3
360810407,0,1,1
360810414,1,0,1
360810415,3,1,4
360810420,0,1,1
360810422,1,3,4
360810424,1,0,1
360810426,0,2,2
360810427,2,1,3
360810432,1,1,2
360810434,1,1,2
360810437,5,3,8
360810439,1,3,4
360810440,1,0,1
360810442,0,1,1
360810443,4,7,11
360810446,3,6,9
360810448,7,9,16
360810450,1,6,7
360810452,13,4,17
360810454,11,9,20
360810455,7,4,11
360810456,7,5,12
360810457,5,6,11
360810458,12,11,23
360810459,5,5,10
360810460,8,15,23
360810461,3,3,6
360810462,2,3,5
360810463,0,4,4
360810464,12,10,22
360810465,9,7,16
360810466,16,19,35
360810467,5,5,10
360810468,4,2,6
360810469,11,5,16
360810470,1,1,2
360810471,8,18,26
360810472,16,18,34
360810473,19,18,37
360810475,20,17,37
360810476,16,28,44
360810478,29,20,49
360810479,5,5,10
360810480,1,2,3
360810481,6,13,19
360810482,6,7,13
360810483,5,8,13
360810484,3,2,5
360810485,5,9,14
360810489,1,0,1
360810492,5,3,8
360810493,4,2,6
360810495,1,1,2
360810496,2,2,4
360810497,5,0,5
360810499,3,7,10
360810502,0,2,2
360810504,1,0,1
360810505,2,2,4
360810506,0,1,1
360810507,6,4,10
360810508,1,0,1
360810510,1,2,3
360810512,2,1,3
360810513,0,2,2
360810515,0,1,1
360810517,2,1,3
360810520,1,0,1
360810521,3,1,4
360810522,1,0,1
360810525,1,0,1
360810526,1,0,1
360810528,0,2,2
360810530,2,0,2
360810532,1,0,1
360810534,2,1,3
360810538,6,1,7
360810539,7,2,9
360810540,3,2,5
360810542,2,5,7
360810545,1,0,1
360810548,2,1,3
360810549,2,2,4
360810551,4,4,8
360810552,10,3,13
360810553,7,1,8
360810554,3,3,6
360810555,1,1,2
360810556,1,1,2
360810557,4,4,8
360810558,1,1,2
360810560,3,0,3
360810562,1,1,2
360810564,2,0,2
360810565,1,0,1
360810566,4,4,8
360810567,3,2,5
360810568,3,7,10
360810577,2,2,4
360810578,4,0,4
360810579,1,0,1
360810580,3,3,6
360810581,5,3,8
360810583,4,1,5
360810585,4,1,5
360810587,3,4,7
360810588,2,1,3
360810589,1,0,1
360810590,3,4,7
360810591,1,0,1
360810592,3,1,4
360810593,5,3,8
360810594,0,1,1
360810595,1,3,4
360810596,1,2,3
360810598,1,1,2
360810599,0,1,1
360810600,1,0,1
360810601,1,3,4
360810602,1,1,2
360810603,1,0,1
360810604,3,2,5
360810606,0,2,2
360810607,2,2,4
360810608,0,2,2
360810610,0,2,2
360810612,1,0,1
360810613,0,1,1
360810614,1,1,2
360810616,3,3,6
360810618,0,1,1
360810619,2,1,3
360810620,1,1,2
360810621,1,3,4
360810623,2,2,4
360810625,3,1,4
360810626,1,0,1
360810627,1,0,1
360810629,2,0,2
360810630,1,1,2
360810632,2,0,2
360810633,3,3,6
360810635,1,3,4
360810637,2,0,2
360810638,1,0,1
360810639,2,3,5
360810641,8,4,12
360810645,9,12,21
360810646,4,2,6
360810650,5,1,6
360810654,3,1,4
360810655,1,1,2
360810656,5,2,7
360810657,3,0,3
360810659,3,2,5
360810660,4,3,7
360810663,2,2,4
360810664,11,4,15
360810665,3,4,7
360810667,2,0,2
360810669,1,1,2
360810671,4,3,7
360810677,2,1,3
360810679,3,5,8
360810680,7,6,13
360810682,2,1,3
360810683,14,26,40
360810687,20,9,29
360810690,0,4,4
360810693,9,6,15
360810694,4,1,5
360810695,5,11,16
360810697,24,32,56
360810703,9,11,20
360810707,11,10,21
360810709,7,11,18
360810711,11,26,37
360810713,95,125,220
360810717,29,53,82
360810719,4,4,8
360810721,11,16,27
360810725,3,3,6
360810727,5,13,18
360810729,2,5,7
360810731,5,3,8
360810733,6,13,19
360810735,8,15,23
360810737,5,21,26
360810739,46,70,116
360810741,12,13,25
360810743,20,24,44
360810745,15,8,23
360810747,12,10,22
360810757,41,68,109
360810768,1,0,1
360810769,23,22,45
360810771,5,17,22
360810773,11,7,18
360810775,14,6,20
360810779,86,80,166
360810788,1,0,1
360810790,2,0,2
360810792,1,2,3
360810797,40,55,95
360810799,78,74,152
360810803,18,24,42
360810809,11,12,23
360810818,3,1,4
360810837,8,10,18
360810838,3,4,7
360810840,2,1,3
360810845,19,26,45
360810846,1,1,2
360810851,13,9,22
360810853,17,18,35
360810855,12,9,21
360810857,10,10,20
360810859,5,7,12
360810861,10,10,20
360810863,5,6,11
360810864,1,0,1
360810865,9,11,20
360810867,1,1,2
360810871,2,4,6
360810878,1,0,1
360810884,8,5,13
360810889,3,9,12
360810892,27,20,47
360810907,1,0,1
360810916,2,4,6
360810919,2,3,5
360810922,14,9,23
360810925,2,2,4
360810928,13,32,45
360810929,4,5,9
360810934,13,17,30
360810938,3,0,3
360810939,6,6,12
360810942,1,3,4
360810945,15,15,30
360810947,3,2,5
360810964,3,0,3
360810972,5,2,7
360810973,4,2,6
360810981,3,2,5
360810987,6,9,15
360810991,17,27,44
360810992,1,1,2
360810997,66,102,168
360810998,17,18,35
360811008,4,4,8
360811010,12,12,24
360811017,9,8,17
360811029,6,9,15
360811032,9,5,14
360811033,2,4,6
360811039,3,9,12
360811047,11,13,24
360811059,1,2,3
360811081,12,11,23
360811083,1,2,3
360811091,8,15,23
360811097,5,7,12
360811099,1,2,3
360811113,7,3,10
360811123,3,3,6
360811129,6,7,13
360811133,0,1,1
360811139,6,4,10
360811141,3,10,13
360811147,9,14,23
360811151,5,5,10
360811155,2,0,2
360811157,4,5,9
360811159,2,5,7
360811161,6,8,14
360811163,7,11,18
360811167,4,3,7
360811171,9,10,19
360811175,5,8,13
360811181,3,0,3
360811185,0,1,1
360811187,6,1,7
360811189,2,10,12
360811191,3,3,6
360811193,1,2,3
360811195,1,0,1
360811199,4,4,8
360811201,25,36,61
360811203,1,4,5
360811205,8,9,17
360811207,2,4,6
360811211,3,2,5
360811215,11,13,24
360811223,11,13,24
360811227,21,14,35
360811241,13,10,23
360811247,8,14,22
360811257,2,2,4
360811265,8,10,18
360811267,11,24,35
360811273,13,12,25
360811275,27,32,59
360811291,34,42,76
360811301,4,3,7
360811319,1,0,1
360811333,14,21,35
360811339,4,5,9
360811341,11,10,21
360811347,20,31,51
360811367,9,12,21
360811377,11,11,22
360811385,12,15,27
360811399,6,5,11
360811403,3,5,8
360811409,10,4,14
360811417,10,8,18
360811429,6,5,11
360811435,3,7,10
360811441,3,6,9
360811447,2,2,4
360811451,6,5,11
360811459,3,3,6
360811463,4,19,23
360811467,5,5,10
360811471,3,8,11
360811479,5,9,14
360811483,18,29,47
360811507,12,28,40
360811529,21,30,51
360811551,96,196,292
360811567,2,8,10
360811571,12,27,39
360811579,32,34,66
360811617,4,4,8
360811621,3,6,9
360830137,0,1,1
360830401,0,2,2
360830402,0,1,1
360830403,4,3,7
360830405,12,20,32
360830406,1,2,3
360830407,9,9,18
360830408,1,0,1
360830411,1,2,3
360830412,2,2,4
360830413,14,29,43
360830414,8,15,23
360830515,3,0,3
360830517,3,1,4
360830518,3,0,3
360830519,6,2,8
360830520,15,12,27
360830521,7,0,7
360830522,10,9,19
360830523,4,7,11
360830524,14,17,31
360830525,21,6,27
360830526,4,3,7
360830920,1,0,1
360839901,0,1,1
360850003,1,4,5
360850006,4,1,5
360850007,6,4,10
360850008,3,0,3
360850009,1,0,1
360850011,1,0,1
360850015,4,2,6
360850017,8,3,11
360850020,19,11,30
360850021,1,4,5
360850027,2,8,10
360850029,0,1,1
360850033,10,18,28
360850036,3,1,4
360850039,6,8,14
360850040,4,2,6
360850047,9,14,23
360850050,27,53,80
360850059,9,7,16
360850064,6,12,18
360850065,3,9,12
360850070,24,53,77
360850074,2,2,4
360850075,5,11,16
360850077,0,1,1
360850081,1,0,1
360850091,108,115,223
360850096,15,16,31
360850097,3,8,11
360850105,9,11,20
360850112,15,14,29
360850114,17,12,29
360850121,13,11,24
360850122,10,21,31
360850125,1,4,5
360850128,13,8,21
360850132,13,13,26
360850134,20,17,37
360850138,11,15,26
360850141,2,6,8
360850146,11,15,26
360850147,21,16,37
360850151,10,6,16
360850156,20,15,35
360850169,23,67,90
360850170,27,31,58
360850173,8,7,15
360850176,28,17,45
360850177,33,63,96
360850179,22,40,62
360850187,23,11,34
360850189,37,31,68
360850196,9,22,31
360850197,0,2,2
360850201,3,1,4
360850207,1,0,1
360850208,27,22,49
360850213,1,1,2
360850226,4,4,8
360850231,0,1,1
360850239,1,3,4
360850244,12,8,20
360850248,1,1,2
360850251,7,2,9
360850273,18,17,35
360850277,40,36,76
360850279,3,9,12
360850291,20,16,36
360850303,5,7,12
360870101,8,7,15
360870102,1,0,1
360870105,13,19,32
360870106,8,12,20
360870107,4,2,6
360870108,54,118,172
360870109,5,9,14
360870110,7,14,21
360870111,14,29,43
360870112,28,49,77
360870113,24,47,71
360870114,32,32,64
360870115,69,100,169
360870116,45,95,140
360870117,0,1,1
360870119,2,8,10
360870120,4,9,13
360870121,17,20,37
360870122,3,8,11
360870123,4,1,5
360870124,10,4,14
360870125,20,28,48
360870126,3,11,14
360870127,3,13,16
360870128,16,37,53
360870129,0,4,4
360870130,29,48,77
360870131,7,29,36
360870132,5,9,14
360870133,0,2,2
360870134,21,28,49
360899511,0,1,1
360899901,2,0,2
360899902,10,6,16
360899903,7,9,16
360899904,5,4,9
360899905,3,0,3
360899907,3,0,3
360899908,4,7,11
360899909,6,10,16
360899910,2,0,2
360899912,3,5,8
360899913,2,0,2
360899914,6,21,27
360899915,3,11,14
360899916,8,7,15
360899917,1,2,3
360899919,2,2,4
360899920,2,3,5
360899921,0,3,3
360899923,2,3,5
360899924,0,1,1
360899925,1,1,2
360899926,2,1,3
360899927,9,6,15
360899928,0,3,3
360899929,1,0,1
360910325,1,2,3
360910519,1,0,1
360910601,1,2,3
360910602,1,0,1
360910604,3,0,3
360910605,3,0,3
360910606,5,12,17
360910607,11,13,24
360910608,2,0,2
360910609,3,2,5
360910610,5,17,22
360910611,9,10,19
360910612,24,35,59
360910613,7,16,23
360910614,6,5,11
360910615,3,2,5
360910616,2,0,2
360910617,7,4,11
360910618,5,1,6
360910619,5,1,6
360910620,3,0,3
360910623,2,1,3
360910624,16,16,32
360910625,42,56,98
360910626,11,10,21
360910627,1,2,3
360910628,2,0,2
360930137,0,1,1
360930138,0,2,2
360930146,3,2,5
360930147,1,1,2
360930201,7,10,17
360930203,0,1,1
360930204,18,69,87
360930205,3,21,24
360930206,27,33,60
360930207,3,0,3
360930208,3,2,5
360930209,1,0,1
360930210,3,12,15
360930211,1,3,4
360930212,3,1,4
360930213,1,0,1
360930214,1,1,2
360930217,0,1,1
360930218,3,5,8
360930319,23,38,61
360930320,6,5,11
360930321,50,81,131
360930322,4,2,6
360930323,3,0,3
360930324,10,9,19
360930325,8,9,17
360930326,2,1,3
360930327,2,0,2
360930328,1,0,1
360930329,3,2,5
360930330,1,1,2
360930331,4,2,6
360950147,0,1,1
360950728,0,1,1
360959901,4,0,4
360959902,12,9,21
360959904,0,1,1
360959905,2,0,2
360959906,0,1,1
360959908,1,0,1
360979501,0,2,2
360979502,2,0,2
360979503,0,1,1
360979504,4,1,5
360979505,9,4,13
360990016,5,0,5
360999502,5,2,7
360999503,2,3,5
360999505,1,0,1
360999506,0,1,1
360999507,0,2,2
360999508,1,6,7
360999509,1,1,2
360999510,0,1,1
361019602,1,0,1
361019604,6,0,6
361019605,0,3,3
361019606,6,6,12
361019607,4,5,9
361019608,6,8,14
361019609,4,6,10
361019610,1,0,1
361019611,12,6,18
361019612,5,2,7
361019613,0,1,1
361019614,6,2,8
361019615,0,3,3
361019617,1,0,1
361019619,1,0,1
361019623,9,18,27
361019625,4,0,4
361019626,2,2,4
361019627,21,16,37
361019628,3,2,5
361019629,0,2,2
361019630,1,2,3
361031101,28,54,82
361031102,14,17,31
361031103,12,42,54
361031104,17,37,54
361031105,11,13,24
361031106,11,25,36
361031107,0,1,1
361031108,24,55,79
361031109,20,31,51
361031110,22,29,51
361031111,1,3,4
361031112,0,4,4
361031113,21,45,66
361031114,7,11,18
361031115,14,10,24
361031116,3,2,5
361031117,14,10,24
361031118,18,20,38
361031119,7,16,23
361031120,21,23,44
361031121,36,79,115
361031122,135,225,360
361031223,0,4,4
361031224,4,2,6
361031225,3,4,7
361031226,15,8,23
361031227,9,11,20
361031228,13,9,22
361031229,6,6,12
361031230,5,5,10
361031231,5,3,8
361031232,3,3,6
361031233,2,5,7
361031234,7,8,15
361031235,14,40,54
361031236,2,6,8
361031237,3,3,6
361031238,3,2,5
361031239,4,2,6
361031240,6,1,7
361031241,3,2,5
361031242,0,7,7
361031243,1,2,3
361031244,4,3,7
361031245,6,1,7
361031246,27,21,48
361031347,16,35,51
361031348,3,7,10
361031349,80,118,198
361031350,27,37,64
361031351,19,33,52
361031352,21,26,47
361031353,15,33,48
361031354,19,26,45
361031456,18,17,35
361031457,15,21,36
361031458,15,23,38
361031459,10,2,12
361031460,4,3,7
361031461,6,4,10
361031462,6,12,18
361031463,1,0,1
361031464,4,6,10
361031465,3,6,9
361031466,16,23,39
361031467,5,1,6
361031468,2,3,5
361031469,27,57,84
361031470,27,28,55
361031471,8,9,17
361031472,14,17,31
361031473,44,81,125
361031474,16,16,32
361031475,30,34,64
361031476,11,3,14
361031477,4,2,6
361031478,10,14,24
361031479,10,16,26
361031580,209,533,742
361031581,60,76,136
361031582,100,169,269
361031583,83,75,158
361031584,16,16,32
361031585,32,26,58
361031586,15,8,23
361031587,21,24,45
361031588,11,10,21
361031589,13,12,25
361031590,3,0,3
361031591,30,59,89
361031592,7,11,18
361031593,4,5,9
361031594,10,10,20
361031595,9,4,13
361031596,11,12,23
361031697,13,16,29
361031698,4,13,17
361031699,8,12,20
361031700,10,26,36
361031701,4,4,8
361031702,13,12,25
361031803,5,15,20
361031904,2,6,8
361031905,10,10,20
361031906,14,13,27
361031907,21,27,48
361031908,25,52,77
361032009,9,8,17
361032010,15,19,34
361035200,1,0,1
361050110,2,5,7
361059501,0,3,3
361059502,1,1,2
361059505,4,6,10
361059506,2,3,5
361059507,3,8,11
361059508,1,6,7
361059510,3,3,6
361059511,0,1,1
361059512,1,0,1
361059513,2,0,2
361059514,2,3,5
361059515,1,9,10
361059516,3,4,7
361059517,0,4,4
361059518,8,15,23
361059520,0,2,2
361059521,4,1,5
361059522,1,1,2
361059523,2,1,3
361059524,2,1,3
361059525,0,1,1
361070019,0,2,2
361070202,3,0,3
361070203,3,4,7
361070204,6,3,9
361070205,12,1,13
361070207,6,12,18
361090001,8,8,16
361090002,1,2,3
361090003,3,9,12
361090004,5,1,6
361090005,9,15,24
361090006,14,20,34
361090007,2,1,3
361090008,2,1,3
361090009,14,38,52
361090010,3,3,6
361090011,1,3,4
361090013,6,9,15
361090014,4,2,6
361090015,9,18,27
361090016,5,3,8
361090017,1,2,3
361090019,5,3,8
361090020,8,1,9
361090021,0,3,3
361090022,4,0,4
361090023,4,1,5
361110101,1,1,2
361119501,7,3,10
361119502,6,1,7
361119503,1,0,1
361119505,9,10,19
361119506,5,6,11
361119507,0,1,1
361119508,0,2,2
361119510,3,2,5
361119511,4,4,8
361119512,5,6,11
361119513,1,0,1
361119514,0,2,2
361119515,4,8,12
361119516,5,9,14
361119517,0,1,1
361119519,15,28,43
361119520,8,11,19
361119521,9,3,12
361119522,27,21,48
361119523,8,13,21
361119524,9,12,21
361119525,3,4,7
361119526,5,4,9
361119527,1,2,3
361119528,0,1,1
361119529,6,3,9
361119530,1,4,5
361119531,2,5,7
361119532,1,1,2
361119533,5,1,6
361119534,6,0,6
361119535,10,4,14
361119536,4,2,6
361119537,5,1,6
361119538,1,0,1
361119539,4,1,5
361119540,1,0,1
361119541,0,1,1
361119542,2,5,7
361119543,1,1,2
361119544,2,1,3
361119545,3,2,5
361119548,11,5,16
361130601,0,1,1
361130701,4,12,16
361130702,16,16,32
361130703,16,30,46
361130704,2,5,7
361130705,0,2,2
361130706,4,17,21
361130707,13,33,46
361130708,4,5,9
361130709,9,6,15
361130710,0,1,1
361130720,6,5,11
361130730,3,0,3
361130735,0,1,1
361130740,2,1,3
361130750,3,1,4
361130760,0,1,1
361130770,2,1,3
361130780,0,4,4
361130810,2,1,3
361150703,0,1,1
361150801,1,1,2
361150802,1,1,2
361150803,0,1,1
361150810,2,2,4
361150815,0,1,1
361150840,5,1,6
361150870,2,1,3
361150880,4,0,4
361150890,7,1,8
361150900,1,1,2
361150920,3,5,8
361150930,8,0,8
361170201,5,1,6
361170202,5,2,7
361170203,2,2,4
361170204,4,4,8
361170205,3,1,4
361170207,4,1,5
361170208,2,3,5
361170209,8,2,10
361170210,1,1,2
361170211,11,17,28
361170212,3,4,7
361170214,1,1,2
361170215,1,1,2
361170218,2,0,2
361190001,15,11,26
361190002,19,16,35
361190003,12,4,16
361190004,5,2,7
361190006,5,5,10
361190007,31,33,64
361190008,47,64,111
361190009,2,3,5
361190011,1,2,3
361190012,2,4,6
361190013,18,7,25
361190014,20,12,32
361190015,24,16,40
361190016,5,7,12
361190017,12,11,23
361190018,2,1,3
361190019,3,1,4
361190020,8,13,21
361190021,82,57,139
361190022,39,54,93
361190023,4,2,6
361190024,28,37,65
361190026,5,6,11
361190027,1,0,1
361190028,1,1,2
361190029,1,2,3
361190030,1,0,1
361190032,0,1,1
361190033,3,4,7
361190034,3,2,5
361190036,20,17,37
361190037,2,0,2
361190038,9,6,15
361190039,11,10,21
361190040,7,5,12
361190041,9,8,17
361190042,17,21,38
361190043,4,3,7
361190044,18,25,43
361190045,5,3,8
361190046,23,60,83
361190047,11,26,37
361190048,13,21,34
361190049,9,22,31
361190050,32,48,80
361190051,9,7,16
361190052,21,29,50
361190053,11,18,29
361190054,14,15,29
361190055,39,68,107
361190057,10,26,36
361190058,2,5,7
361190059,30,25,55
361190060,4,7,11
361190061,8,8,16
361190062,2,2,4
361190063,58,63,121
361190064,5,6,11
361190065,14,29,43
361190066,14,29,43
361190067,29,91,120
361190068,83,112,195
361190069,31,70,101
361190070,23,41,64
361190071,25,62,87
361190072,18,41,59
361190073,6,8,14
361190074,23,34,57
361190075,18,30,48
361190076,12,21,33
361190077,20,37,57
361190078,0,1,1
361190079,9,11,20
361190080,3,3,6
361190081,1,1,2
361190082,5,16,21
361190083,39,67,106
361190084,18,41,59
361190085,8,27,35
361190086,10,24,34
361190087,5,3,8
361190088,8,4,12
361190089,23,33,56
361190090,11,14,25
361190091,1,9,10
361190092,6,4,10
361190093,18,44,62
361190094,5,75,80
361190095,27,55,82
361190096,14,23,37
361190097,62,141,203
361190098,42,99,141
361190099,19,65,84
361190100,45,106,151
361190101,26,66,92
361190102,19,42,61
361190103,12,12,24
361190104,4,7,11
361190105,22,50,72
361190106,20,44,64
361190107,74,159,233
361190108,46,74,120
361190109,111,85,196
361190110,3,8,11
361190111,31,34,65
361190112,10,21,31
361190113,39,53,92
361190114,28,41,69
361190115,23,39,62
361190116,2,13,15
361190117,13,34,47
361190118,16,37,53
361190119,119,245,364
361190120,6,11,17
361190121,16,35,51
361190122,13,38,51
361190123,37,78,115
361190124,11,21,32
361190125,19,51,70
361190126,19,33,52
361190127,24,36,60
361190128,5,30,35
361190129,23,37,60
361190130,19,41,60
361190131,77,155,232
361190132,30,68,98
361190133,12,8,20
361190134,9,10,19
361190135,3,10,13
361190136,8,11,19
361190137,7,19,26
361190138,4,7,11
361190139,8,5,13
361190140,0,2,2
361190142,1,2,3
361190143,4,9,13
361190144,4,10,14
361190145,8,4,12
361190146,32,55,87
361190147,3,7,10
361190148,47,78,125
361190149,37,62,99
361190150,2,8,10
361219901,1,0,1
361219902,3,2,5
361219903,0,1,1
361219904,1,0,1
361219905,9,19,28
361219906,3,1,4
361219907,0,1,1
361219910,3,1,4
361239901,3,2,5
361239902,4,6,10
361239903,4,1,5
361239904,3,1,4
361239905,3,5,8
370010201,11,4,15
370010203,5,12,17
370010204,1,0,1
370010205,0,1,1
370010206,15,18,33
370010207,9,11,20
370010208,2,7,9
370010209,1,2,3
370010210,2,0,2
370010211,3,0,3
370010212,20,11,31
370010213,0,2,2
370010214,2,0,2
370010215,2,0,2
370010216,1,0,1
370010217,31,32,63
370010218,0,2,2
370010219,3,2,5
370010220,3,2,5
370030401,2,0,2
370030402,0,1,1
370030404,8,2,10
370030406,0,1,1
370030407,0,2,2
370030611,1,0,1
370059501,4,3,7
370059502,11,5,16
370059503,0,2,2
370079803,1,0,1
370079804,1,2,3
370079805,4,4,8
370099701,1,0,1
370099702,2,2,4
370099703,0,1,1
370099704,2,0,2
370099705,14,5,19
370099706,1,0,1
370099707,0,3,3
370119809,8,7,15
370119810,0,2,2
370119901,1,3,4
370119902,10,13,23
370119903,2,1,3
370119904,4,1,5
370139901,5,3,8
370139902,0,1,1
370139903,7,6,13
370139904,15,23,38
370139905,6,11,17
370139906,2,2,4
370139907,2,3,5
370139908,1,0,1
370139909,2,2,4
370139910,0,2,2
370159601,1,0,1
370159602,1,2,3
370159603,0,1,1
370159604,5,2,7
370179501,1,1,2
370179502,5,1,6
370179503,1,0,1
370179504,5,3,8
370179506,2,0,2
370190201,1,2,3
370190202,6,7,13
370190203,8,9,17
370190204,10,5,15
370190205,11,11,22
370190206,0,3,3
370210001,8,37,45
370210003,7,4,11
370210004,42,4,46
370210005,19,37,56
370210006,4,5,9
370210007,3,19,22
370210008,31,37,68
370210009,63,110,173
370210011,0,2,2
370210012,4,6,10
370210013,2,1,3
370210014,1,0,1
370210015,1,0,1
370210016,16,34,50
370210017,5,14,19
370210018,21,33,54
370210019,2,3,5
370210020,3,23,26
370210021,11,52,63
370210022,38,66,104
370210023,7,1,8
370210024,1,0,1
370210025,8,8,16
370210026,2,2,4
370210027,11,11,22
370210028,1,2,3
370210030,7,11,18
370210031,17,13,30
370210032,21,34,55
370219905,1,0,1
370219907,0,1,1
370230202,8,6,14
370230203,4,2,6
370230204,4,2,6
370230205,5,15,20
370230206,1,10,11
370230207,4,15,19
370230208,27,23,50
370230209,14,17,31
370230211,2,0,2
370230212,1,7,8
370230213,0,3,3
370250056,1,2,3
370250405,6,5,11
370250406,3,1,4
370250407,2,1,3
370250408,1,0,1
370250409,4,0,4
370250410,3,1,4
370250411,3,0,3
370250412,2,0,2
370250413,1,2,3
370250415,4,1,5
370250416,0,1,1
370250417,6,0,6
370250418,1,0,1
370250419,3,0,3
370250421,5,8,13
370250422,7,11,18
370250423,4,6,10
370250424,58,85,143
370250425,14,15,29
370250426,18,14,32
370270211,0,1,1
370270301,15,20,35
370270302,1,0,1
370270303,12,3,15
370270304,1,0,1
370270305,10,6,16
370270306,2,0,2
370270307,1,0,1
370270309,1,0,1
370270310,2,1,3
370270311,1,1,2
370270312,2,5,7
370270313,0,2,2
370270314,5,2,7
370299501,1,5,6
370299607,0,1,1
370319701,4,3,7
370319703,8,3,11
370319704,17,22,39
370319705,2,4,6
370319706,9,11,20
370319707,0,2,2
370319708,3,1,4
370319709,15,10,25
370319710,1,4,5
370319711,1,5,6
370330108,0,1,1
370339903,1,0,1
370339905,0,3,3
370339906,1,0,1
370350101,5,3,8
370350102,16,5,21
370350103,13,20,33
370350104,7,7,14
370350105,48,88,136
370350106,6,6,12
370350108,15,31,46
370350109,2,4,6
370350110,8,28,36
370350111,4,8,12
370350112,10,4,14
370350115,3,0,3
370350116,3,0,3
370350117,2,1,3
370350118,0,1,1
370350407,0,1,1
370370020,7,13,20
370370107,1,1,2
370370112,8,13,21
370370122,7,13,20
370370201,18,56,74
370370202,2,0,2
370370204,8,3,11
370370205,0,1,1
370370207,1,2,3
370370208,6,3,9
370370534,1,0,1
370399502,0,1,1
370399901,9,3,12
370399902,1,1,2
370399904,5,4,9
370399905,13,5,18
370399906,0,1,1
370419901,12,6,18
370419902,8,4,12
370439501,4,2,6
370439502,2,2,4
370439905,0,1,1
370459501,2,2,4
370459503,6,4,10
370459504,14,3,17
370459506,2,1,3
370459507,5,16,21
370459508,2,5,7
370459509,17,30,47
370459510,12,9,21
370459511,3,4,7
370459512,1,0,1
370459513,1,0,1
370459514,0,2,2
370459515,4,3,7
370459516,1,0,1
370479902,0,1,1
370479903,3,0,3
370479905,1,0,1
370479907,2,1,3
370479908,9,8,17
370479909,10,16,26
370479910,1,3,4
370479912,2,0,2
370499601,5,8,13
370499602,4,0,4
370499603,0,1,1
370499604,46,52,98
370499605,3,3,6
370499606,19,43,62
370499607,2,0,2
370499608,0,2,2
370499609,3,16,19
370499610,7,14,21
370499611,11,4,15
370499612,10,3,13
370499613,6,3,9
370510001,5,5,10
370510006,32,45,77
370510007,62,88,150
370510008,4,8,12
370510009,4,4,8
370510011,2,0,2
370510012,3,15,18
370510014,6,2,8
370510015,0,1,1
370510016,7,3,10
370510017,2,4,6
370510018,29,29,58
370510019,4,8,12
370510020,13,9,22
370510021,12,18,30
370510023,2,1,3
370510024,1,1,2
370510025,38,38,76
370510026,2,0,2
370510027,0,2,2
370510028,0,1,1
370510030,1,1,2
370510031,2,1,3
370510032,31,20,51
370510033,25,35,60
370510034,15,13,28
370510037,12,16,28
370519701,1,0,1
370531102,1,0,1
370531103,2,0,2
370531104,3,2,5
370559701,8,12,20
370559702,0,3,3
370559704,2,3,5
370559705,3,3,6
370559706,2,3,5
370570037,0,1,1
370570040,1,0,1
370570163,0,1,1
370570601,9,4,13
370570602,4,1,5
370570603,7,4,11
370570605,2,0,2
370570606,3,1,4
370570607,2,3,5
370570608,11,8,19
370570609,3,1,4
370570611,11,1,12
370570612,0,1,1
370570613,7,3,10
370570614,1,1,2
370570615,5,3,8
370570616,15,9,24
370570617,4,0,4
370570618,1,1,2
370570619,1,0,1
370570620,2,1,3
370590802,7,3,10
370590803,7,17,24
370590804,5,1,6
370590805,0,3,3
370590806,5,2,7
370590807,1,1,2
370619701,2,0,2
370619903,3,3,6
370619904,8,2,10
370619905,3,1,4
370619906,1,0,1
370619907,4,1,5
370619908,3,1,4
370630001,35,57,92
370630002,2,2,4
370630003,17,22,39
370630004,11,30,41
370630005,3,5,8
370630006,4,41,45
370630007,18,27,45
370630008,9,36,45
370630010,0,1,1
370630012,3,1,4
370630013,3,3,6
370630015,117,522,639
370630016,22,51,73
370630017,138,233,371
370630018,7,12,19
370630019,0,1,1
370630020,400,685,1085
370630021,15,25,40
370630112,2,1,3
370630121,3,2,5
370630122,0,2,2
370639805,0,1,1
370650107,2,1,3
370650202,1,0,1
370650203,3,3,6
370650210,2,4,6
370650211,15,6,21
370650212,1,5,6
370650215,1,0,1
370650216,2,1,3
370670001,3,3,6
370670002,0,1,1
370670004,2,4,6
370670007,3,5,8
370670008,0,1,1
370670009,3,7,10
370670010,29,49,78
370670011,5,15,20
370670012,12,27,39
370670013,5,4,9
370670014,0,3,3
370670015,0,2,2
370670016,11,1,12
370670017,1,1,2
370670018,0,1,1
370670019,1,1,2
370670020,3,3,6
370670021,11,22,33
370670022,10,19,29
370670023,48,99,147
370670024,65,245,310
370670025,24,53,77
370670026,42,75,117
370670027,10,11,21
370670028,6,7,13
370670029,1,1,2
370670030,5,3,8
370670031,3,5,8
370670032,9,1,10
370670033,4,4,8
370670034,0,2,2
370670036,8,9,17
370670037,29,36,65
370670038,95,189,284
370670039,81,164,245
370670040,46,93,139
370670041,6,9,15
370670159,1,1,2
370690543,1,0,1
370690603,10,9,19
370690604,2,3,5
370690605,3,1,4
370690608,1,0,1
370710302,5,0,5
370710306,3,1,4
370710307,5,1,6
370710308,1,0,1
370710309,2,0,2
370710310,1,0,1
370710311,5,0,5
370710312,1,0,1
370710313,6,15,21
370710316,1,1,2
370710317,1,0,1
370710321,23,37,60
370710322,1,1,2
370710323,8,1,9
370710324,5,4,9
370710325,19,18,37
370710326,4,15,19
370710327,23,23,46
370710328,2,5,7
370710329,4,1,5
370710330,4,3,7
370710331,1,0,1
370710332,10,5,15
370710333,24,33,57
370719503,1,3,4
370719605,3,2,5
370759802,4,1,5
370779701,0,1,1
370779702,13,3,16
370779703,1,0,1
370779704,4,5,9
370779706,7,3,10
370779707,8,14,22
370799501,1,0,1
370799503,1,0,1
370810102,4,4,8
370810103,43,70,113
370810104,18,34,52
370810105,21,40,61
370810106,7,1,8
370810107,8,2,10
370810108,15,27,42
370810109,12,41,53
370810110,14,10,24
370810111,1,1,2
370810112,1,0,1
370810113,1,1,2
370810125,80,111,191
370810126,6,6,12
370810127,11,47,58
370810128,2,0,2
370810136,2,0,2
370810137,34,69,103
370810139,0,1,1
370810140,1,1,2
370810144,16,20,36
370810145,2,1,3
370810146,16,20,36
370810152,2,0,2
370810153,4,3,7
370810154,3,1,4
370810155,2,1,3
370810156,3,1,4
370810157,36,54,90
370810158,8,6,14
370810159,2,0,2
370810160,24,20,44
370810161,13,7,20
370810162,8,2,10
370810163,7,22,29
370810164,6,11,17
370810165,10,10,20
370810167,2,0,2
370810168,1,0,1
370810169,2,2,4
370810170,0,1,1
370810171,3,1,4
370810172,1,3,4
370810410,0,1,1
370810601,0,1,1
370810606,0,1,1
370839901,2,1,3
370839902,11,12,23
370839903,8,7,15
370839904,1,4,5
370839905,6,7,13
370839907,4,1,5
370839908,1,0,1
370839909,2,0,2
370839911,3,0,3
370850303,1,2,3
370850305,0,2,2
370850306,1,0,1
370850701,9,14,23
370850702,1,1,2
370850703,2,1,3
370850704,2,0,2
370850705,6,1,7
370850708,0,3,3
370850709,4,0,4
370850711,5,1,6
370859505,2,1,3
370859703,5,3,8
370879801,0,1,1
370879803,9,1,10
370879804,1,0,1
370879805,5,10,15
370879806,5,4,9
370879807,2,1,3
370879808,6,11,17
370879809,0,2,2
370879810,17,17,34
370879811,2,3,5
370879812,4,3,7
370879813,1,1,2
370890032,1,1,2
370899901,0,1,1
370899902,0,1,1
370899903,1,1,2
370899904,2,4,6
370899905,2,12,14
370899906,8,6,14
370899907,8,4,12
370899908,8,6,14
370899909,3,4,7
370899910,2,3,5
370899911,9,27,36
370899912,26,25,51
370899913,3,1,4
370899914,2,5,7
370899915,7,10,17
370899916,1,6,7
370899917,11,8,19
370899918,12,14,26
370899919,3,2,5
370899920,2,2,4
370919501,4,2,6
370919502,1,1,2
370919504,23,7,30
370939701,2,1,3
370939702,1,0,1
370939703,4,1,5
370959801,2,0,2
370970062,0,1,1
370970601,24,31,55
370970603,0,1,1
370970604,8,26,34
370970605,5,4,9
370970606,13,12,25
370970607,1,3,4
370970608,1,3,4
370970609,1,0,1
370970610,2,1,3
370970611,0,2,2
370970612,2,5,7
370970613,2,0,2
370970614,39,28,67
370970615,13,12,25
370970616,2,3,5
370999501,4,2,6
370999502,2,2,4
370999503,26,18,44
370999504,12,11,23
370999505,0,2,2
370999506,4,1,5
370999508,0,3,3
370999509,3,5,8
370999606,2,3,5
371010401,4,0,4
371010402,3,1,4
371010403,1,0,1
371010405,1,0,1
371010407,10,6,16
371010408,10,8,18
371010409,7,8,15
371010410,7,1,8
371010411,4,0,4
371010412,3,2,5
371010414,4,1,5
371010415,1,2,3
371010528,0,1,1
371039604,0,1,1
371039801,5,5,10
371039802,0,1,1
371050301,23,22,45
371050303,13,14,27
371050304,2,1,3
371050305,8,12,20
371050306,3,4,7
371050307,1,1,2
371050711,1,0,1
371070101,1,2,3
371070103,0,1,1
371070105,1,4,5
371070106,12,27,39
371070107,6,1,7
371070108,19,28,47
371070109,2,1,3
371070110,4,1,5
371070111,0,1,1
371070112,1,0,1
371090115,0,1,1
371090301,0,2,2
371090701,17,7,24
371090702,3,6,9
371090703,8,5,13
371090704,0,2,2
371090710,0,1,1
371090711,5,2,7
371090712,7,0,7
371110202,0,1,1
371119701,0,3,3
371119702,1,0,1
371119703,4,2,6
371119704,2,3,5
371119705,11,4,15
371119706,0,1,1
371119708,4,0,4
371139701,1,1,2
371139702,1,1,2
371139703,17,16,33
371139704,1,1,2
371139705,12,22,34
371139706,2,4,6
371139707,2,2,4
371150101,1,0,1
371150103,0,1,1
371150104,0,1,1
371150105,2,0,2
371150106,6,1,7
371159604,1,0,1
371170020,2,0,2
371179702,9,3,12
371179703,2,2,4
371179705,1,1,2
371190001,55,116,171
371190003,3,8,11
371190005,1,3,4
371190010,3,0,3
371190011,0,2,2
371190012,2,6,8
371190013,0,1,1
371190015,3,2,5
371190016,1,2,3
371190017,5,0,5
371190018,1,1,2
371190019,8,6,14
371190020,31,49,80
371190021,3,3,6
371190022,32,58,90
371190023,18,44,62
371190024,50,135,185
371190025,5,26,31
371190026,9,33,42
371190027,51,87,138
371190028,12,37,49
371190029,59,87,146
371190030,97,136,233
371190031,24,16,40
371190032,22,16,38
371190033,5,2,7
371190034,7,24,31
371190035,20,87,107
371190038,5,2,7
371190039,1,0,1
371190040,2,1,3
371190041,2,2,4
371190048,4,3,7
371190051,0,1,1
371190053,6,0,6
371190054,0,3,3
371190055,76,41,117
371190056,17,24,41
371190057,8,7,15
371190058,123,157,280
371190059,8,8,16
371190060,2,0,2
371190061,8,9,17
371190062,33,63,96
371190063,8,7,15
371190064,22,30,52
371190203,2,0,2
371190210,1,0,1
371219502,7,1,8
371219503,5,4,9
371219504,0,2,2
371239502,1,0,1
371239601,1,0,1
371239602,6,3,9
371239604,1,1,2
371239901,0,1,1
371259501,1,0,1
371259502,1,0,1
371259503,1,12,13
371259504,0,1,1
371259505,4,9,13
371259506,40,96,136
371259507,9,31,40
371259508,8,23,31
371259509,7,18,25
371259510,1,11,12
371259511,5,4,9
371259512,2,3,5
371270101,1,0,1
371270103,6,5,11
371270104,3,0,3
371270105,58,78,136
371270106,6,2,8
371270108,5,4,9
371270109,1,0,1
371270110,3,0,3
371270111,5,1,6
371270112,1,0,1
371270114,0,1,1
371270602,0,1,1
371290101,2,0,2
371290102,1,0,1
371290103,1,0,1
371290104,9,16,25
371290105,4,2,6
371290106,34,74,108
371290107,43,87,130
371290110,1,3,4
371290112,6,3,9
371290113,19,15,34
371290115,1,0,1
371290116,7,10,17
371290117,29,30,59
371290118,5,21,26
371290119,19,23,42
371290120,59,74,133
371290121,15,24,39
371290122,5,4,9
371319801,1,0,1
371319802,2,0,2
371319803,2,0,2
371330001,5,11,16
371330002,1,1,2
371330003,0,2,2
371330004,12,13,25
371330006,2,2,4
371330007,8,18,26
371330010,0,1,1
371330011,2,3,5
371330012,4,7,11
371330013,6,4,10
371330014,5,6,11
371330016,1,1,2
371330017,1,3,4
371330018,2,1,3
371330020,19,21,40
371330021,12,12,24
371330022,24,21,45
371330024,6,1,7
371339708,1,0,1
371350020,4,8,12
371350107,84,146,230
371350108,1,15,16
371350109,9,22,31
371350110,9,17,26
371350111,5,11,16
371350112,58,144,202
371350113,3,6,9
371350114,14,40,54
371350115,29,125,154
371350116,37,65,102
371350117,81,216,297
371350118,7,30,37
371350119,65,132,197
371350120,5,15,20
371350121,55,98,153
371350122,26,73,99
371350201,0,2,2
371379501,5,0,5
371379502,7,3,10
371399601,3,3,6
371399602,4,5,9
371399603,3,4,7
371399604,2,2,4
371399605,20,23,43
371399606,2,0,2
371399607,7,8,15
371410004,2,0,2
371419802,6,14,20
371419804,6,2,8
371419805,1,0,1
371419806,0,1,1
371439801,1,0,1
371439802,1,2,3
371439902,1,0,1
371459801,2,0,2
371459802,2,2,4
371459803,13,5,18
371459805,1,0,1
371459806,1,1,2
371470001,28,38,66
371470002,10,8,18
371470003,33,75,108
371470004,23,49,72
371470005,36,54,90
371470006,78,127,205
371470007,21,37,58
371470008,1,2,3
371470009,2,2,4
371470010,12,24,36
371470011,0,3,3
371470012,3,5,8
371470013,41,46,87
371470014,3,2,5
371470015,1,0,1
371470016,17,19,36
371470017,23,47,70
371470018,8,6,14
371470019,1,1,2
371470020,2,4,6
371470101,4,0,4
371499801,8,16,24
371499802,1,1,2
371499803,14,20,34
371510301,3,1,4
371510302,9,7,16
371510303,8,12,20
371510304,16,11,27
371510305,15,19,34
371510306,4,0,4
371510307,0,1,1
371510308,2,3,5
371510309,1,0,1
371510311,1,0,1
371510312,2,0,2
371510313,1,0,1
371510314,1,0,1
371510315,3,2,5
371510316,0,1,1
371519602,2,0,2
371539701,1,0,1
371539702,1,0,1
371539703,0,1,1
371539704,1,0,1
371539705,8,4,12
371539706,15,5,20
371539709,3,3,6
371539710,1,2,3
371539711,2,1,3
371559601,2,0,2
371559602,1,0,1
371559603,3,1,4
371559604,11,1,12
371559607,4,1,5
371559609,12,15,27
371559610,7,11,18
371559612,2,0,2
371559613,25,25,50
371559616,1,0,1
371559617,2,0,2
371559618,1,0,1
371559620,2,0,2
371570403,17,18,35
371570404,2,1,3
371570405,3,0,3
371570406,2,1,3
371570408,1,1,2
371570409,1,0,1
371570410,0,2,2
371570411,4,2,6
371570412,13,4,17
371570415,12,12,24
371570416,1,2,3
371590411,1,0,1
371590501,1,1,2
371590502,10,10,20
371590503,2,5,7
371590504,18,3,21
371590505,25,54,79
371590506,5,7,12
371590507,1,0,1
371590508,1,0,1
371590509,0,6,6
371590510,6,5,11
371590512,7,6,13
371590513,20,24,44
371590515,0,1,1
371590517,3,0,3
371590519,1,0,1
371619514,0,1,1
371619601,1,2,3
371619602,1,1,2
371619603,3,2,5
371619604,2,1,3
371619605,20,29,49
371619606,5,3,8
371619607,2,1,3
371619608,6,1,7
371619609,1,0,1
371619610,1,1,2
371619611,1,0,1
371639702,3,0,3
371639704,1,0,1
371639705,2,1,3
371639706,18,10,28
371639707,0,2,2
371639708,10,5,15
371639710,1,1,2
371650101,21,26,47
371650102,0,1,1
371650103,5,1,6
371650104,4,4,8
371650105,2,1,3
371650106,2,2,4
371659604,1,1,2
371670509,1,0,1
371679901,1,1,2
371679902,1,2,3
371679903,4,1,5
371679904,20,12,32
371679906,3,11,14
371679908,1,1,2
371679909,0,1,1
371679910,0,1,1
371679911,1,1,2
371690702,2,5,7
371690705,6,1,7
371690707,2,1,3
371699911,1,0,1
371699912,1,0,1
371719601,0,1,1
371719902,1,0,1
371719903,9,1,10
371719904,10,2,12
371719905,6,7,13
371719906,0,2,2
371719909,18,16,34
371719910,2,1,3
371719911,0,1,1
371719912,4,1,5
371739501,3,3,6
371739602,2,0,2
371739603,5,3,8
371759601,1,1,2
371759602,1,5,6
371759603,18,21,39
371759604,4,13,17
371759605,1,1,2
371759606,3,4,7
371790057,1,0,1
371790202,1,4,5
371790203,7,10,17
371790204,6,3,9
371790205,3,14,17
371790206,26,15,41
371790207,1,2,3
371790208,2,1,3
371790209,0,1,1
371790210,11,18,29
371819504,0,1,1
371819601,0,1,1
371819603,11,10,21
371819604,10,10,20
371819605,7,5,12
371819608,1,1,2
371819610,1,1,2
371830020,0,1,1
371830501,6,13,19
371830503,5,11,16
371830504,0,2,2
371830505,3,0,3
371830506,0,2,2
371830507,4,0,4
371830510,3,6,9
371830511,0,1,1
371830512,2,16,18
371830513,0,1,1
371830514,3,1,4
371830515,14,27,41
371830516,17,20,37
371830517,5,18,23
371830518,3,5,8
371830519,3,1,4
371830520,20,50,70
371830521,3,0,3
371830522,1,3,4
371830523,3,2,5
371830524,4,8,12
371830525,115,139,254
371830526,58,86,144
371830527,32,72,104
371830528,11,14,25
371830529,2,3,5
371830530,36,40,76
371830531,7,3,10
371830532,6,5,11
371830534,33,54,87
371830535,90,99,189
371830536,32,29,61
371830537,65,68,133
371830538,35,62,97
371830539,2,2,4
371830540,44,57,101
371830541,12,4,16
371830542,12,7,19
371830543,3,1,4
371830544,2,2,4
371850601,0,1,1
371859501,1,1,2
371859502,2,0,2
371859503,2,1,3
371859907,0,2,2
371879501,1,0,1
371879502,3,3,6
371899801,1,1,2
371899802,0,1,1
371899803,1,0,1
371899804,1,2,3
371899805,4,2,6
371899806,29,38,67
371899807,0,7,7
371899808,6,9,15
371899809,1,5,6
371910001,6,4,10
371910003,4,8,12
371910004,7,20,27
371910005,1,0,1
371910006,2,1,3
371910007,3,0,3
371910008,4,0,4
371910009,0,2,2
371910011,5,3,8
371910012,9,22,31
371910013,17,23,40
371910014,8,9,17
371910016,2,1,3
371910018,6,16,22
371910019,12,3,15
371939601,2,0,2
371939604,2,1,3
371939605,5,6,11
371939606,6,1,7
371939607,8,5,13
371939608,1,0,1
371939610,15,8,23
371939611,3,2,5
371939612,2,1,3
371939908,1,1,2
371939909,1,1,2
371950001,1,0,1
371950002,2,0,2
371950004,16,38,54
371950005,14,22,36
371950006,2,0,2
371950007,2,1,3
371950010,1,0,1
371950011,0,1,1
371950013,0,1,1
371950014,0,3,3
371950015,1,0,1
371950017,1,0,1
371950019,1,0,1
371970501,2,1,3
371970503,3,0,3
371970504,1,0,1
371970505,6,5,11
371999601,8,2,10
371999602,6,0,6
371999603,2,3,5
380019656,9,3,12
380039679,2,0,2
380039682,0,2,2
380039683,10,1,11
380059567,1,0,1
380099522,2,2,4
380099523,1,1,2
380099524,1,0,1
380119652,3,0,3
380150101,7,33,40
380150102,9,8,17
380150103,4,3,7
380150104,3,8,11
380150105,11,12,23
380150106,6,13,19
380150107,5,3,8
380150108,33,53,86
380150109,2,0,2
380150110,0,1,1
380150112,3,7,10
380150113,2,3,5
380150115,0,1,1
380170001,16,38,54
380170002,9,3,12
380170003,5,5,10
380170004,2,4,6
380170005,37,91,128
380170006,10,8,18
380170007,40,46,86
380170008,8,23,31
380170009,20,35,55
380170010,5,15,20
380170101,12,10,22
380170102,10,4,14
380170103,40,53,93
380170403,2,0,2
380170404,2,2,4
380170405,2,4,6
380170406,0,1,1
380199502,1,0,1
380199509,4,1,5
380219732,3,2,5
380239545,2,1,3
380299663,1,0,1
380319595,6,1,7
380339629,2,0,2
380350102,4,2,6
380350103,8,15,23
380350104,2,1,3
380350105,0,1,1
380350106,3,2,5
380350107,1,1,2
380350108,70,80,150
380350109,3,4,7
380350110,1,0,1
380350111,13,11,24
380350112,3,2,5
380350113,0,1,1
380350115,3,1,4
380350116,1,0,1
380350117,1,7,8
380350118,2,0,2
380379657,2,0,2
380399685,3,0,3
380439666,0,1,1
380499559,1,0,1
380519728,0,1,1
380519729,1,1,2
380539624,1,1,2
380559603,1,2,3
380559605,2,2,4
380579616,2,1,3
380579617,3,0,3
380590201,4,0,4
380590202,6,0,6
380590203,1,5,6
380590205,0,1,1
380619552,3,0,3
380619553,2,0,2
380639587,1,0,1
380639589,1,1,2
380659616,1,0,1
380679501,1,0,1
380679502,1,1,2
380679503,1,0,1
380699561,1,0,1
380699562,8,2,10
380719570,1,0,1
380719571,1,0,1
380719572,12,4,16
380719573,0,1,1
380719574,0,1,1
380719575,4,1,5
380739690,0,1,1
380739691,3,1,4
380759528,2,0,2
380779707,1,0,1
380779708,8,5,13
380779709,1,1,2
380779710,6,3,9
380799513,1,0,1
380799516,2,0,2
380799519,7,3,10
380799522,1,0,1
380859660,3,1,4
380899634,3,0,3
380899635,2,2,4
380899636,1,2,3
380899637,12,10,22
380899638,5,3,8
380899639,1,2,3
380939670,1,0,1
380939673,4,3,7
380939674,6,5,11
380939675,4,1,5
380939676,3,12,15
380939677,0,3,3
380959514,4,1,5
380979702,6,0,6
380979704,1,0,1
380999578,1,0,1
380999579,2,1,3
380999580,8,2,10
380999582,4,1,5
381010101,24,48,72
381010102,3,0,3
381010103,7,18,25
381010104,2,1,3
381010105,13,10,23
381010106,11,16,27
381010107,3,10,13
381010108,1,2,3
381010109,4,5,9
381010110,3,0,3
381010111,2,0,2
381010112,1,0,1
381039597,2,0,2
381039598,2,2,4
381039599,1,0,1
381059534,2,1,3
381059537,0,4,4
381059538,9,16,25
381059539,11,4,15
381059540,2,4,6
390019901,1,0,1
390019902,0,1,1
390019903,1,0,1
390019904,8,2,10
390019905,0,2,2
390019906,1,0,1
390030013,0,1,1
390030101,6,1,7
390030102,4,0,4
390030103,2,0,2
390030106,4,3,7
390030108,11,29,40
390030109,10,5,15
390030110,4,5,9
390030112,2,5,7
390030113,3,5,8
390030114,0,1,1
390030116,0,8,8
390030118,5,17,22
390030120,5,17,22
390030121,5,9,14
390030126,7,19,26
390030128,2,8,10
390030129,16,33,49
390030130,0,1,1
390030131,2,1,3
390030132,1,1,2
390030133,5,8,13
390030137,3,7,10
390030139,1,0,1
390030140,1,0,1
390030402,1,1,2
390059701,2,0,2
390059703,3,0,3
390059704,1,0,1
390059705,8,10,18
390059706,1,3,4
390059707,11,6,17
390059708,9,5,14
390059709,1,0,1
390059711,4,0,4
390070001,9,7,16
390070002,2,0,2
390070003,1,1,2
390070004,1,1,2
390070005,3,2,5
390070006,20,21,41
390070007,5,10,15
390070008,5,3,8
390070009,5,2,7
390070010,1,3,4
390070011,4,4,8
390070012,0,1,1
390070013,1,0,1
390070014,2,0,2
390073102,1,0,1
390099727,1,1,2
390099728,1,0,1
390099729,7,5,12
390099730,6,9,15
390099731,4,9,13
390099732,4,5,9
390099733,36,31,67
390099734,1,4,5
390099736,0,3,3
390099737,6,2,8
390099738,4,1,5
390110401,1,1,2
390110402,2,1,3
390110403,5,0,5
390110404,3,1,4
390110406,6,4,10
390110407,2,4,6
390110409,4,3,7
390110410,2,1,3
390110411,1,2,3
390130101,3,2,5
390130102,1,2,3
390130103,1,2,3
390130107,2,0,2
390130109,6,4,10
390130113,2,1,3
390130114,1,2,3
390130115,6,0,6
390130116,0,1,1
390130117,0,2,2
390130119,3,0,3
390130120,3,0,3
390130121,5,5,10
390130122,1,3,4
390130123,13,8,21
390130124,3,7,10
390159512,3,0,3
390159513,1,1,2
390159514,2,0,2
390159515,3,3,6
390159517,2,0,2
390159518,16,1,17
390159519,1,0,1
390170001,5,0,5
390170002,1,0,1
390170006,0,1,1
390170007,1,8,9
390170008,1,4,5
390170009,3,13,16
390170010,12,14,26
390170011,2,1,3
390170012,2,2,4
390170013,6,7,13
390170014,4,4,8
390170101,20,18,38
390170102,3,6,9
390170103,0,1,1
390170107,0,4,4
390170108,2,1,3
390170109,56,35,91
390170110,4,4,8
390170111,79,65,144
390170112,3,4,7
390170113,1,0,1
390170118,2,0,2
390170119,1,0,1
390170120,0,1,1
390170122,0,1,1
390170124,4,2,6
390170125,9,16,25
390170126,14,26,40
390170127,1,1,2
390170129,1,4,5
390170130,1,0,1
390170133,11,13,24
390170135,3,3,6
390170136,1,3,4
390170230,0,1,1
390170231,1,0,1
390197201,1,0,1
390197202,1,1,2
390197203,3,1,4
390197204,3,1,4
390197205,5,2,7
390197206,2,0,2
390197207,1,0,1
390210101,1,0,1
390210102,0,1,1
390210103,1,3,4
390210105,10,2,12
390210106,2,0,2
390210107,4,1,5
390230001,1,7,8
390230002,2,0,2
390230004,7,8,15
390230005,1,0,1
390230007,1,1,2
390230010,0,1,1
390230013,0,1,1
390230014,14,16,30
390230016,1,8,9
390230017,0,2,2
390230018,12,34,46
390230019,9,9,18
390230020,1,8,9
390230021,0,1,1
390230022,1,2,3
390230023,10,7,17
390230024,21,28,49
390230025,4,4,8
390230026,2,3,5
390230027,0,1,1
390230028,2,3,5
390230029,0,1,1
390230030,2,3,5
390230031,3,2,5
390230032,0,2,2
390230033,4,0,4
390250243,16,19,35
390250251,3,1,4
390250320,4,7,11
390250322,1,0,1
390250402,6,4,10
390250403,18,18,36
390250404,15,10,25
390250405,7,2,9
390250406,6,2,8
390250407,5,4,9
390250408,1,2,3
390250409,0,1,1
390250410,6,9,15
390250411,5,2,7
390250412,5,4,9
390250413,13,8,21
390250414,12,4,16
390250415,6,15,21
390250416,2,1,3
390250417,2,0,2
390250418,3,1,4
390250419,2,1,3
390250420,2,1,3
390259512,2,1,3
390279943,1,1,2
390279945,9,9,18
390279946,10,6,16
390279947,14,15,29
390279948,0,2,2
390279949,3,0,3
390279950,1,1,2
390279951,1,0,1
390299501,3,0,3
390299502,3,0,3
390299503,1,2,3
390299504,2,2,4
390299505,11,15,26
390299506,13,8,21
390299507,4,1,5
390299508,1,0,1
390299509,1,1,2
390299511,5,1,6
390299512,1,0,1
390299513,2,1,3
390299514,1,0,1
390299515,3,0,3
390299516,9,5,14
390299517,1,1,2
390299518,0,1,1
390299520,3,2,5
390299521,5,5,10
390299522,1,0,1
390299524,6,8,14
390319909,1,1,2
390319914,8,1,9
390319915,5,0,5
390319917,8,6,14
390319918,1,0,1
390339741,2,0,2
390339742,1,0,1
390339743,3,1,4
390339745,8,0,8
390339747,3,0,3
390339748,4,4,8
390339749,0,2,2
390339750,3,7,10
390339751,1,0,1
390339752,7,7,14
390351011,10,14,24
390351012,1,1,2
390351014,6,1,7
390351015,2,0,2
390351018,2,0,2
390351019,1,0,1
390351022,1,1,2
390351031,2,0,2
390351032,2,1,3
390351033,0,1,1
390351035,2,2,4
390351036,8,30,38
390351037,0,2,2
390351038,1,1,2
390351039,0,1,1
390351041,3,2,5
390351042,2,0,2
390351043,2,0,2
390351044,0,2,2
390351051,3,0,3
390351054,0,1,1
390351055,0,1,1
390351056,45,110,155
390351057,1,1,2
390351059,0,2,2
390351061,4,0,4
390351063,0,1,1
390351064,1,0,1
390351065,0,1,1
390351066,1,2,3
390351068,13,29,42
390351069,2,3,5
390351070,2,0,2
390351071,6,11,17
390351072,3,3,6
390351073,1,6,7
390351076,3,3,6
390351077,1,3,4
390351078,3,7,10
390351079,0,2,2
390351082,1,1,2
390351085,0,2,2
390351086,0,1,1
390351088,1,0,1
390351092,3,14,17
390351093,4,27,31
390351096,2,2,4
390351105,6,11,17
390351107,0,1,1
390351108,4,1,5
390351109,2,0,2
390351112,3,0,3
390351113,0,1,1
390351114,0,1,1
390351115,1,0,1
390351116,1,0,1
390351119,1,0,1
390351121,1,0,1
390351124,1,0,1
390351125,1,1,2
390351128,0,3,3
390351132,25,108,133
390351135,3,0,3
390351138,1,0,1
390351139,6,1,7
390351148,8,1,9
390351152,1,0,1
390351153,0,2,2
390351154,1,0,1
390351158,0,1,1
390351164,1,0,1
390351165,2,1,3
390351166,2,1,3
390351167,0,1,1
390351168,0,1,1
390351171,1,1,2
390351172,0,1,1
390351175,3,0,3
390351176,2,1,3
390351177,3,3,6
390351179,1,0,1
390351181,1,0,1
390351182,0,1,1
390351183,1,0,1
390351185,3,0,3
390351186,4,1,5
390351187,54,255,309
390351188,20,45,65
390351189,14,51,65
390351191,43,162,205
390351192,2,3,5
390351193,26,17,43
390351194,11,28,39
390351195,19,30,49
390351197,2,1,3
390351198,6,8,14
390351207,0,1,1
390351208,1,0,1
390351211,0,1,1
390351214,2,0,2
390351217,1,0,1
390351221,0,1,1
390351231,2,0,2
390351232,5,0,5
390351233,0,1,1
390351234,12,4,16
390351235,7,6,13
390351236,45,52,97
390351237,3,2,5
390351239,0,1,1
390351241,4,0,4
390351242,3,0,3
390351243,0,1,1
390351245,1,0,1
390351261,9,5,14
390351301,16,52,68
390351311,114,253,367
390351321,13,9,22
390351322,3,5,8
390351323,0,1,1
390351331,3,2,5
390351342,8,5,13
390351343,1,2,3
390351351,38,87,125
390351361,30,57,87
390351371,17,10,27
390351381,2,4,6
390351401,1,8,9
390351402,11,11,22
390351403,10,21,31
390351404,8,19,27
390351405,7,22,29
390351406,6,10,16
390351407,15,13,28
390351408,48,65,113
390351409,3,8,11
390351410,2,3,5
390351411,58,75,133
390351412,37,45,82
390351413,30,55,85
390351414,24,36,60
390351415,13,22,35
390351416,21,17,38
390351417,6,10,16
390351501,1,0,1
390351512,1,0,1
390351513,2,3,5
390351514,0,1,1
390351515,14,11,25
390351516,2,5,7
390351517,1,1,2
390351521,23,26,49
390351522,5,3,8
390351523,10,17,27
390351524,1,3,4
390351525,2,0,2
390351526,20,16,36
390351527,9,5,14
390351531,29,52,81
390351541,1,0,1
390351542,0,1,1
390351545,6,9,15
390351546,9,36,45
390351551,23,61,84
390351561,14,22,36
390351601,6,16,22
390351602,2,3,5
390351603,3,0,3
390351604,8,12,20
390351605,5,10,15
390351606,24,41,65
390351607,3,0,3
390351608,0,1,1
390351609,8,5,13
390351610,1,2,3
390351611,4,3,7
390351612,7,3,10
390351613,14,38,52
390351614,3,6,9
390351615,6,8,14
390351616,2,3,5
390351701,13,20,33
390351702,28,43,71
390351711,8,0,8
390351712,3,0,3
390351721,24,42,66
390351722,37,96,133
390351731,33,72,105
390351741,19,16,35
390351742,19,19,38
390351751,28,21,49
390351752,8,11,19
390351761,1,4,5
390351762,2,3,5
390351771,21,28,49
390351772,4,1,5
390351773,7,6,13
390351774,8,10,18
390351775,11,15,26
390351776,43,62,105
390351781,6,12,18
390351782,5,10,15
390351791,51,154,205
390351801,33,59,92
390351811,22,27,49
390351812,54,57,111
390351821,20,30,50
390351831,56,64,120
390351832,32,82,114
390351833,50,128,178
390351834,30,32,62
390351835,56,89,145
390351836,38,62,100
390351841,71,131,202
390351851,17,18,35
390351852,40,68,108
390351861,18,16,34
390351862,26,29,55
390351871,73,110,183
390351881,15,33,48
390351891,160,249,409
390351905,10,6,16
390351920,1,0,1
390351923,0,2,2
390351928,4,14,18
390351929,2,1,3
390351939,1,1,2
390351940,4,1,5
390351941,1,1,2
390351943,20,20,40
390351945,16,43,59
390351947,0,4,4
390351948,1,7,8
390351949,16,40,56
390351951,0,1,1
390351952,15,44,59
390351953,2,9,11
390351954,0,3,3
390351955,11,22,33
390375201,1,0,1
390375301,7,0,7
390375401,1,1,2
390375501,2,3,5
390375550,2,2,4
390375551,19,5,24
390375601,1,1,2
390375701,6,0,6
390399581,3,2,5
390399582,1,0,1
390399583,4,0,4
390399584,2,0,2
390399585,5,3,8
390399586,6,10,16
390399587,2,2,4
390399588,10,5,15
390399589,3,3,6
390410062,4,6,10
390410071,2,0,2
390410072,6,19,25
390410073,3,1,4
390410101,5,3,8
390410102,1,0,1
390410103,2,2,4
390410104,13,12,25
390410105,3,0,3
390410111,0,2,2
390410112,4,4,8
390410114,55,121,176
390410115,18,28,46
390410116,2,4,6
390410117,21,39,60
390430301,1,0,1
390430401,4,1,5
390430402,2,2,4
390430403,4,1,5
390430404,5,16,21
390430405,7,10,17
390430406,4,5,9
390430408,3,3,6
390430409,0,3,3
390430410,2,2,4
390430411,2,19,21
390430412,4,3,7
390430413,2,22,24
390430414,12,14,26
390430415,7,11,18
390430416,17,15,32
390430417,3,4,7
390430418,3,5,8
390450094,11,1,12
390450301,3,2,5
390450302,1,0,1
390450303,4,1,5
390450304,3,1,4
390450305,20,18,38
390450306,17,9,26
390450308,5,2,7
390450309,2,4,6
390450310,4,7,11
390450311,1,0,1
390450312,1,4,5
390450313,13,30,43
390450314,17,13,30
390450315,6,5,11
390450316,2,0,2
390450319,2,5,7
390450320,3,1,4
390450321,1,0,1
390450322,1,4,5
390450325,1,1,2
390450326,0,1,1
390479858,0,2,2
390479859,0,1,1
390479860,7,3,10
390479861,3,1,4
390479862,4,1,5
390479863,2,1,3
390479864,1,1,2
390490001,18,21,39
390490002,19,12,31
390490003,3,1,4
390490004,7,9,16
390490005,8,2,10
390490006,3,3,6
390490007,4,0,4
390490009,3,2,5
390490010,2,0,2
390490011,155,358,513
390490012,0,1,1
390490013,0,1,1
390490014,1,0,1
390490016,0,1,1
390490017,4,5,9
390490018,18,43,61
390490019,20,28,48
390490020,12,16,28
390490021,20,22,42
390490022,0,2,2
390490023,0,1,1
390490025,9,23,32
390490026,1,0,1
390490027,19,8,27
390490028,3,3,6
390490030,11,16,27
390490032,8,3,11
390490034,2,6,8
390490036,1,0,1
390490037,0,3,3
390490038,3,6,9
390490039,13,51,64
390490040,6,42,48
390490041,10,48,58
390490042,10,27,37
390490043,6,37,43
390490044,0,4,4
390490045,1,1,2
390490046,1,3,4
390490047,1,1,2
390490048,1,0,1
390490049,1,2,3
390490050,7,0,7
390490051,0,1,1
390490052,7,13,20
390490053,26,71,97
390490054,1,0,1
390490055,3,0,3
390490056,1,1,2
390490057,5,14,19
390490058,6,13,19
390490061,1,0,1
390490062,74,105,179
390490063,271,422,693
390490064,49,55,104
390490065,13,44,57
390490066,15,35,50
390490067,42,42,84
390490068,13,18,31
390490069,79,105,184
390490070,12,11,23
390490071,62,60,122
390490072,22,33,55
390490073,22,52,74
390490074,42,36,78
390490075,0,1,1
390490077,5,2,7
390490078,113,247,360
390490079,103,128,231
390490080,2,5,7
390490081,35,39,74
390490082,17,38,55
390490083,5,5,10
390490084,6,16,22
390490085,5,6,11
390490087,1,1,2
390490088,4,2,6
390490089,6,5,11
390490090,15,21,36
390490091,15,15,30
390490092,11,5,16
390490093,98,100,198
390490094,12,4,16
390490095,1,1,2
390490096,4,1,5
390490097,33,6,39
390490098,1,2,3
390490114,9,21,30
390490117,0,1,1
390490305,1,3,4
390490306,0,1,1
390497562,2,0,2
390510401,3,0,3
390510402,3,0,3
390510404,4,0,4
390510407,6,5,11
390510408,2,0,2
390510409,7,2,9
390539535,5,0,5
390539536,0,1,1
390539537,1,0,1
390539539,23,31,54
390539540,17,21,38
390539541,4,2,6
390551947,0,1,1
390551955,1,0,1
390553106,11,12,23
390553107,4,2,6
390553108,16,19,35
390553109,2,1,3
390553113,3,2,5
390553114,7,2,9
390553115,10,29,39
390553116,5,15,20
390553117,14,11,25
390553118,13,21,34
390553119,2,12,14
390553121,5,2,7
390553122,15,15,30
390570903,0,1,1
390572001,8,7,15
390572002,11,26,37
390572004,0,2,2
390572005,5,3,8
390572006,5,2,7
390572009,7,6,13
390572101,16,12,28
390572102,13,15,28
390572103,6,4,10
390572104,31,52,83
390572105,16,28,44
390572106,31,40,71
390572201,12,31,43
390572202,15,11,26
390572301,0,4,4
390572401,2,2,4
390572402,8,1,9
390572403,11,5,16
390572405,8,18,26
390572406,1,1,2
390572501,1,3,4
390572550,17,11,28
390572601,3,2,5
390572701,3,2,5
390572801,1,1,2
390599771,0,2,2
390599772,1,3,4
390599773,1,5,6
390599774,16,11,27
390599775,8,9,17
390599776,0,2,2
390599777,1,2,3
390599779,1,0,1
390599780,4,5,9
390610001,1,3,4
390610003,0,1,1
390610004,1,1,2
390610006,1,14,15
390610007,1,9,10
390610008,0,1,1
390610009,0,1,1
390610010,0,1,1
390610011,2,0,2
390610012,3,8,11
390610013,4,5,9
390610015,2,1,3
390610016,1,0,1
390610018,2,2,4
390610019,5,6,11
390610020,8,9,17
390610021,2,0,2
390610022,4,11,15
390610023,32,95,127
390610025,8,11,19
390610026,1,14,15
390610027,4,2,6
390610028,0,2,2
390610029,32,41,73
390610030,5,8,13
390610032,141,347,488
390610033,10,32,42
390610034,20,76,96
390610037,0,3,3
390610038,1,0,1
390610040,1,2,3
390610041,1,4,5
390610042,4,14,18
390610043,4,3,7
390610044,1,1,2
390610045,2,10,12
390610046,30,25,55
390610047,13,32,45
390610048,10,25,35
390610049,35,75,110
390610050,53,62,115
390610051,26,25,51
390610052,18,19,37
390610053,28,30,58
390610054,10,8,18
390610055,1,1,2
390610056,0,1,1
390610057,10,14,24
390610058,5,5,10
390610059,6,5,11
390610060,11,20,31
390610061,3,0,3
390610062,5,3,8
390610063,0,1,1
390610064,2,4,6
390610065,11,21,32
390610066,0,1,1
390610067,0,2,2
390610068,11,18,29
390610069,2,4,6
390610070,17,24,41
390610071,26,49,75
390610072,20,57,77
390610073,0,1,1
390610074,0,1,1
390610075,2,1,3
390610077,1,0,1
390610078,1,1,2
390610079,0,1,1
390610080,3,0,3
390610081,1,4,5
390610082,13,12,25
390610083,15,29,44
390610084,3,2,5
390610085,9,10,19
390610087,0,1,1
390610088,1,0,1
390610091,3,0,3
390610092,0,3,3
390610095,2,0,2
390610098,3,3,6
390610099,3,1,4
390610100,8,8,16
390610101,8,12,20
390610102,11,7,18
390610103,1,0,1
390610105,1,1,2
390610106,1,0,1
390610107,5,5,10
390610108,1,2,3
390610109,15,17,32
390610110,2,1,3
390610111,3,4,7
390610204,9,9,18
390610205,8,7,15
390610206,7,9,16
390610207,38,19,57
390610208,13,13,26
390610209,4,7,11
390610210,22,12,34
390610211,13,10,23
390610212,21,14,35
390610213,26,18,44
390610214,2,6,8
390610215,33,31,64
390610216,6,3,9
390610217,5,2,7
390610218,6,5,11
390610221,23,33,56
390610222,9,6,15
390610223,16,21,37
390610224,3,11,14
390610225,8,5,13
390610226,47,66,113
390610227,1,1,2
390610228,4,4,8
390610230,14,11,25
390610231,18,22,40
390610232,15,10,25
390610233,22,50,72
390610234,0,2,2
390610235,52,76,128
390610236,3,0,3
390610237,5,4,9
390610238,1,3,4
390610239,57,151,208
390610240,75,87,162
390610241,21,21,42
390610242,5,11,16
390610243,49,63,112
390610244,39,127,166
390610245,4,11,15
390610247,4,1,5
390610248,9,21,30
390610249,16,40,56
390610250,36,64,100
390610251,57,59,116
390610252,2,0,2
390610253,2,3,5
390610254,1,12,13
390610255,4,4,8
390610256,0,1,1
390610258,1,2,3
390610259,1,0,1
390610260,9,4,13
390610261,4,2,6
390610320,0,1,1
390610322,2,0,2
390610404,1,0,1
390610412,1,0,1
390610414,3,5,8
390610415,0,1,1
390630001,7,5,12
390630002,3,0,3
390630003,1,2,3
390630004,1,3,4
390630005,3,0,3
390630006,1,2,3
390630007,10,15,25
390630008,1,3,4
390630009,2,1,3
390630010,27,34,61
390630011,2,7,9
390630012,3,2,5
390630013,2,0,2
390639631,1,0,1
390659831,1,1,2
390659832,0,1,1
390659833,1,1,2
390659834,3,1,4
390659836,5,6,11
390659837,2,0,2
390679756,1,0,1
390679757,1,0,1
390679758,1,0,1
390679760,4,1,5
390699801,1,1,2
390699802,2,0,2
390699803,8,2,10
390699804,3,1,4
390699805,1,0,1
390699806,4,1,5
390719544,5,2,7
390719545,2,0,2
390719546,1,2,3
390719547,1,0,1
390719548,0,4,4
390719549,16,4,20
390719550,2,0,2
390719551,2,0,2
390719557,1,0,1
390719864,1,0,1
390739649,1,0,1
390739651,1,3,4
390739652,5,3,8
390739653,8,0,8
390739654,4,2,6
390739655,1,0,1
390759763,3,3,6
390759764,1,0,1
390759765,2,0,2
390759766,1,2,3
390759767,5,4,9
390759768,8,5,13
390770418,1,0,1
390779622,1,2,3
390779954,1,0,1
390779955,3,1,4
390779956,15,23,38
390779957,3,2,5
390779958,1,0,1
390779959,1,0,1
390779960,4,4,8
390779961,2,0,2
390779962,6,0,6
390779963,4,3,7
390779964,2,0,2
390779965,2,0,2
390779966,2,1,3
390799572,2,2,4
390799573,1,0,1
390799574,2,0,2
390799575,11,3,14
390799576,0,1,1
390799577,2,0,2
390799578,4,1,5
390810001,1,2,3
390810002,1,5,6
390810004,0,1,1
390810005,11,12,23
390810006,4,12,16
390810007,8,6,14
390810010,9,11,20
390810112,2,0,2
390810115,2,1,3
390810116,9,7,16
390810118,3,1,4
390810123,2,0,2
390839867,1,0,1
390839868,3,3,6
390839869,7,1,8
390839870,0,1,1
390839871,4,2,6
390839872,5,5,10
390839873,10,8,18
390839874,1,3,4
390839875,5,9,14
390839876,3,2,5
390839877,2,0,2
390852001,2,2,4
390852003,1,0,1
390852005,1,1,2
390852006,1,0,1
390852007,1,0,1
390852008,1,2,3
390852010,16,8,24
390852011,16,22,38
390852012,11,4,15
390852013,11,30,41
390852014,4,6,10
390852015,2,0,2
390852016,1,0,1
390852017,7,3,10
390852019,3,1,4
390852020,2,3,5
390852022,1,1,2
390852023,0,1,1
390852024,2,0,2
390852026,1,0,1
390852027,2,7,9
390852028,2,4,6
390852029,0,3,3
390852030,4,1,5
390852031,5,9,14
390852032,3,3,6
390852033,6,6,12
390852034,5,9,14
390852035,18,30,48
390852036,1,2,3
390852037,2,5,7
390852038,7,12,19
390852039,4,5,9
390852040,0,1,1
390852043,1,1,2
390852044,1,0,1
390852045,9,10,19
390852047,6,5,11
390852048,1,0,1
390852049,2,0,2
390852050,7,7,14
390852051,3,14,17
390852052,1,0,1
390852053,0,1,1
390852055,2,0,2
390852057,5,2,7
390852058,1,1,2
390852059,1,0,1
390852061,3,3,6
390870502,4,3,7
390870503,1,2,3
390870504,1,0,1
390870505,1,0,1
390870508,4,10,14
390870509,1,0,1
390870510,3,2,5
390870511,3,2,5
390870512,1,5,6
390870513,1,0,1
390870514,10,9,19
390879928,0,1,1
390897501,0,8,8
390897507,1,1,2
390897516,3,2,5
390897519,1,2,3
390897525,1,1,2
390897528,2,1,3
390897533,27,28,55
390897536,1,0,1
390897539,20,12,32
390897541,4,6,10
390897547,0,2,2
390897550,2,1,3
390897553,4,0,4
390897556,1,2,3
390897562,1,2,3
390897565,1,2,3
390897568,0,1,1
390897574,2,1,3
390897577,17,17,34
390897580,4,2,6
390897586,1,1,2
390899874,1,0,1
390910101,1,1,2
390919838,1,1,2
390919839,2,0,2
390919840,2,1,3
390919842,1,0,1
390919843,2,0,2
390919844,1,1,2
390919845,17,15,32
390919846,7,7,14
390919847,1,3,4
390919848,4,1,5
390930101,21,26,47
390930102,7,11,18
390930103,11,4,15
390930104,2,5,7
390930131,2,3,5
390930132,17,18,35
390930211,0,2,2
390930212,2,1,3
390930221,2,3,5
390930223,1,5,6
390930224,2,0,2
390930225,1,1,2
390930226,17,41,58
390930227,3,2,5
390930229,2,5,7
390930230,0,2,2
390930231,0,1,1
390930232,1,3,4
390930234,1,0,1
390930235,2,4,6
390930237,1,0,1
390930238,0,1,1
390930240,1,4,5
390930241,4,5,9
390930242,5,4,9
390930281,2,9,11
390930301,2,5,7
390930402,0,2,2
390930403,0,1,1
390930501,2,2,4
390930502,4,9,13
390930503,8,12,20
390930504,9,7,16
390930571,0,2,2
390930601,6,6,12
390930602,19,12,31
390930701,6,11,17
390930702,1,8,9
390930703,2,6,8
390930706,4,4,8
390930707,8,9,17
390930711,8,18,26
390930712,7,7,14
390930713,1,0,1
390930771,3,0,3
390930801,2,4,6
390930805,3,0,3
390930806,2,1,3
390930901,0,1,1
390930902,1,2,3
390930911,2,7,9
390930931,0,1,1
390930951,3,3,6
390930961,3,0,3
390950003,1,2,3
390950004,1,2,3
390950006,0,3,3
390950007,1,0,1
390950010,1,0,1
390950013,40,76,116
390950015,1,0,1
390950016,3,2,5
390950018,1,0,1
390950020,1,0,1
390950021,4,10,14
390950022,17,50,67
390950024,2,7,9
390950025,0,1,1
390950026,1,0,1
390950027,39,11,50
390950028,4,10,14
390950029,0,1,1
390950030,5,11,16
390950036,2,0,2
390950038,24,72,96
390950039,0,1,1
390950043,6,3,9
390950044,1,5,6
390950045,16,19,35
390950047,3,0,3
390950048,1,0,1
390950050,3,0,3
390950053,2,0,2
390950055,1,2,3
390950056,1,0,1
390950057,4,2,6
390950058,6,2,8
390950059,2,0,2
390950060,1,1,2
390950061,1,4,5
390950062,1,0,1
390950063,2,3,5
390950064,2,1,3
390950065,2,13,15
390950066,0,1,1
390950068,16,50,66
390950069,5,4,9
390950070,4,3,7
390950071,43,45,88
390950072,47,78,125
390950073,14,22,36
390950074,11,14,25
390950075,7,4,11
390950076,30,65,95
390950077,46,52,98
390950078,25,76,101
390950079,1,1,2
390950080,14,14,28
390950081,5,14,19
390950082,65,113,178
390950083,33,69,102
390950084,4,19,23
390950085,2,5,7
390950086,5,9,14
390950087,4,1,5
390950088,8,13,21
390950089,7,14,21
390950090,19,18,37
390950091,28,42,70
390950092,70,106,176
390950093,1,1,2
390950095,2,0,2
390950098,0,1,1
390950099,7,4,11
390950100,18,9,27
390950101,17,20,37
390970401,2,4,6
390970402,6,3,9
390970404,1,1,2
390970405,3,1,4
390970406,14,6,20
390970411,1,1,2
390970412,1,0,1
390998001,4,1,5
390998003,1,0,1
390998004,1,0,1
390998005,2,4,6
390998007,0,1,1
390998012,1,0,1
390998013,2,1,3
390998014,1,0,1
390998015,2,1,3
390998016,2,0,2
390998019,6,9,15
390998021,1,0,1
390998024,0,2,2
390998025,1,0,1
390998026,1,0,1
390998027,9,4,13
390998028,2,0,2
390998029,0,1,1
390998030,3,1,4
390998034,0,2,2
390998035,21,26,47
390998037,21,35,56
390998040,5,9,14
390998041,9,12,21
390998042,11,7,18
390998101,1,4,5
390998102,0,1,1
390998106,3,0,3
390998107,4,1,5
390998108,0,1,1
390998110,25,30,55
390998112,10,15,25
390998113,3,2,5
390998114,7,8,15
390998115,24,21,45
390998116,3,8,11
390998117,9,12,21
390998118,6,4,10
390998119,27,39,66
390998120,28,50,78
390998121,33,44,77
390998122,20,24,44
390998123,5,1,6
390998125,15,7,22
390998126,21,22,43
390998127,0,1,1
390998128,2,2,4
390998129,1,3,4
390998132,1,2,3
390998133,0,1,1
390998134,4,2,6
390998135,8,7,15
390998136,7,3,10
391010005,2,4,6
391010006,36,51,87
391010010,1,9,10
391010101,1,0,1
391010102,1,1,2
391010104,9,9,18
391010105,3,6,9
391010501,1,0,1
391034001,5,12,17
391034020,2,0,2
391034030,2,0,2
391034040,1,8,9
391034050,3,10,13
391034060,7,8,15
391034070,0,2,2
391034080,14,15,29
391034081,3,6,9
391034082,1,1,2
391034083,23,29,52
391034090,1,0,1
391034100,0,1,1
391034110,2,1,3
391034120,0,2,2
391034130,5,2,7
391034151,1,2,3
391034153,1,4,5
391034154,3,2,5
391034160,4,2,6
391034161,0,1,1
391034162,0,1,1
391034163,1,1,2
391034164,1,2,3
391034170,19,7,26
391034171,5,3,8
391034172,6,2,8
391034173,3,2,5
391059644,3,0,3
391059645,4,2,6
391059646,1,0,1
391079672,3,2,5
391079673,0,1,1
391079674,1,0,1
391079675,6,4,10
391079676,8,9,17
391079677,6,4,10
391079678,1,0,1
391079679,3,0,3
391079680,2,0,2
391091101,0,1,1
391093001,7,3,10
391093150,5,9,14
391093151,3,5,8
391093250,3,0,3
391093301,1,1,2
391093401,2,0,2
391093450,1,0,1
391093501,1,8,9
391093550,9,8,17
391093650,17,21,38
391093651,2,4,6
391093652,0,2,2
391093653,17,26,43
391095401,1,0,1
391119666,1,0,1
391119667,3,1,4
391119668,4,0,4
391130001,3,0,3
391130003,0,1,1
391130004,2,0,2
391130005,37,22,59
391130006,1,1,2
391130007,0,1,1
391130008,7,2,9
391130009,7,30,37
391130012,2,2,4
391130013,9,18,27
391130014,1,2,3
391130015,5,30,35
391130016,0,14,14
391130018,12,26,38
391130019,3,1,4
391130021,9,28,37
391130024,1,0,1
391130025,0,2,2
391130026,5,1,6
391130027,3,2,5
391130028,0,1,1
391130029,5,0,5
391130030,5,3,8
391130031,2,1,3
391130032,10,3,13
391130033,0,3,3
391130034,44,89,133
391130035,10,7,17
391130036,1,0,1
391130038,1,0,1
391130040,1,0,1
391130042,4,0,4
391130043,1,0,1
391130045,2,12,14
391130101,7,22,29
391130102,37,52,89
391130201,5,15,20
391130202,13,40,53
391130203,12,34,46
391130204,25,47,72
391130205,1,1,2
391130206,18,28,46
391130207,24,19,43
391130208,12,19,31
391130209,0,2,2
391130211,1,0,1
391130212,2,6,8
391130213,3,0,3
391130214,3,1,4
391130215,20,20,40
391130216,4,7,11
391130217,3,1,4
391130218,7,1,8
391130219,2,1,3
391130301,5,15,20
391130401,37,77,114
391130402,34,49,83
391130403,45,70,115
391130404,63,118,181
391130501,45,32,77
391130503,12,5,17
391130504,3,0,3
391130505,20,12,32
391130506,0,2,2
391130601,2,1,3
391130602,1,0,1
391130603,1,1,2
391130701,10,2,12
391130702,1,0,1
391130703,1,0,1
391130704,2,2,4
391130705,3,0,3
391130707,2,1,3
391130801,21,10,31
391130802,15,6,21
391130803,5,5,10
391130804,4,1,5
391130805,2,4,6
391130903,6,7,13
391130904,2,2,4
391130906,3,0,3
391130907,0,1,1
391130909,1,3,4
391130910,3,2,5
391131001,12,10,22
391131002,7,4,11
391131003,7,2,9
391131004,4,1,5
391131101,1,0,1
391131102,15,11,26
391131150,20,18,38
391131201,35,34,69
391131250,3,1,4
391131251,16,6,22
391131301,4,1,5
391131401,3,0,3
391131501,7,0,7
391131650,2,2,4
391132001,3,2,5
391132101,4,1,5
391132104,1,0,1
391132106,1,2,3
391132201,1,4,5
391132202,0,3,3
391159688,0,1,1
391159689,3,0,3
391179851,1,1,2
391179852,4,3,7
391179853,1,2,3
391179855,0,1,1
391199810,1,0,1
391199811,2,2,4
391199812,2,7,9
391199815,16,32,48
391199816,12,28,40
391199817,6,9,15
391199818,21,20,41
391199819,1,2,3
391199823,2,0,2
391199824,1,0,1
391199825,1,1,2
391199826,1,2,3
391199827,1,0,1
391199828,3,3,6
391219684,5,1,6
391230501,0,1,1
391230502,4,6,10
391230503,1,2,3
391230505,7,4,11
391230506,3,2,5
391230507,3,1,4
391230508,2,0,2
391230509,2,6,8
391230510,6,1,7
391230511,0,1,1
391239610,1,0,1
391250320,3,0,3
391259602,3,0,3
391259603,1,0,1
391259604,5,0,5
391279658,2,0,2
391279659,4,0,4
391279660,3,0,3
391279662,2,1,3
391279813,0,1,1
391290201,4,1,5
391290202,3,1,4
391290203,11,3,14
391290204,0,2,2
391290211,4,2,6
391290212,3,1,4
391290214,4,2,6
391290215,0,1,1
391290217,0,1,1
391319522,1,2,3
391319523,2,2,4
391319524,6,7,13
391319525,6,4,10
391319527,1,0,1
391335309,0,1,1
391336001,2,1,3
391336002,3,4,7
391336003,14,17,31
391336004,9,6,15
391336006,1,0,1
391336007,0,3,3
391336008,4,9,13
391336009,17,12,29
391336010,4,1,5
391336011,1,2,3
391336012,3,8,11
391336013,3,2,5
391336014,3,1,4
391336015,7,15,22
391336016,3,6,9
391336017,14,3,17
391336018,20,9,29
391336019,1,1,2
391336020,1,1,2
391336021,1,0,1
391354001,1,0,1
391354201,1,0,1
391354301,2,1,3
391354401,2,1,3
391354501,1,1,2
391354550,6,1,7
391354601,1,1,2
391354701,2,3,5
391370301,2,0,2
391370303,2,0,2
391370304,5,0,5
391370305,1,1,2
391370306,2,0,2
391370307,2,0,2
391390001,2,0,2
391390002,1,4,5
391390004,1,1,2
391390005,14,41,55
391390006,1,5,6
391390009,2,2,4
391390011,6,8,14
391390012,27,27,54
391390013,1,3,4
391390014,1,2,3
391390020,0,1,1
391390021,16,17,33
391390022,4,3,7
391390023,5,2,7
391390024,6,7,13
391390025,9,4,13
391390026,4,3,7
391390027,1,2,3
391390028,2,1,3
391390029,1,1,2
391390030,3,1,4
391419555,7,8,15
391419556,6,9,15
391419558,0,3,3
391419559,14,8,22
391419560,15,11,26
391419561,8,2,10
391419562,5,0,5
391419563,19,21,40
391419566,5,2,7
391419567,2,0,2
391419568,0,1,1
391419569,0,1,1
391439608,1,0,1
391439609,1,3,4
391439610,2,1,3
391439611,0,1,1
391439612,1,2,3
391439613,15,14,29
391439614,4,7,11
391439616,1,0,1
391439619,0,1,1
391439620,2,0,2
391439621,0,4,4
391439622,6,5,11
391439960,4,0,4
391459921,2,0,2
391459922,1,1,2
391459923,0,1,1
391459924,2,3,5
391459926,1,0,1
391459927,2,0,2
391459928,1,1,2
391459929,8,6,14
391459930,1,0,1
391459931,0,2,2
391459933,20,38,58
391459934,0,4,4
391459936,5,2,7
391459937,3,4,7
391459938,14,22,36
391459939,1,1,2
391459940,2,0,2
391479626,2,0,2
391479628,2,0,2
391479629,1,1,2
391479630,1,1,2
391479632,6,8,14
391479633,3,2,5
391479635,2,12,14
391479636,1,0,1
391479637,9,5,14
391479638,0,1,1
391499714,1,0,1
391499715,2,0,2
391499717,1,1,2
391499718,16,11,27
391499719,7,2,9
391499720,2,2,4
391499721,2,6,8
391499722,0,1,1
391499723,2,1,3
391515314,2,0,2
391517001,0,3,3
391517004,3,1,4
391517005,1,1,2
391517006,5,6,11
391517007,6,5,11
391517008,2,3,5
391517010,4,2,6
391517011,4,1,5
391517012,1,0,1
391517013,21,76,97
391517015,0,3,3
391517017,0,1,1
391517025,0,1,1
391517103,5,3,8
391517105,10,6,16
391517106,6,4,10
391517107,9,7,16
391517108,2,8,10
391517109,2,2,4
391517110,7,6,13
391517111,13,19,32
391517112,8,2,10
391517113,89,118,207
391517114,42,51,93
391517115,14,31,45
391517116,26,50,76
391517117,4,2,6
391517118,31,20,51
391517119,6,7,13
391517120,6,25,31
391517121,25,25,50
391517122,19,14,33
391517123,4,0,4
391517124,3,3,6
391517126,6,0,6
391517127,1,0,1
391517128,2,3,5
391517129,4,1,5
391517130,2,2,4
391517131,1,2,3
391517132,2,3,5
391517133,1,1,2
391517134,9,7,16
391517135,17,27,44
391517136,4,12,16
391517137,0,1,1
391517138,2,2,4
391517140,1,0,1
391517143,6,14,20
391517144,6,0,6
391517146,2,0,2
391517147,0,3,3
391517148,2,1,3
391517149,5,2,7
391517204,1,0,1
391531351,0,1,1
391535011,6,19,25
391535012,37,88,125
391535013,38,55,93
391535014,6,3,9
391535015,43,79,122
391535019,1,3,4
391535021,2,7,9
391535022,2,1,3
391535023,1,0,1
391535025,4,0,4
391535027,2,2,4
391535028,2,0,2
391535031,2,0,2
391535035,0,1,1
391535036,1,1,2
391535037,7,6,13
391535043,4,5,9
391535045,4,0,4
391535046,1,0,1
391535047,2,0,2
391535048,7,3,10
391535051,2,1,3
391535057,1,0,1
391535058,0,2,2
391535061,31,23,54
391535062,2,1,3
391535063,2,0,2
391535064,3,2,5
391535065,1,0,1
391535066,0,7,7
391535068,0,22,22
391535069,0,6,6
391535071,24,43,67
391535072,32,62,94
391535073,3,9,12
391535075,0,1,1
391535076,1,7,8
391535080,14,18,32
391535101,11,3,14
391535103,40,29,69
391535104,1,0,1
391535105,1,0,1
391535201,18,23,41
391535202,18,23,41
391535203,29,19,48
391535204,8,10,18
391535205,10,5,15
391535206,1,1,2
391535301,24,25,49
391535304,11,10,21
391535305,12,10,22
391535306,20,27,47
391535307,9,12,21
391535308,6,9,15
391535309,18,9,27
391535310,6,2,8
391535311,4,7,11
391535314,25,18,43
391535315,4,4,8
391535316,9,10,19
391535317,6,5,11
391535318,4,8,12
391535320,7,5,12
391535322,42,48,90
391535323,42,132,174
391535325,9,13,22
391535326,2,7,9
391535327,22,29,51
391535329,14,14,28
391535330,1,2,3
391535331,9,24,33
391535332,7,13,20
391535333,25,37,62
391535334,7,7,14
391535335,27,50,77
391536003,3,7,10
391537121,0,1,1
391558042,0,1,1
391559201,1,4,5
391559202,3,0,3
391559203,4,6,10
391559204,12,15,27
391559206,0,1,1
391559207,0,2,2
391559209,2,0,2
391559210,6,3,9
391559211,2,0,2
391559213,4,4,8
391559214,12,15,27
391559215,15,22,37
391559216,0,2,2
391559301,5,4,9
391559302,1,0,1
391559303,1,0,1
391559304,1,0,1
391559306,1,0,1
391559307,3,0,3
391559308,3,1,4
391559309,11,10,21
391559310,6,5,11
391559311,0,2,2
391559312,4,4,8
391559313,5,4,9
391559314,1,1,2
391559315,1,0,1
391559316,2,2,4
391559317,1,0,1
391559319,51,60,111
391559320,22,20,42
391559322,4,1,5
391559323,2,5,7
391559324,1,0,1
391559325,1,1,2
391559326,3,0,3
391559327,6,2,8
391559328,0,1,1
391559329,5,10,15
391559330,29,51,80
391559333,2,0,2
391559334,3,1,4
391559335,1,0,1
391559336,3,0,3
391559337,0,1,1
391570201,1,0,1
391570202,2,0,2
391570203,2,3,5
391570204,0,1,1
391570205,1,2,3
391570206,4,8,12
391570207,5,3,8
391570208,1,2,3
391570209,3,7,10
391570210,1,0,1
391570211,16,20,36
391570213,2,0,2
391570214,0,1,1
391570215,2,3,5
391570216,6,1,7
391570217,3,1,4
391570218,1,1,2
391570220,5,0,5
391579768,0,1,1
391579772,0,1,1
391590063,1,0,1
391590501,1,0,1
391590502,2,0,2
391590503,3,1,4
391590504,5,0,5
391590505,15,8,23
391590506,4,1,5
391590507,0,3,3
391610201,2,0,2
391610202,2,0,2
391610205,2,0,2
391610208,7,6,13
391610209,4,1,5
391610243,2,0,2
391619672,1,0,1
391639574,0,1,1
391650111,1,1,2
391650301,2,0,2
391650303,1,1,2
391650304,3,2,5
391650305,34,22,56
391650306,3,0,3
391650307,2,1,3
391650308,0,5,5
391650309,11,23,34
391650310,5,4,9
391650311,0,1,1
391650312,5,5,10
391650313,6,0,6
391650314,1,0,1
391650315,2,2,4
391650316,4,1,5
391650319,35,22,57
391650320,41,21,62
391650321,0,1,1
391650322,4,5,9
391650323,3,1,4
391650324,1,1,2
391650501,1,2,3
391652301,1,0,1
391670201,3,2,5
391670202,2,1,3
391670204,1,2,3
391670205,0,1,1
391670206,1,3,4
391670208,22,25,47
391670209,4,15,19
391670210,2,3,5
391670211,5,3,8
391670213,2,0,2
391670214,2,10,12
391670216,0,1,1
391670217,2,0,2
391679669,1,0,1
391690001,1,0,1
391690002,32,22,54
391690003,11,9,20
391690004,2,0,2
391690005,0,1,1
391690006,3,1,4
391690007,7,6,13
391690008,12,14,26
391690009,2,1,3
391690010,1,0,1
391690011,6,1,7
391690012,1,0,1
391690013,1,2,3
391690017,4,0,4
391690018,1,0,1
391690020,0,2,2
391690021,1,0,1
391690022,0,1,1
391690023,0,2,2
391690024,1,0,1
391690029,2,3,5
391690032,0,2,2
391690033,0,1,1
391690034,4,0,4
391690035,2,0,2
391719501,0,1,1
391719502,1,0,1
391719503,3,0,3
391719504,0,1,1
391719507,16,15,31
391719508,4,3,7
391719509,2,0,2
391730201,1,0,1
391730202,4,6,10
391730203,12,12,24
391730204,19,20,39
391730205,2,6,8
391730206,27,47,74
391730207,1,2,3
391730208,2,6,8
391730209,1,1,2
391730210,1,0,1
391730211,3,1,4
391730212,2,2,4
391730213,2,2,4
391730214,0,1,1
391730216,20,16,36
391730217,4,1,5
391730219,10,4,14
391730220,0,1,1
391730222,2,0,2
391730223,1,1,2
391730224,3,0,3
391759880,5,0,5
391759881,2,0,2
391759882,1,0,1
391759883,10,1,11
391759884,1,0,1
400019767,2,3,5
400019769,6,2,8
400039557,1,0,1
400059877,4,0,4
400059878,1,0,1
400059879,1,0,1
400079518,3,0,3
400099661,8,12,20
400099662,6,3,9
400099664,3,1,4
400119586,4,1,5
400119589,3,1,4
400139957,0,1,1
400139960,3,1,4
400139961,16,11,27
400139962,0,1,1
400139963,7,5,12
400139966,0,1,1
400151083,0,1,1
400159616,2,0,2
400159617,1,0,1
400159618,3,1,4
400159619,0,1,1
400159621,6,4,10
400173002,2,1,3
400173005,0,1,1
400173006,4,1,5
400173007,6,2,8
400173008,0,2,2
400173009,4,1,5
400173010,9,1,10
400173011,3,1,4
400173012,8,2,10
400173013,2,1,3
400173014,11,8,19
400199923,4,0,4
400199924,1,0,1
400199925,1,4,5
400199926,10,17,27
400199929,8,11,19
400199930,9,13,22
400199931,3,3,6
400219777,1,0,1
400219778,0,2,2
400219779,9,2,11
400219780,17,11,28
400219781,18,11,29
400219783,2,0,2
400239971,8,2,10
400239973,1,0,1
400259502,1,0,1
400271072,0,1,1
400272001,5,21,26
400272002,14,32,46
400272003,6,5,11
400272004,0,1,1
400272005,2,2,4
400272006,10,7,17
400272008,5,12,17
400272009,9,10,19
400272010,7,7,14
400272011,8,22,30
400272012,2,4,6
400272013,1,3,4
400272014,2,10,12
400272015,33,60,93
400272016,9,14,23
400272018,12,14,26
400272019,12,9,21
400272020,10,12,22
400272021,9,5,14
400272022,5,4,9
400272023,2,3,5
400272024,5,5,10
400299881,3,0,3
400310001,2,2,4
400310003,2,1,3
400310004,10,26,36
400310005,28,40,68
400310006,14,18,32
400310007,0,2,2
400310009,2,0,2
400310010,1,1,2
400310011,1,4,5
400310012,4,7,11
400310014,2,4,6
400310015,2,2,4
400310018,7,9,16
400310019,3,1,4
400310020,16,20,36
400310021,1,1,2
400310023,1,2,3
400310024,4,6,10
400339711,2,1,3
400359733,7,9,16
400359734,0,1,1
400359758,1,0,1
400370065,0,1,1
400370077,1,0,1
400370201,7,6,13
400370206,7,2,9
400370207,4,1,5
400370208,4,2,6
400370209,4,1,5
400370210,3,0,3
400370212,0,3,3
400370213,7,1,8
400370214,4,2,6
400370215,0,1,1
400370216,3,1,4
400399505,0,2,2
400399601,2,0,2
400399604,8,2,10
400399605,10,5,15
400399606,3,0,3
400399607,5,0,5
400419748,1,0,1
400419756,4,1,5
400419757,10,6,16
400419758,0,3,3
400419759,1,0,1
400419760,2,0,2
400419761,1,0,1
400439591,3,1,4
400459527,5,2,7
400470001,1,14,15
400470003,20,20,40
400470004,1,2,3
400470005,8,7,15
400470006,12,17,29
400470007,18,23,41
400470008,1,0,1
400470010,3,4,7
400470012,2,0,2
400499912,1,0,1
400499913,6,3,9
400499914,6,1,7
400499915,3,1,4
400499918,1,1,2
400510002,0,1,1
400510003,8,5,13
400510004,11,7,18
400510005,4,7,11
400510006,3,2,5
400510007,1,0,1
400510009,3,1,4
400514001,1,1,2
400539562,2,0,2
400539564,1,0,1
400559671,2,0,2
400559672,5,0,5
400579676,3,0,3
400599521,2,0,2
400619792,5,2,7
400639846,0,1,1
400639848,2,0,2
400639849,6,2,8
400659682,2,0,2
400659684,8,6,14
400659685,6,8,14
400659686,0,1,1
400659687,1,5,6
400659688,7,2,9
400679716,1,0,1
400679718,2,0,2
400699902,3,1,4
400699903,3,0,3
400710001,2,1,3
400710002,18,15,33
400710003,8,11,19
400710004,5,3,8
400710005,0,1,1
400710006,1,1,2
400710008,0,1,1
400710010,5,2,7
400710011,1,0,1
400739581,1,2,3
400739583,5,0,5
400739584,2,0,2
400759637,5,2,7
400770407,5,4,9
400779872,5,2,7
400790402,2,0,2
400790403,1,1,2
400790404,18,9,27
400790405,0,1,1
400790406,1,0,1
400790407,0,1,1
400819811,3,0,3
400819812,0,1,1
400819814,1,0,1
400819815,3,0,3
400819816,1,0,1
400819817,3,1,4
400831081,2,3,5
400831082,2,4,6
400836001,1,3,4
400836002,1,0,1
400836004,5,3,8
400836005,2,1,3
400836006,1,0,1
400836008,4,6,10
400859941,3,0,3
400874001,10,0,10
400874002,4,5,9
400874003,6,5,11
400899983,0,1,1
400899984,2,0,2
400899986,3,0,3
400899988,10,6,16
400919797,5,3,8
400919802,3,5,8
400939553,5,0,5
400959947,5,0,5
400959948,3,1,4
400970401,10,4,14
400970402,2,2,4
400970404,2,2,4
400970405,1,0,1
400970406,1,1,2
400970407,2,1,3
400970408,1,0,1
400970505,0,1,1
400979733,0,1,1
400979735,3,1,4
400979761,1,0,1
400999907,4,0,4
400999908,11,3,14
401010001,33,53,86
401010002,1,0,1
401010003,5,0,5
401010005,2,9,11
401010007,1,2,3
401010008,12,12,24
401010009,0,1,1
401010010,4,1,5
401010012,2,10,12
401010013,0,2,2
401010014,4,1,5
401010016,1,0,1
401039569,1,1,2
401039570,6,0,6
401059721,1,1,2
401059722,1,0,1
401059724,3,0,3
401079809,3,1,4
401091001,18,26,44
401091002,7,9,16
401091003,14,41,55
401091005,1,13,14
401091006,4,9,13
401091007,0,2,2
401091008,0,6,6
401091009,4,4,8
401091010,2,6,8
401091011,1,1,2
401091013,2,0,2
401091015,18,41,59
401091016,9,10,19
401091017,9,22,31
401091018,7,3,10
401091019,2,3,5
401091020,1,5,6
401091021,3,6,9
401091022,0,1,1
401091024,1,0,1
401091025,13,54,67
401091026,0,2,2
401091027,42,120,162
401091028,0,1,1
401091029,0,1,1
401091030,2,2,4
401091031,1,2,3
401091032,33,24,57
401091036,1,4,5
401091037,4,44,48
401091039,1,2,3
401091041,1,0,1
401091047,2,0,2
401091050,0,1,1
401091051,33,37,70
401091052,1,1,2
401091057,2,0,2
401091059,4,6,10
401091060,2,5,7
401091061,5,1,6
401091062,2,2,4
401091063,5,13,18
401091064,28,74,102
401091065,24,39,63
401091066,101,247,348
401091067,17,23,40
401091068,11,2,13
401091069,28,23,51
401091071,1,0,1
401091072,63,85,148
401091073,2,4,6
401091074,7,1,8
401091075,4,10,14
401091077,24,6,30
401091078,3,5,8
401091080,23,28,51
401091081,50,153,203
401091082,51,132,183
401091083,88,141,229
401091084,7,12,19
401091085,150,250,400
401091086,1,0,1
401091087,4,12,16
401091088,5,1,6
401091089,1,2,3
401091090,3,1,4
401092016,2,0,2
401092019,2,1,3
401093010,0,1,1
401096008,1,1,2
401110001,0,1,1
401110002,1,0,1
401110003,4,2,6
401110004,8,10,18
401110006,1,0,1
401110009,6,1,7
401130006,4,1,5
401130007,1,1,2
401130027,0,8,8
401130091,1,0,1
401130101,3,2,5
401130102,6,0,6
401130104,1,0,1
401130105,2,2,4
401130106,8,1,9
401130108,0,1,1
401159741,2,0,2
401159745,14,7,21
401159746,2,3,5
401159747,2,2,4
401159748,0,1,1
401159749,0,1,1
401159758,0,1,1
401170207,1,0,1
401179571,3,2,5
401179575,5,1,6
401190101,1,3,4
401190102,3,3,6
401190103,3,3,6
401190104,2,2,4
401190105,2,3,5
401190106,0,1,1
401190107,1,3,4
401190108,23,23,46
401190109,6,8,14
401190110,1,5,6
401190111,1,2,3
401190113,13,3,16
401190114,2,0,2
401196006,0,1,1
401219861,10,9,19
401219864,10,10,20
401219865,5,11,16
401219866,3,5,8
401219867,1,1,2
401219876,2,0,2
401239886,1,0,1
401239887,0,1,1
401239888,18,13,31
401239889,14,7,21
401239890,1,3,4
401239892,12,7,19
401239893,3,7,10
401255001,3,1,4
401255002,6,4,10
401255003,2,1,3
401255004,1,2,3
401255005,0,2,2
401255006,5,7,12
401255007,18,11,29
401255008,6,7,13
401255009,3,3,6
401255010,5,1,6
401255011,2,1,3
401279976,1,1,2
401279977,5,1,6
401279978,0,1,1
401299597,3,1,4
401310501,28,17,45
401310502,21,8,29
401310503,0,1,1
401310504,7,2,9
401310505,1,0,1
401310506,2,0,2
401310507,0,1,1
401310508,4,0,4
401339809,0,1,1
401339831,1,0,1
401339833,1,1,2
401339834,4,0,4
401339835,3,2,5
401339836,2,0,2
401339838,2,0,2
401350301,4,0,4
401350302,3,1,4
401350303,9,3,12
401350304,0,4,4
401370001,15,9,24
401370002,1,4,5
401370003,3,5,8
401370008,1,0,1
401370009,5,0,5
401370011,2,1,3
401379918,0,1,1
401399506,0,1,1
401399508,9,1,10
401399509,5,3,8
401399510,1,1,2
401419703,5,1,6
401430001,1,0,1
401430003,0,2,2
401430005,1,0,1
401430007,3,1,4
401430009,1,0,1
401430016,3,2,5
401430017,4,1,5
401430018,3,0,3
401430020,0,15,15
401430025,27,59,86
401430026,1,0,1
401430027,0,1,1
401430029,2,1,3
401430031,7,11,18
401430032,4,1,5
401430033,72,120,192
401430034,39,74,113
401430035,1,2,3
401430036,6,2,8
401430037,5,2,7
401430038,1,1,2
401430039,11,13,24
401430040,5,12,17
401430041,22,52,74
401430042,10,13,23
401430043,23,48,71
401430044,4,7,11
401430045,10,16,26
401430046,10,10,20
401430048,1,1,2
401430049,2,1,3
401430050,3,17,20
401430051,10,14,24
401430052,8,13,21
401430053,14,12,26
401430054,4,0,4
401430055,1,1,2
401430058,23,5,28
401430061,0,1,1
401430062,2,0,2
401430065,3,4,7
401430067,25,24,49
401430068,7,0,7
401430069,48,33,81
401430070,9,6,15
401430071,2,1,3
401430073,15,5,20
401430074,28,13,41
401430075,60,42,102
401430076,299,493,792
401430077,5,2,7
401430078,3,2,5
401430080,1,0,1
401430083,5,1,6
401430084,10,6,16
401430085,14,6,20
401430086,6,3,9
401430087,11,6,17
401430089,1,1,2
401430090,4,8,12
401430091,3,0,3
401430092,1,1,2
401430093,4,4,8
401430094,4,1,5
401430102,1,0,1
401430504,0,1,1
401450016,0,2,2
401450301,7,5,12
401450302,0,1,1
401450304,0,1,1
401450305,8,4,12
401450306,4,3,7
401470003,2,6,8
401470004,22,18,40
401470005,1,2,3
401470006,8,6,14
401470007,8,14,22
401470008,1,3,4
401470010,0,1,1
401470011,1,0,1
401470012,0,3,3
401470013,2,0,2
401470107,0,2,2
401499649,1,1,2
401499651,2,1,3
401519543,4,1,5
401519544,0,1,1
401539531,1,0,1
401539532,2,2,4
401539533,0,1,1
401539534,12,3,15
401539535,4,3,7
410019501,1,0,1
410019502,6,5,11
410019504,1,2,3
410019505,7,3,10
410019506,0,1,1
410030001,1,0,1
410030002,2,4,6
410030003,2,7,9
410030004,19,20,39
410030005,39,55,94
410030006,0,3,3
410030007,5,6,11
410030008,7,3,10
410030009,7,16,23
410030010,4,8,12
410030011,3,2,5
410030101,7,6,13
410030102,7,5,12
410030103,1,1,2
410030105,1,1,2
410050003,1,0,1
410050006,1,1,2
410050063,0,2,2
410050064,1,5,6
410050102,0,1,1
410050201,8,20,28
410050202,15,28,43
410050203,51,71,122
410050204,27,56,83
410050205,33,61,94
410050206,7,11,18
410050207,2,4,6
410050208,19,9,28
410050209,4,8,12
410050210,0,1,1
410050211,3,2,5
410050212,4,7,11
410050213,8,2,10
410050214,1,5,6
410050215,4,1,5
410050216,0,2,2
410050217,4,2,6
410050218,4,2,6
410050219,1,2,3
410050220,2,3,5
410050221,49,77,126
410050222,26,33,59
410050223,5,4,9
410050224,18,20,38
410050225,8,2,10
410050226,11,11,22
410050227,17,46,63
410050228,6,17,23
410050229,11,7,18
410050230,1,4,5
410050231,1,2,3
410050232,10,10,20
410050233,4,2,6
410050234,12,3,15
410050236,0,2,2
410050237,2,1,3
410050238,2,1,3
410050239,1,0,1
410050240,2,2,4
410050242,5,2,7
410050243,5,6,11
410050320,13,19,32
410050321,1,2,3
410079501,4,5,9
410079502,5,2,7
410079503,11,8,19
410079504,0,1,1
410079505,2,3,5
410079507,1,0,1
410079509,10,8,18
410079510,0,1,1
410079511,5,3,8
410079513,0,2,2
410099702,1,1,2
410099703,1,0,1
410099705,4,1,5
410099706,1,1,2
410099707,1,1,2
410099708,1,1,2
410099710,0,1,1
410110001,4,3,7
410110002,1,1,2
410110003,2,3,5
410110004,4,12,16
410110005,2,3,5
410110006,32,32,64
410110007,6,8,14
410110008,4,4,8
410110009,5,3,8
410110010,7,3,10
410110011,5,1,6
410139501,12,2,14
410139503,1,0,1
410159501,0,3,3
410159502,7,4,11
410159503,10,11,21
410159504,1,1,2
410179902,1,5,6
410179903,4,0,4
410179904,4,13,17
410179905,2,8,10
410179906,0,2,2
410179907,7,11,18
410179908,1,0,1
410179909,15,6,21
410179910,0,2,2
410179911,3,5,8
410179912,5,15,20
410179913,11,21,32
410179914,2,9,11
410179915,2,0,2
410179916,11,15,26
410179917,39,73,112
410179918,2,12,14
410179919,2,2,4
410179920,4,3,7
410190100,3,2,5
410190200,5,1,6
410190300,0,4,4
410190400,0,1,1
410190500,4,2,6
410190600,5,4,9
410190700,4,8,12
410190800,24,58,82
410190900,8,9,17
410191000,2,0,2
410191100,2,1,3
410191200,1,4,5
410191300,2,0,2
410191400,19,24,43
410191500,0,1,1
410191700,0,1,1
410191800,3,0,3
410192000,2,0,2
410192100,8,4,12
410219601,2,0,2
410239601,0,1,1
410239602,4,1,5
410259801,5,3,8
410279501,1,1,2
410279502,13,14,27
410279503,16,9,25
410279504,3,1,4
410290002,5,9,14
410290004,22,30,52
410290005,10,42,52
410290006,62,112,174
410290008,2,0,2
410290009,2,6,8
410290010,10,1,11
410290012,0,1,1
410290013,9,18,27
410290014,2,1,3
410290015,2,4,6
410290016,3,5,8
410290017,1,5,6
410290018,8,11,19
410290019,8,1,9
410290020,8,3,11
410290021,15,26,41
410290022,13,16,29
410290023,4,8,12
410290024,3,3,6
410290025,2,5,7
410290027,2,0,2
410290028,6,3,9
410290029,3,1,4
410290030,7,9,16
410319602,7,3,10
410319603,1,3,4
410319604,2,0,2
410330030,1,0,1
410333601,1,0,1
410333603,3,0,3
410333604,8,7,15
410333605,17,12,29
410333606,25,26,51
410333607,1,0,1
410333608,4,5,9
410333609,3,3,6
410333610,4,0,4
410333611,3,3,6
410333612,1,2,3
410333613,1,1,2
410333614,0,4,4
410333615,0,1,1
410333616,6,0,6
410359702,1,1,2
410359703,2,0,2
410359705,0,1,1
410359706,0,1,1
410359707,0,1,1
410359708,1,1,2
410359709,1,11,12
410359710,3,6,9
410359711,2,3,5
410359712,0,1,1
410359713,0,4,4
410359715,1,1,2
410359716,1,0,1
410359717,9,6,15
410359718,1,4,5
410359719,1,1,2
410359720,54,34,88
410379602,7,1,8
410390001,3,1,4
410390002,1,6,7
410390003,2,2,4
410390004,6,2,8
410390005,1,1,2
410390007,17,15,32
410390008,0,1,1
410390009,3,0,3
410390010,5,9,14
410390011,6,6,12
410390012,10,2,12
410390013,3,1,4
410390014,0,1,1
410390015,1,2,3
410390016,0,3,3
410390017,4,3,7
410390018,1,2,3
410390019,0,1,1
410390020,6,0,6
410390021,4,0,4
410390022,3,15,18
410390023,4,1,5
410390024,10,3,13
410390025,2,0,2
410390026,5,0,5
410390028,0,27,27
410390029,9,10,19
410390030,38,35,73
410390031,12,12,24
410390032,6,3,9
410390033,0,11,11
410390034,18,26,44
410390036,2,12,14
410390037,11,4,15
410390038,24,110,134
410390039,28,30,58
410390040,2,1,3
410390041,10,0,10
410390043,0,1,1
410390044,19,19,38
410390045,5,2,7
410390046,0,2,2
410390047,14,14,28
410390048,4,3,7
410390049,12,11,23
410390050,13,11,24
410390051,3,3,6
410390052,5,7,12
410390053,3,9,12
410390054,14,21,35
410419501,2,3,5
410419502,1,2,3
410419503,9,4,13
410419504,1,3,4
410419505,1,0,1
410419506,3,3,6
410419507,1,0,1
410419508,3,0,3
410419509,5,4,9
410419510,1,3,4
410419511,7,3,10
410419512,7,3,10
410419513,0,2,2
410419514,2,0,2
410419515,6,3,9
410419516,0,1,1
410419517,1,3,4
410419518,0,1,1
410430101,0,1,1
410430201,0,1,1
410430202,2,0,2
410430203,26,15,41
410430204,2,2,4
410430205,6,1,7
410430206,3,2,5
410430208,12,7,19
410430301,1,1,2
410430302,1,2,3
410430303,2,0,2
410430304,8,1,9
410430305,1,2,3
410430307,1,1,2
410430308,13,7,20
410430309,5,5,10
410459701,2,2,4
410459702,5,11,16
410459703,11,15,26
410459704,2,6,8
410459707,0,1,1
410470001,1,2,3
410470002,12,39,51
410470003,18,8,26
410470004,0,1,1
410470005,0,1,1
410470006,13,13,26
410470007,0,1,1
410470008,5,10,15
410470009,6,20,26
410470010,6,3,9
410470011,0,2,2
410470012,13,26,39
410470013,2,28,30
410470014,3,3,6
410470015,6,6,12
410470016,13,7,20
410470017,3,15,18
410470018,4,13,17
410470020,11,12,23
410470021,15,26,41
410470022,10,13,23
410470023,35,20,55
410470024,9,27,36
410470025,1,5,6
410470027,4,8,12
410470028,3,6,9
410470101,1,1,2
410470102,1,1,2
410470103,11,1,12
410470104,3,0,3
410470105,23,9,32
410470107,12,4,16
410470108,4,3,7
410499701,1,0,1
410510001,12,10,22
410510002,17,9,26
410510003,42,61,103
410510004,6,3,9
410510005,0,4,4
410510006,1,0,1
410510007,2,4,6
410510008,6,5,11
410510009,5,5,10
410510010,3,1,4
410510011,5,7,12
410510012,10,10,20
410510013,15,17,32
410510014,12,7,19
410510015,9,12,21
410510016,18,10,28
410510017,5,2,7
410510018,42,81,123
410510019,24,45,69
410510020,8,5,13
410510021,10,7,17
410510022,27,70,97
410510023,5,16,21
410510024,24,12,36
410510025,40,27,67
410510026,7,9,16
410510027,23,11,34
410510028,12,8,20
410510029,7,3,10
410510030,6,4,10
410510031,8,7,15
410510032,8,7,15
410510033,2,1,3
410510034,2,0,2
410510035,18,55,73
410510036,2,1,3
410510037,4,1,5
410510038,1,4,5
410510039,5,3,8
410510040,5,4,9
410510041,3,1,4
410510042,2,0,2
410510043,3,5,8
410510045,8,12,20
410510046,29,70,99
410510047,24,63,87
410510048,31,75,106
410510049,37,72,109
410510050,1,7,8
410510051,12,24,36
410510052,17,50,67
410510053,27,55,82
410510054,2,3,5
410510055,4,4,8
410510056,3,8,11
410510057,6,23,29
410510058,144,394,538
410510059,14,26,40
410510060,19,35,54
410510061,17,21,38
410510062,11,9,20
410510063,17,26,43
410510064,21,61,82
410510065,20,37,57
410510066,23,30,53
410510067,16,21,37
410510068,20,59,79
410510069,15,49,64
410510070,25,40,65
410510071,7,5,12
410510072,3,1,4
410510073,3,4,7
410510076,0,1,1
410510078,1,0,1
410510080,12,10,22
410510081,8,13,21
410510082,23,58,81
410510084,0,2,2
410510085,1,0,1
410510087,1,1,2
410510088,1,1,2
410510089,7,6,13
410510091,1,2,3
410510092,3,1,4
410510093,2,2,4
410510094,7,5,12
410510095,5,13,18
410510096,4,4,8
410510097,1,1,2
410510098,14,1,15
410510099,15,12,27
410510100,13,3,16
410510101,3,4,7
410510102,0,2,2
410510103,7,6,13
410510104,24,28,52
410510105,0,3,3
410510203,0,1,1
410510222,0,1,1
410510232,1,0,1
410510243,0,1,1
410510301,0,2,2
410510316,2,1,3
410530051,3,1,4
410530052,16,21,37
410530053,11,9,20
410530201,1,1,2
410530202,10,13,23
410530203,12,2,14
410579501,1,1,2
410579601,5,6,11
410579602,0,1,1
410579603,0,1,1
410579604,4,4,8
410579605,5,3,8
410579606,8,4,12
410579608,4,2,6
410599501,0,2,2
410599502,2,2,4
410599503,1,0,1
410599504,6,7,13
410599505,3,3,6
410599506,14,18,32
410599507,4,6,10
410599509,2,1,3
410599510,8,5,13
410599511,5,2,7
410599512,8,3,11
410599513,3,0,3
410599514,1,0,1
410619702,0,1,1
410619703,1,1,2
410619704,1,3,4
410619705,1,0,1
410619706,18,23,41
410619707,1,0,1
410619708,1,0,1
410639601,2,1,3
410639603,4,0,4
410659701,8,12,20
410659702,1,7,8
410659703,7,2,9
410659704,2,3,5
410659706,0,4,4
410659707,2,3,5
410659708,0,1,1
410670049,1,2,3
410670069,0,1,1
410670070,0,8,8
410670227,0,1,1
410670301,65,191,256
410670302,20,29,49
410670303,16,34,50
410670304,42,56,98
410670305,18,11,29
410670306,2,6,8
410670307,2,16,18
410670308,21,24,45
410670309,10,12,22
410670310,7,16,23
410670311,9,6,15
410670312,5,4,9
410670313,2,10,12
410670314,9,8,17
410670315,54,90,144
410670316,50,32,82
410670317,1,1,2
410670318,27,20,47
410670319,27,20,47
410670320,14,13,27
410670321,10,8,18
410670322,2,6,8
410670323,1,1,2
410670324,6,4,10
410670325,23,37,60
410670326,17,10,27
410670327,1,3,4
410670329,4,1,5
410670330,2,5,7
410670331,10,3,13
410670332,1,0,1
410670333,7,3,10
410670335,0,1,1
410670336,0,1,1
410710204,2,0,2
410710301,9,10,19
410710302,14,8,22
410710303,4,5,9
410710304,2,4,6
410710305,6,5,11
410710306,7,12,19
410710307,13,18,31
410710308,15,7,22
410710309,0,2,2
410710330,1,0,1
420010126,0,1,1
420010301,1,1,2
420010302,3,0,3
420010304,6,2,8
420010305,2,0,2
420010306,1,0,1
420010307,1,0,1
420010308,9,3,12
420010309,3,1,4
420010310,1,0,1
420010311,3,1,4
420010312,3,3,6
420010313,1,0,1
420010314,10,13,23
420010315,16,17,33
420010316,5,4,9
420030101,4,13,17
420030103,66,138,204
420030201,15,25,40
420030203,0,1,1
420030302,11,20,31
420030305,1,3,4
420030314,0,2,2
420030402,60,475,535
420030403,124,300,424
420030404,4,6,10
420030405,22,68,90
420030406,1,0,1
420030407,1,5,6
420030409,28,36,64
420030411,1,1,2
420030502,5,4,9
420030507,4,5,9
420030510,0,1,1
420030601,2,4,6
420030603,4,0,4
420030604,0,1,1
420030701,27,53,80
420030703,10,35,45
420030704,7,41,48
420030705,27,23,50
420030706,19,51,70
420030707,13,20,33
420030708,19,57,76
420030709,48,130,178
420030802,0,5,5
420030804,11,9,20
420030806,12,10,22
420030807,7,4,11
420030809,44,118,162
420030810,5,10,15
420030818,6,7,13
420030901,0,1,1
420030902,12,51,63
420030903,4,16,20
420031005,3,1,4
420031011,4,10,14
420031014,3,5,8
420031017,1,0,1
420031018,2,2,4
420031102,17,15,32
420031106,13,11,24
420031111,3,5,8
420031113,1,1,2
420031115,12,1,13
420031201,40,59,99
420031207,1,0,1
420031208,5,5,10
420031303,2,0,2
420031306,2,0,2
420031401,28,53,81
420031402,21,41,62
420031403,41,57,98
420031404,27,34,61
420031405,11,3,14
420031406,26,40,66
420031408,23,61,84
420031410,8,4,12
420031411,5,5,10
420031413,37,68,105
420031414,28,41,69
420031515,2,0,2
420031516,1,1,2
420031517,14,15,29
420031608,1,1,2
420031609,2,12,14
420031702,5,19,24
420031704,0,1,1
420031807,1,3,4
420031808,1,1,2
420031809,2,0,2
420031903,1,2,3
420031911,7,9,16
420031914,7,6,13
420031915,0,1,1
420031916,1,3,4
420031917,0,1,1
420031918,1,4,5
420031919,3,2,5
420031920,0,1,1
420031922,1,2,3
420032004,1,0,1
420032017,0,1,1
420032019,1,0,1
420032023,7,12,19
420032107,1,2,3
420032108,1,0,1
420032201,2,4,6
420032204,4,23,27
420032205,2,4,6
420032206,34,142,176
420032304,3,11,14
420032305,2,2,4
420032306,1,2,3
420032406,1,0,1
420032509,5,4,9
420032602,1,0,1
420032607,1,1,2
420032609,1,0,1
420032612,0,1,1
420032613,1,0,1
420032614,0,2,2
420032615,1,2,3
420032701,2,1,3
420032703,0,2,2
420032708,2,3,5
420032811,0,1,1
420032812,2,0,2
420032815,1,0,1
420032902,0,2,2
420032904,1,2,3
420033101,0,1,1
420033102,1,1,2
420033204,1,1,2
420033206,0,1,1
420033207,2,0,2
420034011,3,4,7
420034012,7,2,9
420034013,5,21,26
420034020,0,5,5
420034035,6,4,10
420034040,1,1,2
420034060,2,1,3
420034070,5,8,13
420034080,16,18,34
420034090,27,57,84
420034100,5,7,12
420034110,21,30,51
420034120,48,105,153
420034131,32,58,90
420034132,14,25,39
420034133,7,7,14
420034134,14,39,53
420034135,17,58,75
420034141,23,23,46
420034142,31,37,68
420034150,11,34,45
420034171,0,1,1
420034172,1,0,1
420034190,5,11,16
420034200,2,0,2
420034211,26,61,87
420034212,19,42,61
420034220,50,190,240
420034230,15,14,29
420034240,10,5,15
420034250,1,3,4
420034263,4,5,9
420034264,11,8,19
420034267,5,21,26
420034268,7,7,14
420034270,5,1,6
420034271,5,15,20
420034272,5,4,9
420034282,2,4,6
420034291,6,7,13
420034292,32,54,86
420034293,2,10,12
420034294,6,4,10
420034295,21,35,56
420034296,7,7,14
420034301,0,2,2
420034302,9,4,13
420034311,3,4,7
420034314,0,1,1
420034315,11,9,20
420034323,0,3,3
420034324,4,3,7
420034330,5,1,6
420034340,6,3,9
420034350,1,1,2
420034360,1,2,3
420034370,3,3,6
420034380,0,1,1
420034390,4,14,18
420034400,4,6,10
420034410,7,17,24
420034420,0,1,1
420034440,5,9,14
420034451,4,22,26
420034454,10,8,18
420034460,8,27,35
420034470,2,5,7
420034480,1,3,4
420034507,3,2,5
420034508,1,0,1
420034511,18,17,35
420034513,22,26,48
420034520,7,1,8
420034530,10,5,15
420034550,1,0,1
420034560,9,15,24
420034571,2,0,2
420034572,2,1,3
420034580,0,15,15
420034591,5,4,9
420034592,9,13,22
420034600,13,11,24
420034639,1,0,1
420034643,2,0,2
420034644,4,1,5
420034655,1,0,1
420034656,4,3,7
420034657,1,0,1
420034660,2,1,3
420034687,4,8,12
420034688,0,1,1
420034689,1,2,3
420034690,15,10,25
420034703,3,18,21
420034704,6,10,16
420034705,18,23,41
420034706,3,3,6
420034721,2,1,3
420034722,0,1,1
420034724,1,2,3
420034731,13,14,27
420034732,6,24,30
420034733,9,8,17
420034734,35,56,91
420034735,14,11,25
420034736,26,62,88
420034741,29,90,119
420034742,39,82,121
420034751,10,17,27
420034752,6,3,9
420034753,12,15,27
420034754,2,5,7
420034761,0,2,2
420034762,1,1,2
420034771,3,1,4
420034772,6,2,8
420034773,12,6,18
420034781,6,4,10
420034782,2,1,3
420034790,0,1,1
420034801,6,15,21
420034802,2,1,3
420034803,0,1,1
420034804,1,1,2
420034810,0,1,1
420034823,1,0,1
420034824,1,0,1
420034838,0,1,1
420034843,1,0,1
420034845,2,2,4
420034846,8,0,8
420034850,0,1,1
420034868,0,1,1
420034883,1,1,2
420034884,2,0,2
420034885,7,1,8
420034886,5,9,14
420034890,9,15,24
420034900,1,3,4
420034911,8,12,20
420034912,7,29,36
420034920,1,0,1
420034929,2,1,3
420034940,1,0,1
420034961,7,1,8
420034962,6,9,15
420034980,1,0,1
420034993,1,0,1
420034994,1,0,1
420035010,2,1,3
420035030,17,20,37
420035041,1,0,1
420035042,2,1,3
420035043,1,0,1
420035070,3,0,3
420035080,1,1,2
420035094,1,1,2
420035100,0,1,1
420035138,4,6,10
420035140,0,1,1
420035151,0,3,3
420035152,5,4,9
420035153,2,3,5
420035154,5,1,6
420035155,3,5,8
420035161,11,15,26
420035162,8,12,20
420035170,0,1,1
420035180,12,33,45
420035190,22,25,47
420035200,13,23,36
420035211,4,3,7
420035212,19,10,29
420035213,44,43,87
420035214,30,48,78
420035215,7,12,19
420035220,1,0,1
420035231,2,1,3
420035232,5,3,8
420035233,0,2,2
420035234,10,10,20
420035235,2,1,3
420035236,3,9,12
420035237,7,4,11
420035238,8,2,10
420035240,0,1,1
420035251,4,3,7
420035252,7,4,11
420035253,8,11,19
420035261,4,11,15
420035262,4,3,7
420035263,4,4,8
420035509,18,16,34
420035512,1,2,3
420035519,8,7,15
420035520,1,0,1
420035521,1,0,1
420035523,4,1,5
420035604,1,2,3
420035605,5,5,10
420035606,2,2,4
420035610,4,4,8
420035612,0,1,1
420035614,2,8,10
420035615,2,7,9
420036038,0,1,1
420037413,1,0,1
420037463,0,1,1
420037711,1,0,1
420039124,0,1,1
420058013,1,1,2
420058015,0,1,1
420058017,0,1,1
420059101,1,0,1
420059114,0,2,2
420059804,3,0,3
420059805,13,19,32
420059807,1,0,1
420059809,0,2,2
420059810,3,1,4
420059811,9,10,19
420059815,2,0,2
420059817,1,0,1
420059819,2,0,2
420059908,1,0,1
420070118,1,0,1
420074110,3,2,5
420074400,2,0,2
420074520,1,0,1
420076001,2,1,3
420076003,1,0,1
420076005,0,1,1
420076006,3,1,4
420076007,9,7,16
420076009,1,6,7
420076010,2,5,7
420076011,1,0,1
420076012,6,1,7
420076013,7,0,7
420076014,1,0,1
420076015,2,3,5
420076017,1,0,1
420076018,1,1,2
420076019,0,1,1
420076021,1,5,6
420076022,1,17,18
420076023,25,14,39
420076024,2,8,10
420076025,4,17,21
420076026,17,20,37
420076027,0,2,2
420076028,2,1,3
420076030,1,2,3
420076032,12,15,27
420076034,1,1,2
420076035,1,0,1
420076036,0,1,1
420076037,5,1,6
420076038,3,3,6
420076040,1,0,1
420076041,2,3,5
420076042,6,3,9
420076043,0,2,2
420076046,1,1,2
420076047,2,5,7
420076048,2,1,3
420076049,5,5,10
420076050,1,5,6
420099803,5,0,5
420099804,2,1,3
420099805,0,1,1
420099806,8,6,14
420099807,7,9,16
420099808,3,0,3
420099809,0,2,2
420099810,2,3,5
420099811,1,0,1
420110001,7,4,11
420110002,3,2,5
420110004,0,2,2
420110006,25,43,68
420110009,3,1,4
420110011,2,0,2
420110013,1,3,4
420110015,3,0,3
420110016,2,20,22
420110018,1,3,4
420110019,1,1,2
420110023,2,1,3
420110025,0,2,2
420110026,0,1,1
420110027,4,8,12
420110028,6,1,7
420110101,0,1,1
420110102,2,1,3
420110103,7,6,13
420110104,5,3,8
420110105,6,0,6
420110106,8,10,18
420110107,2,5,7
420110108,6,4,10
420110109,25,30,55
420110110,5,8,13
420110111,72,98,170
420110112,28,74,102
420110113,2,3,5
420110114,8,9,17
420110115,5,2,7
420110116,13,32,45
420110117,7,4,11
420110118,2,3,5
420110119,4,5,9
420110120,10,8,18
420110121,27,24,51
420110122,1,0,1
420110123,2,2,4
420110124,10,4,14
420110125,1,2,3
420110126,3,0,3
420110127,4,1,5
420110128,2,0,2
420110129,7,5,12
420110130,0,1,1
420110131,1,2,3
420110132,4,2,6
420110133,4,0,4
420110134,2,4,6
420110135,5,1,6
420110136,6,2,8
420110137,3,0,3
420110138,6,2,8
420110139,1,1,2
420110140,6,0,6
420110141,0,2,2
420110142,5,3,8
420130101,7,4,11
420130104,3,2,5
420130105,1,5,6
420130106,1,4,5
420130107,5,1,6
420130108,2,1,3
420130109,28,69,97
420130110,5,6,11
420130111,2,8,10
420130112,15,11,26
420130113,3,1,4
420130114,8,4,12
420130115,0,1,1
420130116,2,1,3
420130130,0,1,1
420131001,1,0,1
420131002,1,0,1
420131003,1,0,1
420131005,6,4,10
420131006,1,0,1
420131007,28,32,60
420131008,3,1,4
420131010,1,0,1
420131011,0,1,1
420131012,8,9,17
420131013,1,2,3
420131014,6,15,21
420131015,2,8,10
420131016,9,4,13
420131017,2,0,2
420131018,1,0,1
420131019,11,14,25
420159801,1,0,1
420159803,60,105,165
420159804,6,21,27
420159805,7,21,28
420159806,1,0,1
420159807,3,5,8
420159808,0,2,2
420159809,6,1,7
420159810,12,9,21
420159811,1,1,2
420159814,2,0,2
420171001,18,24,42
420171002,50,58,108
420171003,6,1,7
420171004,13,5,18
420171006,9,5,14
420171007,6,10,16
420171008,76,117,193
420171009,3,5,8
420171010,0,1,1
420171012,2,1,3
420171013,19,37,56
420171014,14,23,37
420171015,26,30,56
420171016,27,15,42
420171018,6,8,14
420171019,5,1,6
420171020,14,6,20
420171021,12,12,24
420171022,1,0,1
420171023,8,4,12
420171024,1,4,5
420171025,1,15,16
420171026,3,0,3
420171027,15,39,54
420171028,3,7,10
420171030,17,8,25
420171031,11,5,16
420171033,1,2,3
420171034,3,2,5
420171035,2,2,4
420171037,0,1,1
420171039,2,4,6
420171040,1,10,11
420171041,1,0,1
420171042,12,11,23
420171043,10,30,40
420171044,5,4,9
420171045,25,51,76
420171046,44,53,97
420171047,11,46,57
420171048,1,2,3
420171049,15,4,19
420171050,76,100,176
420171051,9,9,18
420171052,37,51,88
420171053,5,7,12
420171054,17,57,74
420171055,124,182,306
420171056,8,9,17
420171057,5,5,10
420171058,17,17,34
420171059,1,4,5
420172006,2,10,12
420172007,1,0,1
420172010,0,2,2
420172011,1,0,1
420172071,1,1,2
420172073,1,0,1
420172074,0,1,1
420172078,0,1,1
420194080,0,4,4
420194090,0,3,3
420199021,3,1,4
420199022,1,2,3
420199023,1,4,5
420199024,13,24,37
420199025,1,2,3
420199026,0,3,3
420199028,5,3,8
420199029,9,4,13
420199030,4,3,7
420199031,1,2,3
420199101,1,0,1
420199102,1,0,1
420199103,1,1,2
420199104,1,3,4
420199106,0,1,1
420199107,1,0,1
420199108,2,2,4
420199109,13,10,23
420199110,1,1,2
420199111,2,0,2
420199112,1,0,1
420199113,1,1,2
420199114,2,1,3
420199115,5,2,7
420199116,3,9,12
420199117,3,0,3
420199118,3,2,5
420199119,3,3,6
420199120,14,20,34
420199121,9,10,19
420199122,3,5,8
420199123,5,12,17
420199124,7,10,17
420199127,3,7,10
420199128,1,3,4
420199812,1,2,3
420210001,14,32,46
420210002,0,4,4
420210006,1,0,1
420210007,52,82,134
420210011,3,0,3
420210012,1,0,1
420210101,2,1,3
420210102,2,0,2
420210103,1,0,1
420210105,1,1,2
420210106,9,2,11
420210107,3,3,6
420210108,23,26,49
420210110,1,0,1
420210111,10,16,26
420210112,17,29,46
420210113,19,41,60
420210114,4,2,6
420210116,0,1,1
420210117,1,0,1
420210118,3,1,4
420210119,1,2,3
420210120,7,2,9
420210122,2,1,3
420210124,3,0,3
420210125,9,2,11
420210126,6,1,7
420210128,4,1,5
420210129,1,0,1
420210130,1,2,3
420210131,3,0,3
420210133,5,2,7
420239601,2,2,4
420250201,10,5,15
420250202,2,0,2
420250203,3,0,3
420250204,2,0,2
420250205,1,8,9
420250206,6,6,12
420250207,5,2,7
420250208,2,1,3
420250209,9,5,14
420270101,0,2,2
420270102,1,0,1
420270103,2,2,4
420270104,9,6,15
420270105,5,13,18
420270106,1,0,1
420270108,0,1,1
420270109,3,6,9
420270110,3,0,3
420270111,5,3,8
420270112,0,2,2
420270113,11,6,17
420270114,5,10,15
420270115,5,9,14
420270116,13,34,47
420270117,11,15,26
420270118,8,22,30
420270119,8,14,22
420270120,1,8,9
420270121,0,1,1
420270122,2,4,6
420270123,7,4,11
420270124,5,4,9
420270125,5,7,12
420270127,5,5,10
420270128,1,5,6
420292059,1,2,3
420292061,2,0,2
420293001,72,152,224
420293002,35,63,98
420293003,27,76,103
420293004,1,5,6
420293005,20,22,42
420293006,0,3,3
420293007,24,20,44
420293008,8,11,19
420293009,3,5,8
420293010,2,8,10
420293012,4,3,7
420293013,1,3,4
420293014,10,11,21
420293015,0,1,1
420293016,2,3,5
420293017,3,3,6
420293018,5,14,19
420293019,3,14,17
420293020,6,14,20
420293021,6,25,31
420293022,19,36,55
420293023,12,7,19
420293024,2,1,3
420293025,0,3,3
420293026,1,2,3
420293027,54,54,108
420293028,24,50,74
420293029,14,27,41
420293030,12,16,28
420293031,11,21,32
420293032,9,30,39
420293033,12,15,27
420293034,6,6,12
420293035,7,15,22
420293036,5,7,12
420293037,0,2,2
420293038,5,8,13
420293039,12,14,26
420293040,7,8,15
420293041,9,1,10
420293042,14,29,43
420293043,5,3,8
420293044,21,19,40
420293045,4,7,11
420293046,2,5,7
420293049,1,3,4
420293051,2,0,2
420293052,4,4,8
420293055,4,6,10
420293057,0,1,1
420293060,2,0,2
420293061,1,2,3
420293062,2,1,3
420293063,2,2,4
420293064,1,3,4
420293065,7,11,18
420293066,3,3,6
420293067,6,7,13
420293069,1,3,4
420293070,1,11,12
420293071,2,3,5
420293072,1,1,2
420293073,1,1,2
420293074,2,0,2
420293077,0,1,1
420293079,2,0,2
420293080,9,4,13
420293081,0,1,1
420293102,2,6,8
420293105,3,3,6
420294097,0,1,1
420294102,1,1,2
420319901,1,2,3
420319902,3,1,4
420319903,3,5,8
420319904,1,0,1
420319905,3,2,5
420319906,18,4,22
420319907,2,0,2
420319908,3,6,9
420330103,1,0,1
420330120,1,0,1
420333301,1,8,9
420333302,6,10,16
420333303,18,28,46
420333304,9,26,35
420333305,1,0,1
420333306,1,2,3
420333307,1,0,1
420333308,1,0,1
420333309,3,0,3
420333310,1,1,2
420333311,5,6,11
420333312,11,9,20
420333313,1,5,6
420333314,3,0,3
420333317,1,1,2
420333318,1,0,1
420359701,1,2,3
420359702,5,1,6
420359703,4,0,4
420359704,2,4,6
420359705,4,3,7
420359706,1,1,2
420359707,9,13,22
420359708,0,1,1
420370501,4,2,6
420370502,2,2,4
420370503,4,9,13
420370504,3,1,4
420370505,1,0,1
420370506,11,9,20
420370507,3,3,6
420370508,3,8,11
420370509,7,8,15
420370510,1,1,2
420370511,18,5,23
420370512,3,7,10
420370513,4,0,4
420370514,3,1,4
420379502,1,6,7
420379504,4,1,5
420390318,1,0,1
420391101,1,0,1
420391102,3,0,3
420391104,2,0,2
420391105,7,4,11
420391106,3,2,5
420391107,1,2,3
420391108,2,0,2
420391109,2,1,3
420391110,0,2,2
420391111,7,3,10
420391112,10,9,19
420391113,2,0,2
420391114,2,1,3
420391115,20,19,39
420391116,12,18,30
420391117,7,11,18
420391118,3,5,8
420391119,1,0,1
420410101,4,1,5
420410102,36,72,108
420410103,9,29,38
420410104,11,19,30
420410105,7,15,22
420410106,18,21,39
420410107,12,3,15
420410108,3,2,5
420410109,3,12,15
420410110,1,0,1
420410111,6,24,30
420410112,0,1,1
420410113,15,24,39
420410114,5,1,6
420410115,7,3,10
420410116,18,10,28
420410117,5,3,8
420410118,4,4,8
420410119,5,7,12
420410120,2,2,4
420410121,1,0,1
420410123,2,5,7
420410124,27,44,71
420410125,13,11,24
420410126,2,0,2
420410127,3,4,7
420410128,1,3,4
420410129,3,0,3
420410130,1,3,4
420410131,4,1,5
420410132,5,0,5
420430108,0,1,1
420430201,7,6,13
420430202,4,0,4
420430204,3,4,7
420430205,2,11,13
420430206,2,1,3
420430207,0,1,1
420430208,3,13,16
420430209,47,24,71
420430210,11,20,31
420430217,4,3,7
420430218,10,3,13
420430219,34,37,71
420430220,3,1,4
420430221,4,5,9
420430223,20,25,45
420430224,23,19,42
420430225,14,33,47
420430226,46,41,87
420430227,5,4,9
420430228,2,6,8
420430229,2,1,3
420430230,0,2,2
420430231,1,2,3
420430232,1,0,1
420430233,1,0,1
420430235,4,1,5
420430236,1,5,6
420430238,0,1,1
420430239,5,0,5
420430240,12,17,29
420430241,101,297,398
420430242,4,16,20
420430243,118,193,311
420430244,5,6,11
420430245,15,21,36
420430246,2,11,13
420430247,6,4,10
420430248,3,1,4
420430249,1,0,1
420430250,1,0,1
420430252,1,0,1
420430253,4,1,5
420430254,1,1,2
420452049,2,3,5
420452050,9,23,32
420452051,12,8,20
420452052,1,1,2
420452055,3,5,8
420452059,4,4,8
420453001,1,2,3
420453003,4,3,7
420453032,1,5,6
420453033,0,7,7
420454002,3,1,4
420454003,3,3,6
420454004,8,14,22
420454005,2,3,5
420454006,2,4,6
420454007,12,37,49
420454008,14,22,36
420454009,6,11,17
420454010,16,9,25
420454011,16,25,41
420454012,5,10,15
420454013,5,11,16
420454014,1,3,4
420454015,19,20,39
420454016,14,14,28
420454017,2,1,3
420454018,6,7,13
420454019,7,7,14
420454020,9,9,18
420454021,4,1,5
420454022,6,10,16
420454023,0,2,2
420454025,2,1,3
420454026,8,25,33
420454027,0,1,1
420454028,1,1,2
420454030,0,1,1
420454031,9,15,24
420454032,2,3,5
420454033,4,1,5
420454034,2,2,4
420454035,3,2,5
420454036,3,2,5
420454037,2,0,2
420454038,2,3,5
420454039,15,29,44
420454040,8,13,21
420454041,9,6,15
420454042,1,1,2
420454044,1,0,1
420454045,3,4,7
420454047,26,68,94
420454050,2,0,2
420454051,5,8,13
420454052,1,0,1
420454054,0,2,2
420454062,5,8,13
420454063,1,0,1
420454064,4,1,5
420454067,1,1,2
420454068,20,13,33
420454069,8,2,10
420454070,8,16,24
420454071,15,21,36
420454072,33,50,83
420454073,9,17,26
420454074,51,88,139
420454075,14,23,37
420454076,21,42,63
420454077,4,3,7
420454078,51,51,102
420454079,45,90,135
420454080,24,46,70
420454081,29,28,57
420454082,0,1,1
420454083,22,25,47
420454084,16,34,50
420454085,6,9,15
420454086,11,8,19
420454087,13,22,35
420454088,12,20,32
420454089,12,19,31
420454090,6,12,18
420454091,10,7,17
420454092,12,11,23
420454093,7,10,17
420454094,2,7,9
420454095,4,5,9
420454096,63,117,180
420454097,37,83,120
420454098,36,83,119
420454099,41,66,107
420454100,10,16,26
420454101,6,19,25
420454102,8,13,21
420454103,24,34,58
420454104,8,9,17
420479901,1,2,3
420479904,4,6,10
420479905,1,1,2
420479906,5,9,14
420479907,3,6,9
420479908,6,5,11
420479909,2,0,2
420479910,0,1,1
420490001,9,7,16
420490002,16,19,35
420490003,12,33,45
420490004,15,43,58
420490005,0,2,2
420490008,3,0,3
420490009,5,2,7
420490010,9,4,13
420490011,0,1,1
420490012,3,5,8
420490013,1,0,1
420490014,1,0,1
420490018,1,2,3
420490019,13,50,63
420490020,0,1,1
420490021,3,4,7
420490022,2,2,4
420490023,4,6,10
420490024,10,25,35
420490025,0,1,1
420490026,0,2,2
420490027,3,4,7
420490028,8,2,10
420490029,22,28,50
420490030,7,8,15
420490101,4,1,5
420490102,6,3,9
420490103,14,48,62
420490104,7,17,24
420490105,6,3,9
420490106,2,12,14
420490107,3,8,11
420490108,19,5,24
420490109,41,52,93
420490110,17,38,55
420490111,12,23,35
420490112,4,4,8
420490114,5,2,7
420490115,13,6,19
420490116,5,1,6
420490117,4,3,7
420490118,1,0,1
420490119,6,6,12
420490120,3,1,4
420490121,2,1,3
420490122,5,4,9
420512601,5,2,7
420512602,2,0,2
420512604,4,1,5
420512605,1,2,3
420512606,2,0,2
420512607,4,1,5
420512608,8,2,10
420512609,0,1,1
420512612,2,1,3
420512613,1,0,1
420512614,1,4,5
420512615,0,1,1
420512616,1,0,1
420512618,2,0,2
420512619,7,11,18
420512620,16,28,44
420512621,2,0,2
420512622,10,16,26
420512624,3,0,3
420512626,2,1,3
420512627,5,4,9
420512628,1,2,3
420512629,1,0,1
420512630,1,0,1
420512631,0,1,1
420512632,0,2,2
420518059,3,0,3
420518064,0,1,1
420539802,0,1,1
420550103,2,0,2
420550104,9,4,13
420550105,7,4,11
420550106,3,12,15
420550107,4,6,10
420550108,10,15,25
420550109,18,28,46
420550110,2,1,3
420550111,8,11,19
420550112,1,2,3
420550113,4,3,7
420550114,2,0,2
420550115,5,2,7
420550117,0,2,2
420550118,9,0,9
420550119,6,1,7
420550120,5,1,6
420550121,1,1,2
420550122,0,1,1
420550123,9,7,16
420550124,3,1,4
420550125,5,9,14
420579901,5,1,6
420599701,2,2,4
420599702,1,1,2
420599704,1,0,1
420599705,13,11,24
420599706,5,4,9
420599707,0,1,1
420599708,6,0,6
420610119,1,2,3
420619502,1,3,4
420619503,3,2,5
420619504,23,23,46
420619505,1,2,3
420619507,1,0,1
420619509,2,0,2
420619512,3,0,3
420619513,1,0,1
420639601,0,1,1
420639602,6,0,6
420639603,1,0,1
420639605,0,1,1
420639607,7,9,16
420639608,16,16,32
420639609,5,8,13
420639610,6,11,17
420639611,11,6,17
420639612,1,2,3
420639613,1,0,1
420639615,0,1,1
420639616,2,0,2
420639617,0,1,1
420639619,5,3,8
420639620,2,1,3
420639621,8,1,9
420659501,2,3,5
420659503,1,1,2
420659504,10,13,23
420659505,2,4,6
420659507,8,1,9
420659508,1,0,1
420659511,3,6,9
420659512,8,5,13
420659513,4,4,8
420679701,4,1,5
420679702,3,0,3
420690329,1,0,1
420691001,4,28,32
420691002,4,18,22
420691003,1,3,4
420691004,3,12,15
420691006,16,47,63
420691007,3,9,12
420691008,2,10,12
420691009,0,1,1
420691010,7,2,9
420691011,1,0,1
420691012,3,1,4
420691013,1,0,1
420691014,1,1,2
420691015,5,0,5
420691017,1,2,3
420691018,4,8,12
420691020,1,0,1
420691021,0,1,1
420691023,1,0,1
420691025,2,0,2
420691026,2,3,5
420691027,1,0,1
420691028,9,14,23
420691029,7,6,13
420691030,2,0,2
420691031,0,1,1
420691101,0,1,1
420691102,3,1,4
420691103,11,13,24
420691104,28,58,86
420691105,24,38,62
420691106,2,0,2
420691107,8,9,17
420691108,6,8,14
420691110,2,0,2
420691111,3,4,7
420691112,10,2,12
420691113,5,0,5
420691114,3,4,7
420691115,3,1,4
420691116,11,5,16
420691117,5,17,22
420691118,10,10,20
420691119,1,1,2
420691120,3,2,5
420691121,2,2,4
420691122,6,6,12
420691123,7,5,12
420691124,5,8,13
420691125,7,2,9
420691126,8,2,10
420691127,4,1,5
420691128,3,7,10
420699610,1,0,1
420710001,1,2,3
420710002,0,9,9
420710003,11,0,11
420710004,17,39,56
420710005,5,11,16
420710006,10,11,21
420710007,1,2,3
420710008,2,0,2
420710009,1,1,2
420710012,3,0,3
420710016,4,0,4
420710101,2,1,3
420710102,6,1,7
420710103,2,1,3
420710104,7,1,8
420710105,1,6,7
420710106,24,8,32
420710107,7,11,18
420710108,1,3,4
420710109,5,2,7
420710110,1,1,2
420710111,6,3,9
420710113,3,3,6
420710114,2,1,3
420710115,9,8,17
420710116,4,6,10
420710117,40,65,105
420710118,73,143,216
420710119,16,41,57
420710120,9,2,11
420710121,13,7,20
420710122,1,0,1
420710123,16,20,36
420710124,7,4,11
420710125,5,5,10
420710126,3,0,3
420710127,3,0,3
420710128,7,0,7
420710129,1,2,3
420710130,5,1,6
420710131,8,4,12
420710132,23,31,54
420710133,23,21,44
420710134,2,11,13
420710135,43,42,85
420710136,7,2,9
420710137,6,9,15
420710138,2,0,2
420710139,3,2,5
420710140,6,1,7
420710141,4,1,5
420710142,6,2,8
420710143,2,0,2
420710144,3,1,4
420710145,3,4,7
420710146,3,3,6
420710240,1,0,1
420730001,3,2,5
420730002,0,1,1
420730003,2,13,15
420730004,2,0,2
420730005,6,5,11
420730008,1,1,2
420730009,2,1,3
420730010,0,2,2
420730102,16,8,24
420730103,5,3,8
420730104,1,0,1
420730105,0,1,1
420730107,1,0,1
420730108,26,37,63
420730110,2,1,3
420730113,1,1,2
420730116,5,1,6
420730118,0,2,2
420730327,0,2,2
420730331,0,1,1
420736003,1,0,1
420750001,19,27,46
420750002,12,10,22
420750003,3,0,3
420750005,2,2,4
420750020,2,0,2
420750021,2,0,2
420750022,4,1,5
420750024,3,4,7
420750025,3,4,7
420750026,7,13,20
420750027,4,0,4
420750028,3,1,4
420750029,1,1,2
420750030,2,2,4
420750031,2,1,3
420750032,5,4,9
420750033,0,2,2
420750034,3,6,9
420750035,15,43,58
420750036,1,1,2
420750037,1,3,4
420750038,16,12,28
420750039,9,11,20
420750040,10,22,32
420750041,1,3,4
420750042,11,12,23
420750105,1,0,1
420750241,0,1,1
420770004,0,1,1
420770007,1,1,2
420770009,14,26,40
420770010,1,4,5
420770011,17,11,28
420770012,4,4,8
420770013,1,0,1
420770014,14,14,28
420770015,4,3,7
420770017,0,1,1
420770019,22,17,39
420770020,1,3,4
420770021,13,9,22
420770022,9,22,31
420770023,46,57,103
420770051,1,0,1
420770052,0,2,2
420770053,2,3,5
420770054,8,9,17
420770055,22,14,36
420770056,10,3,13
420770057,18,18,36
420770058,0,1,1
420770059,12,11,23
420770060,34,62,96
420770061,21,26,47
420770062,43,59,102
420770063,60,77,137
420770064,15,16,31
420770065,7,2,9
420770066,9,4,13
420770067,52,134,186
420770068,35,64,99
420770069,18,40,58
420770070,7,5,12
420770091,3,22,25
420770092,9,5,14
420770093,3,6,9
420770094,2,2,4
420770095,5,6,11
420790501,0,1,1
420790507,1,2,3
420792001,1,6,7
420792002,8,2,10
420792003,3,0,3
420792004,7,10,17
420792005,11,7,18
420792006,1,0,1
420792007,0,5,5
420792008,2,0,2
420792009,9,14,23
420792011,1,0,1
420792012,1,21,22
420792013,5,0,5
420792014,3,0,3
420792015,0,1,1
420792016,3,1,4
420792101,1,0,1
420792102,3,1,4
420792103,4,1,5
420792105,1,2,3
420792106,2,0,2
420792107,1,0,1
420792108,3,0,3
420792110,5,3,8
420792111,6,2,8
420792112,21,42,63
420792113,10,21,31
420792114,20,19,39
420792115,2,0,2
420792116,5,3,8
420792117,11,16,27
420792118,9,4,13
420792119,2,7,9
420792120,6,11,17
420792121,6,11,17
420792122,1,0,1
420792123,3,1,4
420792124,2,0,2
420792125,2,2,4
420792126,23,11,34
420792127,9,20,29
420792128,31,27,58
420792129,2,4,6
420792130,0,1,1
420792131,8,12,20
420792132,2,1,3
420792133,1,1,2
420792134,1,0,1
420792135,3,0,3
420792136,1,1,2
420792137,2,1,3
420792138,0,1,1
420792139,1,2,3
420792140,5,0,5
420792141,3,1,4
420792142,0,1,1
420792143,0,1,1
420792144,3,0,3
420792146,12,26,38
420792147,0,5,5
420792149,1,1,2
420792150,1,0,1
420792152,43,19,62
420792153,3,3,6
420792154,4,3,7
420792155,28,41,69
420792156,1,1,2
420792157,2,2,4
420792160,2,0,2
420792161,4,2,6
420792163,3,0,3
420792165,12,14,26
420792166,7,6,13
420792167,3,2,5
420792169,1,1,2
420792170,2,6,8
420792172,1,2,3
420792173,15,16,31
420792174,4,2,6
420792175,12,15,27
420792176,2,4,6
420792177,6,7,13
420792179,2,1,3
420810001,13,38,51
420810002,8,10,18
420810003,0,1,1
420810004,27,51,78
420810006,0,1,1
420810007,1,4,5
420810009,2,1,3
420810010,2,1,3
420810101,0,1,1
420810102,0,1,1
420810104,2,3,5
420810105,3,0,3
420810107,1,3,4
420810108,9,6,15
420810109,2,0,2
420810110,8,5,13
420810111,12,24,36
420810112,8,21,29
420810113,5,1,6
420810114,1,1,2
420810115,3,0,3
420810116,4,4,8
420810117,1,0,1
420810118,1,1,2
420810119,5,5,10
420834201,7,5,12
420834202,7,8,15
420834203,5,8,13
420834204,2,2,4
420834205,2,3,5
420834206,1,1,2
420834207,3,1,4
420834208,2,1,3
420834209,1,0,1
420834210,1,2,3
420834211,3,4,7
420834212,5,4,9
420850301,2,0,2
420850303,8,16,24
420850304,9,13,22
420850305,2,1,3
420850309,6,3,9
420850311,0,1,1
420850312,8,11,19
420850313,11,27,38
420850314,19,27,46
420850316,2,1,3
420850317,3,2,5
420850318,1,1,2
420850319,9,18,27
420850320,2,0,2
420850321,7,7,14
420850322,9,14,23
420850323,1,2,3
420850324,2,1,3
420850325,4,2,6
420850326,5,2,7
420850327,6,5,11
420850328,4,4,8
420850329,11,11,22
420850330,0,2,2
420851120,0,3,3
420879601,0,1,1
420879602,5,4,9
420879603,3,3,6
420879605,0,1,1
420879606,4,1,5
420879608,6,5,11
420879609,4,0,4
420879610,1,2,3
420879611,18,31,49
420879612,1,0,1
420893001,11,14,25
420893002,10,7,17
420893003,12,6,18
420893004,11,11,22
420893005,10,17,27
420893006,7,5,12
420893007,13,29,42
420893008,3,5,8
420893009,1,6,7
420893010,8,14,22
420893011,4,6,10
420893012,8,4,12
420893013,4,1,5
420910207,2,3,5
420911027,1,0,1
420912001,45,106,151
420912002,4,1,5
420912003,37,49,86
420912004,7,8,15
420912005,38,58,96
420912006,37,53,90
420912007,17,25,42
420912008,1,0,1
420912009,24,25,49
420912010,29,39,68
420912011,1,2,3
420912012,44,96,140
420912013,8,5,13
420912014,93,148,241
420912015,50,101,151
420912016,69,147,216
420912017,14,18,32
420912018,16,26,42
420912019,71,124,195
420912020,4,5,9
420912021,32,25,57
420912022,32,28,60
420912023,59,101,160
420912024,35,40,75
420912025,28,36,64
420912026,28,46,74
420912030,16,30,46
420912031,49,107,156
420912032,86,132,218
420912033,19,41,60
420912034,21,32,53
420912035,3,3,6
420912036,33,56,89
420912037,0,1,1
420912038,3,21,24
420912039,4,0,4
420912040,43,43,86
420912041,10,11,21
420912042,1,5,6
420912043,33,91,124
420912044,33,115,148
420912045,41,130,171
420912046,47,141,188
420912047,58,115,173
420912048,37,147,184
420912049,34,79,113
420912050,6,11,17
420912051,15,51,66
420912052,24,50,74
420912053,1,3,4
420912054,63,165,228
420912055,113,317,430
420912056,27,49,76
420912057,2,1,3
420912058,37,53,90
420912059,18,65,83
420912060,24,29,53
420912061,11,17,28
420912062,4,1,5
420912063,8,8,16
420912064,3,5,8
420912065,5,6,11
420912066,1,2,3
420912067,3,2,5
420912068,11,17,28
420912069,10,19,29
420912070,7,14,21
420912071,7,10,17
420912072,4,1,5
420912074,4,2,6
420912075,1,3,4
420912076,1,0,1
420912078,1,1,2
420912080,5,0,5
420912081,2,0,2
420912082,1,1,2
420912083,3,0,3
420912085,0,2,2
420912086,15,6,21
420912087,14,16,30
420912088,5,12,17
420912089,12,11,23
420912091,0,2,2
420912092,0,1,1
420912101,2,3,5
420912102,3,10,13
420912103,11,20,31
420912104,10,31,41
420912105,16,24,40
420913001,4,10,14
420913006,2,2,4
420914082,6,22,28
420914083,1,9,10
420914084,1,0,1
420914088,1,2,3
420914096,4,25,29
420914098,0,1,1
420930503,1,0,1
420930513,0,1,1
420939501,2,3,5
420939502,75,199,274
420939503,38,43,81
420939504,16,23,39
420950095,7,13,20
420950101,2,1,3
420950102,13,28,41
420950103,10,8,18
420950104,13,7,20
420950105,1,0,1
420950106,2,3,5
420950107,3,5,8
420950108,7,9,16
420950109,2,2,4
420950110,5,8,13
420950111,1,0,1
420950112,1,0,1
420950113,1,5,6
420950141,2,5,7
420950142,2,1,3
420950143,0,1,1
420950144,2,0,2
420950146,5,3,8
420950151,7,0,7
420950152,5,2,7
420950153,1,0,1
420950154,1,0,1
420950155,3,2,5
420950156,0,2,2
420950157,2,1,3
420950158,5,0,5
420950159,2,0,2
420950160,7,5,12
420950161,1,0,1
420950162,2,1,3
420950163,1,0,1
420950164,5,0,5
420950165,5,1,6
420950166,1,0,1
420950167,0,1,1
420950168,8,0,8
420950169,14,31,45
420950170,0,1,1
420950171,7,7,14
420950172,23,51,74
420950173,0,1,1
420950174,7,11,18
420950175,22,23,45
420950176,36,32,68
420950177,38,51,89
420950178,1,0,1
420950179,4,4,8
420950180,19,42,61
420950181,0,6,6
420970108,1,1,2
420979503,1,4,5
420979601,0,2,2
420979602,2,4,6
420979603,6,3,9
420979606,4,1,5
420979607,12,12,24
420979608,9,4,13
420979609,2,4,6
420979610,3,3,6
420979611,2,1,3
420979612,0,1,1
420979613,2,0,2
420979615,2,2,4
420979616,5,2,7
420979617,3,0,3
420979619,1,0,1
420979620,2,9,11
420979621,1,3,4
420979622,2,5,7
420979624,1,2,3
420990301,2,3,5
420990302,4,0,4
420990303,3,1,4
420990304,1,1,2
420990305,6,3,9
420990306,5,4,9
421010001,21,30,51
421010002,9,61,70
421010003,20,65,85
421010004,26,41,67
421010005,15,51,66
421010006,225,391,616
421010007,42,67,109
421010008,124,237,361
421010009,119,229,348
421010010,64,163,227
421010011,102,231,333
421010012,102,165,267
421010013,3,6,9
421010014,7,14,21
421010015,8,14,22
421010016,14,10,24
421010017,17,21,38
421010018,2,5,7
421010019,9,44,53
421010021,0,1,1
421010022,4,10,14
421010023,1,3,4
421010024,15,14,29
421010025,0,4,4
421010027,2,2,4
421010028,5,2,7
421010029,12,24,36
421010030,8,12,20
421010031,3,0,3
421010033,1,0,1
421010037,1,4,5
421010038,5,9,14
421010039,18,19,37
421010040,22,25,47
421010041,7,5,12
421010042,3,3,6
421010045,1,1,2
421010046,0,1,1
421010047,2,4,6
421010048,2,0,2
421010051,0,3,3
421010055,2,1,3
421010056,1,4,5
421010059,0,2,2
421010060,10,5,15
421010064,1,0,1
421010065,3,0,3
421010066,1,1,2
421010067,3,1,4
421010070,1,0,1
421010071,1,1,2
421010073,2,5,7
421010074,2,2,4
421010076,145,540,685
421010077,1,1,2
421010078,4,2,6
421010079,11,14,25
421010080,8,5,13
421010082,1,2,3
421010083,2,3,5
421010084,2,2,4
421010085,2,1,3
421010086,15,15,30
421010087,23,40,63
421010088,12,32,44
421010089,20,66,86
421010090,6,8,14
421010091,21,44,65
421010092,44,172,216
421010093,0,2,2
421010094,3,0,3
421010096,1,0,1
421010097,1,0,1
421010098,8,12,20
421010099,3,1,4
421010100,3,0,3
421010102,2,0,2
421010104,0,25,25
421010106,3,2,5
421010107,1,0,1
421010112,2,0,2
421010114,6,1,7
421010115,4,4,8
421010116,4,11,15
421010117,4,26,30
421010119,7,12,19
421010120,4,2,6
421010121,5,14,19
421010122,60,128,188
421010125,42,65,107
421010126,12,12,24
421010127,1,3,4
421010128,3,5,8
421010129,1,0,1
421010130,1,1,2
421010131,1,0,1
421010133,5,2,7
421010134,42,82,124
421010135,2,8,10
421010136,29,37,66
421010137,0,1,1
421010138,2,0,2
421010139,0,1,1
421010140,5,2,7
421010141,1,0,1
421010142,3,1,4
421010143,2,0,2
421010144,0,1,1
421010145,4,1,5
421010146,0,1,1
421010147,2,0,2
421010149,1,0,1
421010150,9,14,23
421010151,1,0,1
421010152,2,1,3
421010153,0,1,1
421010154,2,0,2
421010157,1,0,1
421010158,2,6,8
421010160,4,7,11
421010162,3,0,3
421010163,11,20,31
421010164,3,1,4
421010165,1,1,2
421010166,4,1,5
421010167,1,0,1
421010168,0,1,1
421010170,3,25,28
421010172,3,0,3
421010173,0,3,3
421010174,1,0,1
421010175,4,1,5
421010176,6,5,11
421010177,1,2,3
421010178,10,30,40
421010179,9,8,17
421010180,2,5,7
421010181,1,0,1
421010183,3,1,4
421010186,2,3,5
421010187,7,4,11
421010188,1,0,1
421010191,4,1,5
421010192,1,0,1
421010194,7,5,12
421010195,1,0,1
421010196,1,1,2
421010197,2,0,2
421010198,1,1,2
421010200,48,91,139
421010201,27,81,108
421010202,2,0,2
421010203,10,24,34
421010205,1,0,1
421010206,17,42,59
421010207,66,173,239
421010208,38,65,103
421010209,7,7,14
421010210,10,26,36
421010211,10,20,30
421010212,6,4,10
421010213,7,7,14
421010214,9,20,29
421010215,13,21,34
421010216,3,1,4
421010217,16,13,29
421010218,36,79,115
421010219,3,6,9
421010220,10,8,18
421010221,3,5,8
421010222,4,3,7
421010223,1,3,4
421010224,3,7,10
421010225,3,4,7
421010226,31,22,53
421010227,3,18,21
421010228,10,33,43
421010229,0,3,3
421010230,7,3,10
421010231,21,34,55
421010232,4,10,14
421010233,17,15,32
421010234,7,9,16
421010235,5,8,13
421010236,24,28,52
421010237,14,13,27
421010238,7,8,15
421010239,6,17,23
421010240,23,33,56
421010241,5,0,5
421010242,7,4,11
421010243,2,4,6
421010244,4,0,4
421010245,2,0,2
421010246,2,0,2
421010247,8,17,25
421010248,0,1,1
421010250,0,2,2
421010251,2,0,2
421010252,4,1,5
421010253,2,1,3
421010254,4,2,6
421010255,9,12,21
421010256,10,19,29
421010257,32,33,65
421010258,1,1,2
421010259,2,0,2
421010260,1,1,2
421010261,1,3,4
421010262,0,2,2
421010263,2,3,5
421010264,2,0,2
421010265,1,2,3
421010266,1,1,2
421010267,2,0,2
421010268,5,2,7
421010269,1,2,3
421010270,2,2,4
421010271,6,2,8
421010272,1,0,1
421010273,5,2,7
421010274,2,3,5
421010275,4,2,6
421010276,1,1,2
421010277,0,1,1
421010278,4,21,25
421010279,1,1,2
421010281,1,3,4
421010282,39,136,175
421010283,0,2,2
421010284,1,0,1
421010285,1,0,1
421010286,1,0,1
421010287,1,1,2
421010288,0,1,1
421010289,6,0,6
421010290,1,0,1
421010291,1,0,1
421010292,20,28,48
421010293,2,7,9
421010294,1,1,2
421010296,0,1,1
421010297,0,1,1
421010298,3,0,3
421010299,0,1,1
421010300,3,3,6
421010301,2,2,4
421010302,7,4,11
421010303,0,4,4
421010304,0,1,1
421010305,10,2,12
421010306,2,7,9
421010307,7,4,11
421010308,2,7,9
421010309,2,5,7
421010310,8,3,11
421010311,6,3,9
421010312,0,2,2
421010313,5,8,13
421010314,7,5,12
421010315,10,9,19
421010316,3,4,7
421010317,1,2,3
421010318,1,0,1
421010320,3,1,4
421010321,1,2,3
421010323,1,0,1
421010325,3,2,5
421010326,5,1,6
421010328,0,1,1
421010329,4,0,4
421010330,5,0,5
421010331,4,7,11
421010332,2,1,3
421010333,7,23,30
421010334,6,19,25
421010335,5,2,7
421010336,9,8,17
421010337,6,13,19
421010338,3,2,5
421010339,19,70,89
421010340,1,3,4
421010341,6,7,13
421010342,4,8,12
421010344,10,9,19
421010345,21,21,42
421010346,6,3,9
421010347,11,8,19
421010348,16,17,33
421010349,3,3,6
421010351,7,4,11
421010352,3,4,7
421010353,5,10,15
421010354,8,10,18
421010355,20,27,47
421010356,11,13,24
421010357,4,7,11
421010358,8,9,17
421010359,3,6,9
421010360,0,1,1
421010361,4,2,6
421010362,25,19,44
421010363,3,11,14
421010365,8,3,11
421010366,2,8,10
421012025,1,0,1
421012043,4,10,14
421012055,1,1,2
421039501,3,1,4
421039505,4,1,5
421039506,10,9,19
421039507,3,2,5
421039508,1,0,1
421039509,1,2,3
421039606,3,3,6
421059501,2,1,3
421059502,3,1,4
421059503,9,12,21
421059504,0,1,1
421059505,1,0,1
421070001,2,2,4
421070003,1,1,2
421070004,1,1,2
421070005,3,0,3
421070006,2,0,2
421070007,1,0,1
421070008,4,1,5
421070009,1,7,8
421070010,5,3,8
421070012,5,1,6
421070015,4,0,4
421070016,3,2,5
421070017,1,8,9
421070018,0,6,6
421070019,20,17,37
421070020,9,10,19
421070021,0,6,6
421070022,1,1,2
421070023,0,5,5
421070024,0,1,1
421070026,7,6,13
421070027,2,2,4
421070028,1,2,3
421070029,1,1,2
421070030,8,11,19
421070031,10,9,19
421070032,6,2,8
421070033,7,5,12
421070034,2,5,7
421070037,0,1,1
421070038,5,0,5
421099612,1,0,1
421099801,13,5,18
421099802,5,3,8
421099803,2,1,3
421099804,0,2,2
421099805,0,1,1
421099806,1,0,1
421099807,4,3,7
421110108,1,0,1
421110112,0,1,1
421110201,4,6,10
421110202,1,2,3
421110203,9,7,16
421110204,2,3,5
421110205,1,1,2
421110206,5,1,6
421110207,0,1,1
421110208,8,5,13
421110209,3,1,4
421110210,5,18,23
421110211,6,11,17
421110212,2,0,2
421110213,0,1,1
421110214,1,1,2
421110216,8,2,10
421110217,1,1,2
421110218,1,1,2
421110219,1,0,1
421130113,1,1,2
421130501,0,1,1
421139801,3,2,5
421139802,0,1,1
421139814,1,0,1
421150320,0,1,1
421150321,0,1,1
421150322,3,0,3
421150323,9,5,14
421150324,1,3,4
421150325,1,0,1
421150326,6,4,10
421150327,1,0,1
421150328,3,3,6
421150329,2,0,2
421179901,0,1,1
421179902,2,0,2
421179903,3,0,3
421179904,2,0,2
421179906,1,2,3
421179907,1,1,2
421179908,25,21,46
421179909,0,1,1
421179910,1,0,1
421190117,1,0,1
421199902,3,0,3
421199903,8,0,8
421199904,6,6,12
421199905,20,24,44
421199906,20,31,51
421199907,4,8,12
421211112,3,1,4
421212000,1,0,1
421212002,1,2,3
421212003,2,3,5
421212004,16,16,32
421212005,0,2,2
421212006,8,22,30
421212007,5,3,8
421212008,1,2,3
421212009,1,3,4
421212010,2,9,11
421212011,1,1,2
421212013,3,6,9
421212014,3,0,3
421219101,1,0,1
421239701,1,0,1
421239702,4,4,8
421239704,0,1,1
421239705,3,0,3
421239706,5,24,29
421239707,4,4,8
421239708,4,12,16
421239709,2,0,2
421239710,1,5,6
421239711,8,1,9
421239712,1,1,2
421239714,3,0,3
421254560,1,2,3
421257041,9,3,12
421257110,1,0,1
421257137,1,0,1
421257157,2,0,2
421257210,0,1,1
421257227,3,0,3
421257310,3,0,3
421257320,1,2,3
421257411,2,2,4
421257413,1,1,2
421257421,1,0,1
421257422,0,1,1
421257437,2,0,2
421257441,4,0,4
421257442,1,0,1
421257451,11,16,27
421257452,1,5,6
421257461,5,14,19
421257462,6,5,11
421257463,32,28,60
421257511,2,1,3
421257512,1,1,2
421257527,3,2,5
421257537,6,6,12
421257542,2,0,2
421257543,41,20,61
421257544,1,1,2
421257545,5,11,16
421257551,5,6,11
421257552,6,10,16
421257557,1,0,1
421257610,1,1,2
421257620,1,0,1
421257640,2,2,4
421257711,2,2,4
421257727,2,1,3
421257731,6,13,19
421257747,3,3,6
421257751,1,0,1
421257752,1,0,1
421257753,0,1,1
421257817,2,2,4
421257827,0,1,1
421257831,0,2,2
421257832,1,6,7
421257833,1,0,1
421257840,2,0,2
421257921,5,1,6
421257922,2,0,2
421257947,2,2,4
421271101,0,1,1
421271118,1,0,1
421271129,1,0,1
421279602,2,1,3
421279604,1,1,2
421279605,1,0,1
421279606,3,2,5
421279607,20,22,42
421279608,2,7,9
421279609,3,5,8
421279610,2,2,4
421279611,1,0,1
421279612,3,0,3
421290210,1,0,1
421292601,0,1,1
421295261,1,3,4
421298004,1,1,2
421298005,4,5,9
421298006,1,1,2
421298007,5,13,18
421298009,8,4,12
421298010,7,8,15
421298011,1,2,3
421298012,3,0,3
421298013,1,0,1
421298015,0,1,1
421298016,1,1,2
421298017,4,3,7
421298018,1,0,1
421298019,1,0,1
421298020,10,19,29
421298021,44,38,82
421298022,3,1,4
421298023,12,6,18
421298024,2,1,3
421298026,3,2,5
421298027,11,9,20
421298029,1,1,2
421298030,7,3,10
421298031,3,1,4
421298032,2,1,3
421298033,5,3,8
421298034,1,1,2
421298035,6,4,10
421298036,4,1,5
421298037,5,9,14
421298038,7,9,16
421298039,6,7,13
421298040,0,7,7
421298041,9,25,34
421298042,11,23,34
421298043,2,1,3
421298044,4,5,9
421298045,18,27,45
421298046,4,0,4
421298047,4,7,11
421298048,6,3,9
421298049,2,0,2
421298050,6,1,7
421298051,1,0,1
421298053,0,1,1
421298054,1,0,1
421298055,3,2,5
421298056,3,0,3
421298057,0,1,1
421298058,1,1,2
421298059,4,4,8
421298060,1,1,2
421298061,3,1,4
421298063,2,0,2
421298064,2,1,3
421298065,1,1,2
421298066,1,0,1
421298067,8,12,20
421298068,9,8,17
421298069,4,3,7
421298072,13,17,30
421298073,1,0,1
421298074,15,17,32
421298075,23,9,32
421298076,19,20,39
421298077,13,8,21
421298078,3,1,4
421298079,2,0,2
421298082,3,4,7
421298083,1,2,3
421298084,6,8,14
421298085,12,9,21
421299615,3,2,5
421299620,1,0,1
421299622,2,0,2
421310327,2,1,3
421314003,3,0,3
421314004,5,0,5
421314005,3,1,4
421314006,9,6,15
421314007,4,0,4
421330001,9,6,15
421330002,0,2,2
421330003,1,1,2
421330004,3,0,3
421330005,2,1,3
421330008,23,54,77
421330009,0,1,1
421330010,1,0,1
421330012,0,1,1
421330013,1,1,2
421330014,2,1,3
421330016,0,3,3
421330101,18,28,46
421330102,36,27,63
421330103,9,22,31
421330104,9,8,17
421330105,38,54,92
421330201,4,2,6
421330202,7,12,19
421330203,2,7,9
421330204,4,5,9
421330205,3,5,8
421330206,0,2,2
421330207,8,2,10
421330208,1,1,2
421330209,8,3,11
421330210,9,2,11
421330211,0,4,4
421330212,14,13,27
421330213,2,0,2
421330214,7,10,17
421330215,9,4,13
421330216,1,0,1
421330217,6,5,11
421330218,9,8,17
421330219,0,3,3
421330220,2,2,4
421330221,11,6,17
421330222,13,27,40
421330223,1,0,1
421330224,2,6,8
421330225,0,1,1
421330226,6,7,13
421330227,18,82,100
421330228,23,34,57
421330229,21,15,36
421330230,9,1,10
421330231,2,1,3
421330232,8,1,9
421330233,2,7,9
421330234,2,3,5
421330235,7,5,12
421330236,0,2,2
421330237,1,1,2
421330238,15,5,20
421330239,4,2,6
421330240,3,0,3
421330308,2,0,2
440010301,19,23,42
440010302,23,11,34
440010303,19,27,46
440010304,29,53,82
440010305,1,0,1
440010306,8,8,16
440010307,2,2,4
440010308,1,5,6
440010309,16,13,29
440030201,8,6,14
440030202,3,7,10
440030203,4,0,4
440030205,2,1,3
440030206,1,0,1
440030207,2,4,6
440030208,5,2,7
440030209,46,100,146
440030210,10,9,19
440030211,4,5,9
440030212,2,3,5
440030213,12,10,22
440030214,1,1,2
440030215,2,1,3
440030216,2,8,10
440030217,0,1,1
440030218,2,0,2
440030219,12,8,20
440030220,5,9,14
440030221,13,30,43
440030222,45,105,150
440030223,9,14,23
440030224,0,4,4
440050401,22,30,52
440050403,5,9,14
440050404,6,14,20
440050405,2,0,2
440050406,9,16,25
440050407,7,8,15
440050408,12,13,25
440050409,3,8,11
440050410,3,3,6
440050411,2,2,4
440050412,3,4,7
440050413,11,13,24
440050414,5,5,10
440050416,7,6,13
440050417,6,10,16
440070001,11,6,17
440070002,2,2,4
440070003,8,8,16
440070005,4,0,4
440070006,28,71,99
440070007,95,186,281
440070008,20,33,53
440070009,2,0,2
440070010,1,1,2
440070011,4,1,5
440070012,1,1,2
440070013,0,1,1
440070014,0,1,1
440070015,2,2,4
440070016,2,0,2
440070019,0,1,1
440070020,0,1,1
440070021,5,0,5
440070022,2,11,13
440070023,31,57,88
440070024,9,12,21
440070025,0,3,3
440070027,1,0,1
440070028,1,1,2
440070029,0,3,3
440070030,19,28,47
440070031,20,31,51
440070032,27,17,44
440070033,46,81,127
440070034,54,144,198
440070035,59,93,152
440070036,102,129,231
440070037,16,19,35
440070101,15,11,26
440070102,2,5,7
440070103,5,0,5
440070104,18,31,49
440070105,15,14,29
440070106,11,6,17
440070107,6,9,15
440070108,1,1,2
440070109,2,2,4
440070111,0,1,1
440070112,2,0,2
440070113,3,11,14
440070114,32,32,64
440070115,7,12,19
440070116,24,21,45
440070117,8,3,11
440070118,2,6,8
440070119,10,9,19
440070120,14,19,33
440070121,11,16,27
440070122,3,1,4
440070123,2,0,2
440070124,17,22,39
440070125,3,4,7
440070126,5,9,14
440070127,17,9,26
440070128,11,9,20
440070129,0,1,1
440070130,5,2,7
440070131,3,6,9
440070132,5,5,10
440070133,3,5,8
440070134,21,21,42
440070135,10,14,24
440070136,5,3,8
440070137,10,10,20
440070138,3,2,5
440070139,6,25,31
440070140,6,19,25
440070141,1,0,1
440070142,3,2,5
440070143,20,23,43
440070144,7,13,20
440070145,8,3,11
440070146,10,3,13
440070147,5,7,12
440070148,0,9,9
440070149,1,0,1
440070151,0,1,1
440070152,1,1,2
440070153,0,1,1
440070154,1,0,1
440070155,1,0,1
440070157,2,0,2
440070158,1,1,2
440070159,1,2,3
440070160,9,2,11
440070161,3,2,5
440070163,1,0,1
440070164,2,1,3
440070165,20,30,50
440070166,3,6,9
440070167,41,58,99
440070168,3,2,5
440070170,5,4,9
440070171,1,1,2
440070172,2,2,4
440070173,1,2,3
440070175,1,2,3
440070178,0,1,1
440070179,3,5,8
440070180,3,4,7
440070183,4,1,5
440070184,2,3,5
440070185,9,13,22
440090415,2,6,8
440090501,8,13,21
440090503,13,14,27
440090504,10,12,22
440090505,4,2,6
440090506,2,2,4
440090507,2,4,6
440090508,29,36,65
440090509,8,8,16
440090510,5,12,17
440090511,4,11,15
440090512,21,35,56
440090513,24,16,40
440090514,2,0,2
440090515,26,28,54
450019502,3,0,3
450019504,9,5,14
450019505,1,0,1
450019506,1,1,2
450030201,0,2,2
450030202,2,1,3
450030203,16,31,47
450030204,2,0,2
450030205,4,1,5
450030206,0,3,3
450030207,6,6,12
450030208,19,9,28
450030209,1,0,1
450030210,1,0,1
450030211,0,1,1
450030212,18,40,58
450030213,4,6,10
450030214,11,10,21
450030215,3,10,13
450030216,3,2,5
450030220,1,3,4
450039705,0,2,2
450059702,5,0,5
450059704,4,0,4
450070002,45,24,69
450070003,18,21,39
450070004,13,30,43
450070007,1,0,1
450070009,3,4,7
450070010,1,0,1
450070011,9,23,32
450070037,0,1,1
450070101,14,6,20
450070102,4,0,4
450070104,4,1,5
450070105,1,4,5
450070106,2,2,4
450070107,3,0,3
450070108,2,4,6
450070109,2,2,4
450070110,0,8,8
450070111,2,1,3
450070112,29,48,77
450070113,0,1,1
450070114,3,1,4
450070115,4,2,6
450070117,1,0,1
450070119,1,1,2
450070120,4,0,4
450099601,2,0,2
450099602,7,2,9
450099604,0,2,2
450119701,1,0,1
450119702,1,1,2
450119703,3,2,5
450119704,3,3,6
450119705,0,1,1
450130001,0,1,1
450130005,13,6,19
450130006,1,2,3
450130007,32,35,67
450130008,2,3,5
450130009,19,19,38
450130010,1,0,1
450130011,6,9,15
450130012,2,2,4
450130013,49,78,127
450130014,1,8,9
450130015,5,5,10
450130016,10,43,53
450130017,2,3,5
450130018,0,1,1
450130019,7,14,21
450130020,5,14,19
450130021,9,14,23
450130022,10,16,26
450139502,10,8,18
450150108,0,1,1
450150202,2,0,2
450150203,2,0,2
450150204,11,8,19
450150205,7,2,9
450150206,3,0,3
450150207,16,15,31
450150208,4,3,7
450150209,0,4,4
450150210,1,0,1
450170106,0,1,1
450170208,1,0,1
450179502,3,2,5
450190001,14,45,59
450190002,9,19,28
450190003,2,5,7
450190004,7,25,32
450190005,22,30,52
450190006,155,507,662
450190007,3,7,10
450190008,0,6,6
450190009,1,6,7
450190010,2,1,3
450190011,0,1,1
450190016,1,0,1
450190017,4,6,10
450190019,38,26,64
450190020,68,134,202
450190021,23,32,55
450190022,3,7,10
450190023,0,1,1
450190024,0,1,1
450190025,4,7,11
450190026,91,137,228
450190027,8,17,25
450190028,37,30,67
450190029,7,15,22
450190030,17,24,41
450190031,44,109,153
450190032,3,4,7
450190033,2,3,5
450190037,5,3,8
450190039,9,0,9
450190040,0,5,5
450190041,7,6,13
450190044,5,8,13
450190046,138,278,416
450190047,7,27,34
450190048,12,14,26
450190049,15,32,47
450190050,6,2,8
450190108,0,1,1
450190209,1,2,3
450219701,0,1,1
450219702,8,2,10
450219703,12,15,27
450219704,1,0,1
450219705,5,1,6
450219706,5,1,6
450219707,1,0,1
450230201,0,1,1
450230202,2,0,2
450230203,1,5,6
450230204,1,0,1
450230206,8,5,13
450230207,3,0,3
450230210,2,0,2
450230306,1,0,1
450259501,2,0,2
450259503,1,0,1
450259504,5,0,5
450259505,7,5,12
450259506,7,2,9
450279601,1,0,1
450279605,5,6,11
450279607,7,3,10
450279608,2,2,4
450290001,0,1,1
450299702,0,1,1
450299703,1,0,1
450299704,10,6,16
450299705,13,6,19
450299706,1,5,6
450299707,1,0,1
450299708,2,2,4
450310101,13,2,15
450310102,1,0,1
450310103,1,3,4
450310104,10,6,16
450310105,4,5,9
450310106,13,5,18
450310109,1,1,2
450310110,1,0,1
450310111,5,1,6
450310113,1,0,1
450310115,1,0,1
450310116,1,0,1
450339702,1,0,1
450339703,6,4,10
450339704,8,2,10
450339705,1,0,1
450339706,1,0,1
450350102,3,1,4
450350105,7,3,10
450350106,3,5,8
450350107,10,7,17
450350108,33,19,52
450370205,0,1,1
450379702,5,1,6
450379703,4,0,4
450379704,1,1,2
450379705,4,0,4
450399602,1,1,2
450399603,1,0,1
450399604,6,1,7
450399704,0,1,1
450410001,10,12,22
450410002,8,23,31
450410004,4,9,13
450410005,3,0,3
450410006,18,20,38
450410007,37,43,80
450410009,1,1,2
450410010,12,27,39
450410011,13,33,46
450410012,16,36,52
450410013,4,4,8
450410014,9,19,28
450410015,2,5,7
450410016,2,2,4
450410017,1,1,2
450410018,3,0,3
450410019,2,0,2
450410022,9,5,14
450410024,1,0,1
450410026,0,1,1
450410109,0,1,1
450430516,0,1,1
450439802,2,1,3
450439803,10,22,32
450439805,29,50,79
450439806,11,4,15
450439807,0,1,1
450450001,0,1,1
450450002,2,3,5
450450003,5,8,13
450450004,2,4,6
450450005,4,6,10
450450006,1,1,2
450450007,2,4,6
450450010,1,1,2
450450011,11,3,14
450450012,5,3,8
450450013,2,3,5
450450014,16,22,38
450450015,35,46,81
450450016,3,1,4
450450017,0,2,2
450450018,96,71,167
450450019,19,34,53
450450020,1,0,1
450450021,82,262,344
450450023,1,3,4
450450024,1,4,5
450450025,37,13,50
450450026,25,36,61
450450027,9,3,12
450450028,58,95,153
450450029,19,7,26
450450030,36,26,62
450450031,2,2,4
450450032,0,1,1
450450033,4,2,6
450450034,0,1,1
450450036,1,0,1
450450037,3,3,6
450450038,7,3,10
450450039,9,5,14
450450040,1,2,3
450450041,1,1,2
450450114,1,0,1
450479501,1,0,1
450479701,2,1,3
450479702,14,14,28
450479703,11,13,24
450479704,56,48,104
450479705,0,20,20
450479706,2,2,4
450479707,3,1,4
450479708,14,12,26
450490001,0,1,1
450499802,4,3,7
450499804,1,0,1
450499805,1,0,1
450510101,2,0,2
450510202,6,4,10
450510203,2,5,7
450510301,2,1,3
450510401,6,7,13
450510402,0,1,1
450510403,11,4,15
450510404,3,2,5
450510405,11,14,25
450510501,2,13,15
450510502,1,2,3
450510503,25,73,98
450510504,5,9,14
450510505,6,15,21
450510506,2,5,7
450510507,2,5,7
450510510,0,1,1
450510511,2,3,5
450510512,2,3,5
450510513,1,3,4
450510514,16,9,25
450510516,0,3,3
450510601,0,3,3
450510602,1,3,4
450510603,2,1,3
450510604,20,20,40
450510701,0,3,3
450510702,2,1,3
450510703,12,12,24
450510704,3,0,3
450510705,0,2,2
450510706,0,2,2
450510707,0,1,1
450510801,2,0,2
450519805,1,2,3
450539502,2,3,5
450539503,1,1,2
450559702,0,1,1
450559704,1,1,2
450559705,8,4,12
450559706,6,7,13
450559708,18,13,31
450559709,7,3,10
450570102,2,2,4
450570105,4,1,5
450570107,5,8,13
450570108,5,7,12
450570109,14,8,22
450570110,0,1,1
450570111,1,3,4
450570112,0,1,1
450599801,4,2,6
450599802,1,0,1
450599803,0,2,2
450599804,10,1,11
450599805,0,3,3
450599806,18,15,33
450599807,1,0,1
450599808,7,0,7
450599809,0,1,1
450599810,2,0,2
450610005,1,0,1
450619802,4,0,4
450630103,1,3,4
450630104,1,0,1
450630202,3,2,5
450630203,2,0,2
450630205,41,65,106
450630206,9,3,12
450630207,1,3,4
450630208,2,1,3
450630209,1,0,1
450630210,43,46,89
450630211,32,60,92
450630212,11,13,24
450630213,1,3,4
450630214,7,0,7
450659802,5,0,5
450659803,1,1,2
450679501,0,1,1
450679502,15,7,22
450679503,0,2,2
450679504,1,0,1
450679505,12,2,14
450679506,1,2,3
450699602,0,1,1
450699603,12,14,26
450699604,0,1,1
450719501,1,0,1
450719502,16,7,23
450719504,1,0,1
450719505,0,2,2
450719506,10,1,11
450730302,7,13,20
450730303,1,3,4
450730304,4,1,5
450730305,0,2,2
450730306,14,33,47
450730307,8,9,17
450730308,13,2,15
450730309,3,2,5
450730310,1,2,3
450730311,0,1,1
450750102,4,0,4
450750103,2,2,4
450750104,2,0,2
450750105,1,0,1
450750107,0,1,1
450750108,1,0,1
450750109,18,16,34
450750110,7,17,24
450750111,10,25,35
450750113,1,3,4
450750114,17,16,33
450750116,2,1,3
450750117,2,0,2
450750119,0,1,1
450750120,0,1,1
450770101,0,3,3
450770102,1,0,1
450770103,1,0,1
450770104,6,5,11
450770105,0,1,1
450770106,5,6,11
450770107,6,0,6
450770108,29,22,51
450770109,13,6,19
450770110,5,1,6
450770111,0,1,1
450770112,17,18,35
450790002,6,2,8
450790003,2,1,3
450790005,64,154,218
450790006,0,3,3
450790007,4,3,7
450790008,0,15,15
450790009,1,4,5
450790010,2,1,3
450790011,33,68,101
450790012,6,9,15
450790014,7,60,67
450790015,44,62,106
450790016,10,69,79
450790018,3,5,8
450790019,5,8,13
450790020,4,6,10
450790021,7,3,10
450790022,4,2,6
450790023,7,25,32
450790024,9,12,21
450790025,10,13,23
450790026,10,5,15
450790027,4,7,11
450790028,0,1,1
450790101,11,16,27
450790102,0,4,4
450790103,23,35,58
450790104,19,14,33
450790105,1,0,1
450790106,12,36,48
450790107,2,12,14
450790108,7,4,11
450790111,7,13,20
450790112,20,17,37
450790113,31,35,66
450790114,101,149,250
450790115,9,14,23
450790116,47,76,123
450790118,2,0,2
450790119,0,4,4
450790120,0,1,1
450790211,0,1,1
450810214,1,0,1
450819602,5,1,6
450819604,1,0,1
450830202,6,5,11
450830203,55,104,159
450830206,11,1,12
450830207,4,1,5
450830209,3,8,11
450830211,3,2,5
450830212,24,16,40
450830213,23,42,65
450830214,30,46,76
450830215,3,2,5
450830216,0,15,15
450830218,1,1,2
450830219,9,19,28
450830220,11,8,19
450830221,10,9,19
450830222,2,1,3
450830223,1,1,2
450830224,5,2,7
450830225,2,1,3
450830226,5,1,6
450830227,2,3,5
450830228,3,0,3
450830229,3,0,3
450830231,2,0,2
450830232,1,1,2
450830234,12,5,17
450830236,5,4,9
450830237,1,0,1
450830238,4,10,14
450830239,1,0,1
450839701,1,0,1
450850002,1,1,2
450850003,2,3,5
450850004,0,2,2
450850009,11,22,33
450850010,24,18,42
450850013,6,18,24
450850017,16,16,32
450850018,2,4,6
450850019,3,1,4
450870239,0,1,1
450870301,3,1,4
450870302,4,3,7
450870303,11,5,16
450870304,3,1,4
450870305,1,0,1
450870306,1,0,1
450870309,1,0,1
450899705,8,1,9
450899706,2,2,4
450899708,1,0,1
450899801,2,0,2
450910601,2,3,5
450910607,20,25,45
450910608,9,7,16
450910609,42,68,110
450910610,7,13,20
450910611,7,2,9
450910614,8,10,18
450910615,4,1,5
450910616,2,0,2
450910617,5,7,12
450910618,2,1,3
460059569,17,8,25
460059570,1,2,3
460059571,0,2,2
460079931,1,2,3
460099676,1,1,2
460099677,3,0,3
460119588,2,2,4
460119589,18,7,25
460139512,0,4,4
460139513,15,14,29
460139514,2,5,7
460139515,17,24,41
460139516,2,2,4
460139517,2,4,6
460139518,3,1,4
460159732,6,2,8
460159741,1,0,1
460179746,1,0,1
460199976,1,0,1
460199977,6,0,6
460239701,3,0,3
460239702,1,0,1
460239703,6,1,7
460259564,0,1,1
460279656,7,5,12
460279657,3,3,6
460279658,1,0,1
460299541,0,1,1
460299543,10,16,26
460299544,18,4,22
460299545,5,13,18
460319861,1,0,1
460330116,4,0,4
460339951,1,0,1
460339952,5,1,6
460359626,0,1,1
460359627,11,16,27
460359628,5,7,12
460359629,7,2,9
460379526,0,1,1
460379528,4,0,4
460399536,3,0,3
460419881,2,1,3
460439696,2,0,2
460459821,0,3,3
460459822,1,0,1
460479942,16,13,29
460519531,3,3,6
460539711,5,0,5
460559901,3,1,4
460599757,2,0,2
460659777,6,1,7
460659778,13,4,17
460659779,5,1,6
460679651,5,0,5
460679686,1,0,1
460679687,7,2,9
460679688,0,1,1
460719911,1,0,1
460739741,3,0,3
460779582,4,0,4
460799602,5,3,8
460799603,1,0,1
460810204,0,1,1
460819961,5,2,7
460819962,21,11,32
460819963,5,0,5
460819964,1,0,1
460819965,1,0,1
460830101,15,34,49
460830102,6,1,7
460830104,0,1,1
460859726,1,0,1
460879646,1,0,1
460879647,1,0,1
460879686,1,0,1
460899831,2,1,3
460919507,2,0,2
460930201,0,3,3
460930202,3,3,6
460930203,14,12,26
460930204,8,0,8
460990001,0,1,1
460990002,4,2,6
460990003,0,1,1
460990004,6,2,8
460990005,40,78,118
460990006,2,1,3
460990007,8,42,50
460990008,0,1,1
460990010,3,2,5
460990011,26,27,53
460990012,20,15,35
460990013,52,100,152
460990015,8,38,46
460990016,20,7,27
460990017,0,10,10
460990018,17,15,32
460990019,12,34,46
460990101,9,2,11
460990102,0,1,1
460990104,10,10,20
461019589,0,1,1
461019596,1,0,1
461019597,3,1,4
461030101,0,1,1
461030102,5,6,11
461030103,1,0,1
461030104,13,0,13
461030105,15,35,50
461030107,0,2,2
461030108,14,27,41
461030109,33,78,111
461030110,16,32,48
461030111,6,6,12
461030112,2,3,5
461030113,4,7,11
461030116,1,0,1
461030117,6,6,12
461039951,0,1,1
461079801,2,0,2
461079851,0,1,1
461099501,1,0,1
461099502,6,3,9
461119622,0,1,1
461139936,6,1,7
461139937,2,0,2
461159519,0,1,1
461159562,1,0,1
461159563,5,1,6
461179891,1,0,1
461219927,7,4,11
461239717,5,2,7
461259651,1,2,3
461259652,3,0,3
461270201,0,1,1
461270203,7,16,23
461299851,1,0,1
461299852,4,1,5
461359661,1,3,4
461359662,3,4,7
461359663,36,45,81
461359664,1,3,4
470010201,2,2,4
470010202,19,44,63
470010203,3,1,4
470010204,26,71,97
470010206,1,4,5
470010208,2,1,3
470010209,5,1,6
470010211,0,1,1
470010212,12,4,16
470010213,1,3,4
470030407,0,1,1
470039502,1,0,1
470039504,12,7,19
470039505,5,2,7
470039506,1,0,1
470039508,1,0,1
470059633,6,2,8
470059634,1,3,4
470079531,3,3,6
470090101,2,0,2
470090102,10,4,14
470090103,5,7,12
470090104,1,1,2
470090105,4,10,14
470090106,5,5,10
470090107,13,21,34
470090109,1,2,3
470090110,9,22,31
470090111,15,26,41
470090112,3,2,5
470090113,1,3,4
470090114,3,2,5
470090115,5,5,10
470090116,8,9,17
470110101,22,12,34
470110102,6,3,9
470110103,1,0,1
470110105,3,1,4
470110106,20,42,62
470110107,2,0,2
470110111,1,0,1
470110112,9,13,22
470110113,4,0,4
470110114,2,6,8
470110115,1,2,3
470110116,0,1,1
470139502,9,6,15
470139504,1,1,2
470139505,1,1,2
470139506,4,0,4
470139507,5,5,10
470139508,1,0,1
470139511,1,1,2
470159601,0,1,1
470159602,5,2,7
470170016,0,1,1
470179620,4,0,4
470179621,6,4,10
470179622,10,1,11
470179623,1,0,1
470190611,0,1,1
470190701,2,2,4
470190702,13,12,25
470190703,2,0,2
470190705,1,0,1
470190707,0,1,1
470190708,2,0,2
470190709,3,1,4
470190710,1,3,4
470190711,2,0,2
470190712,1,0,1
470190713,0,1,1
470190717,1,2,3
470210101,1,0,1
470210701,1,1,2
470210702,3,1,4
470210703,4,0,4
470210704,1,4,5
470239701,1,0,1
470239702,3,0,3
470259701,3,1,4
470259703,1,2,3
470259705,1,0,1
470259706,3,1,4
470259707,2,1,3
470259708,2,1,3
470259709,6,1,7
470279550,3,0,3
470279551,1,0,1
470299801,0,2,2
470299802,3,0,3
470299803,1,0,1
470299805,2,0,2
470299806,10,3,13
470299807,1,0,1
470319701,1,0,1
470319704,4,1,5
470319705,9,5,14
470319706,2,2,4
470319708,15,21,36
470319709,0,1,1
470319710,17,19,36
470319901,1,0,1
470339611,3,0,3
470339613,1,0,1
470339614,1,1,2
470359701,6,9,15
470359703,1,3,4
470359704,20,13,33
470359705,7,12,19
470359706,8,17,25
470359707,3,2,5
470370101,7,10,17
470370102,3,4,7
470370103,19,13,32
470370104,9,5,14
470370105,2,6,8
470370106,7,12,19
470370107,7,8,15
470370108,8,20,28
470370109,1,2,3
470370110,7,15,22
470370111,2,0,2
470370112,1,1,2
470370114,0,1,1
470370115,2,0,2
470370116,1,0,1
470370119,2,3,5
470370120,0,1,1
470370121,1,0,1
470370122,2,0,2
470370125,0,1,1
470370126,0,1,1
470370127,9,7,16
470370128,5,8,13
470370129,1,1,2
470370131,2,1,3
470370132,3,3,6
470370133,1,0,1
470370134,16,12,28
470370135,2,0,2
470370136,0,1,1
470370137,5,3,8
470370138,0,1,1
470370140,1,1,2
470370141,0,1,1
470370142,19,21,40
470370143,2,0,2
470370144,80,145,225
470370145,31,53,84
470370146,6,6,12
470370147,3,4,7
470370150,2,1,3
470370151,12,33,45
470370152,1,2,3
470370153,2,2,4
470370154,9,15,24
470370155,9,4,13
470370156,74,80,154
470370157,1,6,7
470370158,5,6,11
470370159,1,1,2
470370162,1,0,1
470370163,1,1,2
470370164,41,142,183
470370165,70,302,372
470370166,18,60,78
470370167,63,149,212
470370168,40,66,106
470370169,18,30,48
470370170,0,1,1
470370171,0,3,3
470370172,0,1,1
470370174,4,5,9
470370175,1,1,2
470370177,22,28,50
470370178,32,45,77
470370179,57,119,176
470370180,43,89,132
470370181,23,60,83
470370182,45,70,115
470370183,9,16,25
470370184,76,131,207
470370185,28,86,114
470370186,22,94,116
470370187,9,51,60
470370188,22,28,50
470370189,6,8,14
470370190,29,32,61
470370191,29,41,70
470370502,4,2,6
470370503,4,0,4
470370505,0,1,1
470399550,2,3,5
470399551,2,0,2
470410010,0,1,1
470419801,1,0,1
470419802,12,2,14
470419803,2,0,2
470430601,1,0,1
470430602,1,0,1
470430604,3,5,8
470430605,21,15,36
470430606,3,0,3
470430607,1,1,2
470459640,4,1,5
470459641,3,3,6
470459642,14,16,30
470459643,14,12,26
470459644,0,1,1
470459646,1,0,1
470459647,0,1,1
470470215,1,0,1
470470602,2,1,3
470470604,3,3,6
470470605,4,1,5
470470606,0,1,1
470470607,0,2,2
470499651,7,2,9
470499652,3,0,3
470499653,1,0,1
470519601,1,1,2
470519602,5,8,13
470519603,1,1,2
470519604,6,8,14
470519605,7,4,11
470519606,1,2,3
470519607,8,4,12
470519608,1,1,2
470539659,0,1,1
470539660,2,0,2
470539662,1,0,1
470539665,8,1,9
470539667,8,3,11
470539669,3,1,4
470539670,8,2,10
470539671,4,1,5
470539672,1,0,1
470559752,0,1,1
470559801,1,1,2
470559802,2,0,2
470559803,13,4,17
470559804,0,1,1
470559807,1,0,1
470559808,3,1,4
470575002,0,1,1
470575003,3,0,3
470590902,6,1,7
470590903,7,13,20
470590904,21,19,40
470590905,14,10,24
470590906,1,0,1
470590907,1,0,1
470590908,0,2,2
470590909,1,2,3
470590910,0,2,2
470590911,0,1,1
470590912,1,0,1
470590914,1,0,1
470590915,1,0,1
470619550,3,0,3
470619552,2,0,2
470619553,4,1,5
470630702,1,1,2
470631001,1,1,2
470631002,5,11,16
470631003,11,10,21
470631004,21,24,45
470631005,6,7,13
470631007,1,0,1
470631009,3,8,11
470631011,2,2,4
470631012,7,6,13
470650001,1,1,2
470650004,40,153,193
470650005,1,2,3
470650006,5,8,13
470650007,14,15,29
470650008,1,1,2
470650009,1,1,2
470650010,1,6,7
470650011,3,2,5
470650012,47,127,174
470650013,4,18,22
470650015,0,1,1
470650016,0,1,1
470650018,4,0,4
470650021,1,0,1
470650024,2,2,4
470650025,2,3,5
470650028,6,6,12
470650029,2,3,5
470650030,5,3,8
470650031,0,5,5
470650032,5,3,8
470650033,4,6,10
470650034,1,5,6
470650101,8,4,12
470650102,2,0,2
470650103,5,2,7
470650104,66,65,131
470650105,13,19,32
470650106,2,3,5
470650107,9,4,13
470650108,1,1,2
470650109,25,24,49
470650110,13,33,46
470650111,19,27,46
470650112,16,22,38
470650113,59,66,125
470650114,62,67,129
470650115,0,1,1
470650116,13,8,21
470650117,5,7,12
470650118,3,1,4
470650120,4,16,20
470650121,0,4,4
470650602,1,0,1
470679602,4,0,4
470699502,1,0,1
470699503,1,2,3
470699504,5,2,7
470699506,2,0,2
470719802,0,1,1
470719803,9,1,10
470719804,0,2,2
470719805,6,2,8
470719806,1,0,1
470719807,1,0,1
470730501,2,1,3
470730502,1,1,2
470730503,15,6,21
470730504,1,0,1
470730505,7,1,8
470730506,7,8,15
470730507,1,1,2
470759802,0,1,1
470759803,13,3,16
470759804,0,1,1
470759805,1,0,1
470779750,0,1,1
470779753,7,1,8
470779754,1,1,2
470779755,1,1,2
470799690,0,2,2
470799691,0,1,1
470799693,1,0,1
470799694,6,5,11
470799695,12,11,23
470799696,1,2,3
470810101,0,1,1
470819503,8,1,9
470831202,3,1,4
470851303,10,3,13
470851305,2,0,2
470879603,5,0,5
470890701,3,2,5
470890702,2,0,2
470890703,10,3,13
470890704,2,0,2
470890706,1,0,1
470890707,2,2,4
470890708,3,2,5
470890709,1,0,1
470919560,2,0,2
470919561,1,0,1
470919563,7,1,8
470919564,2,1,3
470930001,5,20,25
470930002,1,0,1
470930003,3,4,7
470930004,2,0,2
470930007,3,1,4
470930008,13,42,55
470930009,7,1,8
470930010,41,89,130
470930011,0,2,2
470930012,2,1,3
470930013,1,0,1
470930015,18,67,85
470930016,1,1,2
470930017,1,2,3
470930018,0,1,1
470930019,2,0,2
470930022,0,2,2
470930023,2,5,7
470930024,0,1,1
470930025,18,24,42
470930026,3,12,15
470930027,1,0,1
470930028,0,1,1
470930030,6,6,12
470930031,4,0,4
470930032,2,1,3
470930033,6,4,10
470930034,12,22,34
470930035,44,145,189
470930036,1,3,4
470930037,10,10,20
470930038,18,63,81
470930039,5,5,10
470930040,1,0,1
470930041,4,2,6
470930042,4,6,10
470930043,0,1,1
470930044,33,58,91
470930045,12,31,43
470930046,48,107,155
470930047,1,1,2
470930048,4,0,4
470930049,7,1,8
470930050,10,3,13
470930051,7,1,8
470930052,5,4,9
470930053,6,4,10
470930054,1,0,1
470930055,3,0,3
470930056,19,11,30
470930057,85,144,229
470930058,75,84,159
470930059,12,19,31
470930060,5,0,5
470930061,9,0,9
470930062,17,10,27
470930063,1,0,1
470930064,1,0,1
470959601,1,0,1
470959602,1,0,1
470970502,1,0,1
470970505,2,5,7
470999603,1,0,1
470999604,7,8,15
470999605,14,4,18
470999607,1,0,1
471019701,0,1,1
471019702,7,2,9
471039753,8,3,11
471039754,11,3,14
471039756,1,0,1
471050116,0,1,1
471050601,1,5,6
471050602,4,0,4
471050603,11,4,15
471050604,3,3,6
471050605,10,11,21
471050606,2,1,3
471050607,0,1,1
471059851,0,1,1
471079701,2,2,4
471079702,8,6,14
471079703,1,1,2
471079704,21,13,34
471079706,8,4,12
471079708,0,4,4
471099802,1,0,1
471099901,2,0,2
471099905,10,1,11
471099906,0,1,1
471119701,1,0,1
471119702,1,0,1
471119703,5,1,6
471130001,1,3,4
471130002,6,5,11
471130003,75,87,162
471130004,4,2,6
471130006,1,4,5
471130009,1,1,2
471130012,5,11,16
471130013,3,1,4
471130015,3,2,5
471130016,63,120,183
471130019,1,0,1
471139610,0,1,1
471150121,0,4,4
471150501,3,1,4
471150502,9,6,15
471150503,7,3,10
471179550,1,1,2
471179552,3,1,4
471179553,8,3,11
471179554,2,0,2
471179555,1,1,2
471190102,3,3,6
471190103,2,3,5
471190104,3,1,4
471190106,7,13,20
471190107,8,22,30
471190108,19,33,52
471190109,0,1,1
471190110,4,1,5
471190111,17,20,37
471190112,0,1,1
471199504,0,1,1
471219701,2,2,4
471239850,2,0,2
471239851,3,3,6
471239852,5,2,7
471239853,3,0,3
471239854,5,2,7
471239855,1,2,3
471251001,4,1,5
471251003,3,2,5
471251005,22,24,46
471251006,24,32,56
471251007,4,2,6
471251008,1,2,3
471251010,2,1,3
471251011,2,2,4
471251012,1,1,2
471251013,5,11,16
471251015,2,1,3
471251016,0,5,5
471251017,4,0,4
471251018,16,33,49
471251019,13,13,26
471251020,8,6,14
471279902,1,0,1
471290210,1,0,1
471290304,0,2,2
471290309,1,0,1
471291102,1,0,1
471291103,2,1,3
471319650,2,2,4
471319652,0,1,1
471319654,1,3,4
471319655,8,7,15
471319656,1,0,1
471319657,11,8,19
471339501,0,1,1
471339502,0,1,1
471339503,13,5,18
471339505,1,0,1
471351304,1,0,1
471359901,1,0,1
471359902,3,0,3
471379851,1,1,2
471399502,2,0,2
471399504,10,1,11
471399855,0,1,1
471410001,2,2,4
471410002,3,5,8
471410003,1,1,2
471410004,3,7,10
471410005,2,6,8
471410006,9,16,25
471410007,0,1,1
471410008,26,45,71
471410009,2,2,4
471410012,7,4,11
471410013,1,2,3
471419603,0,1,1
471439750,3,1,4
471439752,2,1,3
471439753,1,0,1
471439754,3,0,3
471450301,4,10,14
471450302,7,4,11
471450304,3,4,7
471450306,6,0,6
471450307,1,3,4
471450308,8,3,11
471450309,3,0,3
471470204,1,0,1
471470801,3,0,3
471470803,3,2,5
471470804,17,12,29
471470805,0,4,4
471470806,4,0,4
471470807,2,2,4
471490401,5,0,5
471490402,1,1,2
471490403,3,3,6
471490404,1,1,2
471490405,3,1,4
471490406,1,0,1
471490407,0,4,4
471490408,3,4,7
471490409,4,8,12
471490410,1,1,2
471490411,8,14,22
471490412,3,7,10
471490413,13,34,47
471490414,12,18,30
471490415,1,0,1
471490416,49,46,95
471490417,1,3,4
471490418,1,19,20
471490420,3,4,7
471490421,2,2,4
471519750,2,0,2
471519751,11,7,18
471519752,1,0,1
471530110,0,1,1
471530601,5,1,6
471550707,0,1,1
471550801,1,4,5
471550802,6,2,8
471550803,10,3,13
471550804,1,0,1
471550805,8,4,12
471550806,2,1,3
471550807,1,0,1
471550808,9,13,22
471550809,0,2,2
471550810,3,0,3
471550811,7,3,10
471570001,66,85,151
471570002,2,1,3
471570005,1,3,4
471570007,7,6,13
471570008,1,0,1
471570012,0,1,1
471570013,3,1,4
471570015,2,0,2
471570016,10,17,27
471570017,6,4,10
471570018,0,1,1
471570022,2,5,7
471570023,6,33,39
471570024,1,1,2
471570025,4,3,7
471570026,14,22,36
471570027,0,1,1
471570028,4,0,4
471570029,13,40,53
471570030,11,14,25
471570031,16,33,49
471570032,15,11,26
471570033,10,12,22
471570034,17,20,37
471570035,12,28,40
471570036,23,88,111
471570037,31,24,55
471570038,82,232,314
471570039,49,85,134
471570040,1,1,2
471570041,2,1,3
471570042,6,18,24
471570043,12,16,28
471570046,1,0,1
471570047,0,1,1
471570049,4,0,4
471570052,0,1,1
471570056,3,0,3
471570057,2,0,2
471570062,0,1,1
471570063,1,1,2
471570064,2,0,2
471570065,3,0,3
471570066,3,1,4
471570067,0,2,2
471570070,1,1,2
471570071,15,19,34
471570072,12,21,33
471570073,5,5,10
471570074,1,6,7
471570077,1,0,1
471570078,1,1,2
471570079,1,2,3
471570080,0,2,2
471570081,1,0,1
471570083,3,7,10
471570085,25,52,77
471570086,18,27,45
471570087,1,4,5
471570092,18,27,45
471570093,8,10,18
471570094,3,6,9
471570095,13,28,41
471570096,37,79,116
471570097,1,1,2
471570098,1,0,1
471570099,3,0,3
471570100,1,0,1
471570101,1,1,2
471570102,0,1,1
471570104,2,2,4
471570106,8,5,13
471570107,3,5,8
471570108,6,0,6
471570109,1,1,2
471570201,2,1,3
471570202,3,4,7
471570203,4,1,5
471570204,2,1,3
471570205,26,25,51
471570206,57,45,102
471570207,1,1,2
471570208,16,33,49
471570209,1,1,2
471570210,3,18,21
471570211,128,162,290
471570212,1,8,9
471570213,246,521,767
471570214,49,64,113
471570215,21,21,42
471570216,6,3,9
471570217,37,28,65
471570220,6,4,10
471570221,30,15,45
471570223,1,0,1
471570224,3,0,3
471599751,9,3,12
471599752,2,1,3
471611105,3,1,4
471630401,0,2,2
471630402,13,8,21
471630403,0,3,3
471630404,1,0,1
471630405,1,5,6
471630406,34,51,85
471630407,17,37,54
471630408,1,2,3
471630409,5,7,12
471630410,6,4,10
471630411,7,2,9
471630412,6,7,13
471630413,3,0,3
471630414,3,13,16
471630415,6,9,15
471630416,1,1,2
471630418,0,2,2
471630419,2,1,3
471630420,3,18,21
471630421,34,37,71
471630422,2,3,5
471630423,2,3,5
471630424,17,20,37
471630425,25,2,27
471630426,2,2,4
471630427,28,49,77
471630428,4,10,14
471630429,8,6,14
471630430,1,0,1
471630432,4,3,7
471630433,6,4,10
471630434,6,13,19
471630435,3,2,5
471630436,6,7,13
471630506,0,1,1
471650201,3,0,3
471650202,7,1,8
471650203,5,1,6
471650204,0,1,1
471650205,2,6,8
471650206,1,2,3
471650207,18,11,29
471650208,1,2,3
471650209,3,0,3
471650210,22,22,44
471650211,21,19,40
471650212,17,28,45
471670402,0,1,1
471670403,9,4,13
471670404,2,0,2
471670405,2,0,2
471670406,6,9,15
471670407,8,3,11
471690901,1,1,2
471690902,3,0,3
471710801,0,1,1
471710802,1,1,2
471710803,3,1,4
471710804,6,2,8
471730209,0,1,1
471730402,1,2,3
471735002,1,0,1
471759852,1,0,1
471779901,0,1,1
471779902,1,0,1
471779904,4,5,9
471779905,10,5,15
471779906,6,4,10
471779907,0,2,2
471779908,0,2,2
471790412,0,1,1
471790436,2,0,2
471790601,6,15,21
471790602,4,16,20
471790603,36,75,111
471790604,37,53,90
471790605,33,19,52
471790606,34,53,87
471790607,5,1,6
471790608,7,30,37
471790609,12,9,21
471790610,6,1,7
471790611,35,32,67
471790612,4,3,7
471790613,25,37,62
471790614,36,32,68
471790615,4,7,11
471790616,7,11,18
471790617,18,17,35
471790618,5,8,13
471790619,3,2,5
471790707,0,1,1
471790708,0,1,1
471819502,6,2,8
471819504,1,0,1
471819801,1,0,1
471839681,15,4,19
471839682,3,10,13
471839684,3,0,3
471839686,2,0,2
471859953,7,7,14
471859954,8,0,8
471859955,0,1,1
471870101,0,1,1
471870102,0,1,1
471870184,0,6,6
471870186,1,0,1
471870187,4,6,10
471870188,6,14,20
471870501,5,8,13
471870502,43,78,121
471870503,48,90,138
471870504,37,79,116
471870505,1,3,4
471870506,4,4,8
471870507,7,15,22
471870508,11,3,14
471870509,18,42,60
471870510,26,17,43
471870512,0,5,5
471890154,0,2,2
471890301,4,4,8
471890302,5,15,20
471890303,15,14,29
471890304,11,14,25
471890305,1,4,5
471890306,2,1,3
471890307,9,6,15
471890308,0,1,1
471890309,2,5,7
471890310,0,2,2
471890405,0,1,1
480019501,4,0,4
480019505,5,10,15
480019506,5,0,5
480019507,15,15,30
480019508,8,4,12
480019509,6,7,13
480019510,1,0,1
480039501,2,1,3
480039502,5,4,9
480050001,0,2,2
480050002,2,0,2
480050003,0,2,2
480050004,32,33,65
480050008,4,3,7
480050009,28,42,70
480050010,1,1,2
480050012,0,1,1
480079501,7,4,11
480079502,4,6,10
480079503,10,7,17
480079504,1,1,2
480079505,3,3,6
480090201,0,2,2
480090203,1,0,1
480139601,0,2,2
480139602,4,0,4
480139604,13,8,21
480139606,1,1,2
480151602,0,1,1
480151603,3,1,4
480151604,1,1,2
480151605,7,5,12
480179501,3,2,5
480199801,2,1,3
480199802,1,4,5
480199803,0,4,4
480219502,3,1,4
480219503,0,1,1
480219504,12,3,15
480219506,1,1,2
480219507,3,1,4
480219508,1,0,1
480239502,3,0,3
480259501,0,1,1
480259502,2,0,2
480259504,9,2,11
480259505,6,7,13
480270201,2,2,4
480270202,12,31,43
480270203,2,5,7
480270204,2,0,2
480270205,5,4,9
480270206,13,11,24
480270207,9,8,17
480270208,2,2,4
480270209,3,14,17
480270210,70,209,279
480270211,21,16,37
480270212,39,53,92
480270213,79,131,210
480270214,4,5,9
480270215,2,2,4
480270216,8,9,17
480270217,18,13,31
480270218,0,1,1
480270219,45,46,91
480270220,1,3,4
480270221,4,2,6
480270222,2,0,2
480270223,1,2,3
480270224,13,9,22
480270225,7,6,13
480270226,8,2,10
480270229,0,2,2
480270230,1,5,6
480270231,11,15,26
480270232,5,11,16
480270233,1,2,3
480270234,16,15,31
480279503,1,0,1
480291101,65,140,205
480291102,0,1,1
480291103,4,1,5
480291104,4,2,6
480291106,2,5,7
480291107,0,1,1
480291108,21,32,53
480291109,0,1,1
480291201,31,100,131
480291202,3,9,12
480291203,35,78,113
480291204,22,40,62
480291205,4,9,13
480291206,8,18,26
480291207,30,65,95
480291208,23,37,60
480291209,51,108,159
480291210,5,6,11
480291211,66,121,187
480291212,66,210,276
480291213,9,15,24
480291214,3,1,4
480291215,15,33,48
480291216,12,9,21
480291217,9,14,23
480291218,10,23,33
480291219,21,40,61
480291301,4,3,7
480291302,0,1,1
480291304,1,0,1
480291305,0,1,1
480291306,1,0,1
480291307,0,2,2
480291308,1,1,2
480291310,1,3,4
480291311,1,0,1
480291313,0,1,1
480291314,0,1,1
480291315,1,1,2
480291316,6,11,17
480291317,3,1,4
480291318,1,2,3
480291404,1,2,3
480291405,2,0,2
480291406,1,0,1
480291407,4,0,4
480291408,1,0,1
480291409,1,0,1
480291411,3,2,5
480291412,5,0,5
480291413,13,13,26
480291414,1,0,1
480291415,2,14,16
480291416,0,1,1
480291417,0,1,1
480291419,1,0,1
480291502,0,4,4
480291504,1,0,1
480291505,1,3,4
480291506,1,0,1
480291507,3,0,3
480291508,2,1,3
480291509,3,0,3
480291510,3,1,4
480291511,4,0,4
480291512,10,9,19
480291513,6,2,8
480291514,1,2,3
480291515,4,0,4
480291516,0,1,1
480291517,1,0,1
480291518,2,3,5
480291605,5,0,5
480291606,2,1,3
480291607,5,0,5
480291609,1,0,1
480291613,1,1,2
480291614,25,103,128
480291615,1,0,1
480291616,1,0,1
480291617,1,2,3
480291618,1,0,1
480291620,2,0,2
480291702,6,4,10
480291704,1,1,2
480291705,2,2,4
480291706,1,0,1
480291707,2,0,2
480291708,1,0,1
480291709,2,0,2
480291710,1,0,1
480291711,1,0,1
480291713,1,2,3
480291714,1,1,2
480291717,4,2,6
480291718,0,3,3
480291719,31,34,65
480291720,24,54,78
480291801,8,3,11
480291802,5,7,12
480291803,0,1,1
480291804,0,1,1
480291805,2,2,4
480291806,9,15,24
480291807,66,100,166
480291809,1,3,4
480291810,51,117,168
480291811,19,30,49
480291812,16,23,39
480291813,33,45,78
480291814,176,435,611
480291815,60,93,153
480291816,5,6,11
480291817,81,139,220
480291818,132,197,329
480291819,13,44,57
480291820,5,19,24
480291821,19,52,71
480291901,1,2,3
480291902,9,20,29
480291903,0,1,1
480291904,25,52,77
480291905,12,6,18
480291906,1,0,1
480291907,2,3,5
480291908,10,25,35
480291909,7,8,15
480291910,1,4,5
480291911,22,38,60
480291912,13,18,31
480291913,5,25,30
480291914,125,264,389
480291915,68,179,247
480291916,1,1,2
480291917,24,78,102
480291918,74,178,252
480292107,0,5,5
480292108,1,0,1
480319501,1,0,1
480319502,3,4,7
480359503,2,0,2
480359507,9,4,13
480359508,1,0,1
480370101,15,19,34
480370102,8,13,21
480370103,0,1,1
480370104,1,0,1
480370107,4,18,22
480370108,12,32,44
480370109,38,68,106
480370110,6,0,6
480370111,1,1,2
480370112,5,13,18
480370113,1,0,1
480370114,1,3,4
480370115,8,3,11
480370116,4,1,5
480370117,0,1,1
480390371,2,0,2
480390601,16,10,26
480390602,134,196,330
480390603,5,0,5
480390604,5,3,8
480390605,6,1,7
480390606,0,1,1
480390607,1,2,3
480390608,0,1,1
480390609,7,3,10
480390610,5,4,9
480390611,0,1,1
480390612,3,3,6
480390613,0,2,2
480390614,0,1,1
480390617,3,0,3
480390618,0,1,1
480390619,1,0,1
480390620,1,2,3
480390621,3,0,3
480390624,0,1,1
480390625,34,46,80
480390626,0,1,1
480390628,2,2,4
480410001,2,5,7
480410002,11,14,25
480410006,0,1,1
480410007,1,2,3
480410008,3,5,8
480410010,7,0,7
480410011,43,47,90
480410013,30,18,48
480410014,1,1,2
480410016,17,10,27
480410017,2,1,3
480410018,28,34,62
480410019,12,21,33
480410020,19,27,46
480411801,0,1,1
480412005,9,14,23
480439501,0,1,1
480439503,9,6,15
480439504,0,1,1
480479502,3,0,3
480499503,2,0,2
480499504,4,4,8
480499505,1,1,2
480499507,4,4,8
480499508,3,1,4
480499509,3,10,13
480499510,3,0,3
480499511,13,15,28
480519703,6,1,7
480519704,0,1,1
480530017,0,1,1
480539504,0,1,1
480539601,1,1,2
480539603,8,2,10
480539605,2,3,5
480539606,3,4,7
480539607,9,3,12
480539608,3,2,5
480539704,4,4,8
480552105,3,4,7
480559602,3,0,3
480559603,3,2,5
480559604,4,0,4
480559607,7,0,7
480579901,15,1,16
480579902,2,0,2
480579904,1,1,2
480579905,0,1,1
480590301,1,1,2
480590302,1,1,2
480610101,0,2,2
480610102,9,0,9
480610103,1,0,1
480610104,6,12,18
480610106,3,5,8
480610107,10,5,15
480610108,0,1,1
480610109,2,6,8
480610112,1,2,3
480610113,68,81,149
480610114,4,2,6
480610115,6,2,8
480610116,2,0,2
480610117,3,1,4
480610118,6,5,11
480610119,3,2,5
480610120,2,8,10
480610122,1,0,1
480610123,9,12,21
480610124,3,2,5
480610125,10,14,24
480610126,22,15,37
480610129,5,6,11
480610130,21,23,44
480610131,13,9,22
480610133,2,3,5
480610134,5,0,5
480610135,11,24,35
480610136,5,6,11
480610137,1,2,3
480610138,0,1,1
480610139,3,1,4
480610140,2,2,4
480639502,3,2,5
480679501,0,1,1
480679504,9,1,10
480679506,2,1,3
480679507,1,1,2
480699502,5,2,7
480710113,2,0,2
480710116,1,0,1
480711101,1,2,3
480711104,2,1,3
480730019,1,0,1
480730021,2,0,2
480739502,0,1,1
480739503,0,1,1
480739504,1,1,2
480739506,15,11,26
480739507,8,7,15
480739509,7,19,26
480759502,8,1,9
480770302,4,1,5
480770303,0,1,1
480799501,2,2,4
480819501,0,1,1
480839502,1,0,1
480839503,7,1,8
480839505,1,0,1
480850018,1,0,1
480850136,0,1,1
480850203,1,0,1
480850216,1,3,4
480850302,1,0,1
480850303,2,0,2
480850304,5,6,11
480850305,12,26,38
480850306,10,14,24
480850307,11,11,22
480850308,4,4,8
480850309,7,8,15
480850310,0,1,1
480850311,1,0,1
480850313,18,16,34
480850314,14,18,32
480850315,33,13,46
480850316,238,349,587
480850317,48,111,159
480850318,38,60,98
480850319,6,7,13
480850320,24,15,39
480879502,1,1,2
480891501,5,0,5
480891503,4,1,5
480891504,0,1,1
480891505,7,10,17
480891604,0,3,3
480899707,0,1,1
480912106,0,1,1
480913101,2,9,11
480913102,8,15,23
480913103,14,12,26
480913104,1,2,3
480913105,8,7,15
480913106,6,6,12
480913107,10,7,17
480913108,4,14,18
480913109,9,10,19
480919704,0,2,2
480939501,4,2,6
480939502,2,0,2
480939503,4,0,4
480939504,0,2,2
480939505,0,1,1
480959501,2,2,4
480959502,0,1,1
480970019,1,0,1
480979506,0,1,1
480979902,4,0,4
480979903,1,1,2
480979904,0,1,1
480979905,9,3,12
480979906,0,2,2
480979907,0,3,3
480979908,2,0,2
480979909,1,1,2
480990101,2,0,2
480990102,3,1,4
480990103,8,2,10
480990104,4,1,5
480990106,1,4,5
480990107,2,1,3
480990108,3,5,8
480999503,1,0,1
481019501,1,0,1
481039501,1,3,4
481059501,1,1,2
481079501,4,0,4
481099501,1,0,1
481119501,1,0,1
481130001,24,23,47
481130002,17,25,42
481130003,23,20,43
481130004,77,298,375
481130005,11,43,54
481130006,83,105,188
481130007,31,80,111
481130008,16,18,34
481130009,2,2,4
481130010,7,6,13
481130011,11,7,18
481130012,10,8,18
481130013,0,5,5
481130014,0,19,19
481130015,6,5,11
481130016,12,12,24
481130017,16,26,42
481130018,24,48,72
481130019,18,19,37
481130020,4,11,15
481130022,87,246,333
481130024,1,1,2
481130027,0,1,1
481130031,8,11,19
481130032,3,5,8
481130033,2,1,3
481130034,0,1,1
481130035,2,1,3
481130036,3,1,4
481130042,24,74,98
481130043,1,1,2
481130044,7,22,29
481130045,3,0,3
481130046,5,2,7
481130047,13,2,15
481130048,1,0,1
481130050,9,12,21
481130051,0,1,1
481130052,2,0,2
481130053,1,2,3
481130054,1,0,1
481130056,0,1,1
481130059,0,1,1
481130061,7,3,10
481130062,2,0,2
481130063,6,2,8
481130067,1,0,1
481130068,3,0,3
481130069,3,1,4
481130071,17,46,63
481130072,1,0,1
481130073,41,72,113
481130074,5,16,21
481130075,2,10,12
481130076,24,105,129
481130077,15,29,44
481130078,173,369,542
481130079,49,102,151
481130080,21,55,76
481130081,32,41,73
481130082,18,13,31
481130085,0,2,2
481130087,5,40,45
481130088,0,2,2
481130090,3,4,7
481130092,1,0,1
481130094,13,19,32
481130095,7,9,16
481130096,53,77,130
481130097,6,11,17
481130098,7,4,11
481130099,3,5,8
481130100,63,188,251
481130101,3,0,3
481130107,0,1,1
481130108,9,15,24
481130109,3,3,6
481130110,6,3,9
481130111,4,4,8
481130113,2,0,2
481130117,7,1,8
481130118,3,1,4
481130119,0,1,1
481130122,9,8,17
481130123,3,6,9
481130124,3,2,5
481130126,4,4,8
481130127,0,2,2
481130128,5,3,8
481130129,2,15,17
481130130,26,25,51
481130131,24,50,74
481130132,80,218,298
481130133,5,25,30
481130134,9,8,17
481130135,3,20,23
481130136,78,227,305
481130137,29,48,77
481130138,34,53,87
481130139,2,2,4
481130140,4,4,8
481130141,156,218,374
481130142,21,29,50
481130143,49,80,129
481130144,10,14,24
481130145,33,37,70
481130146,2,0,2
481130147,1,4,5
481130149,3,1,4
481130150,4,4,8
481130151,1,1,2
481130152,7,4,11
481130153,0,4,4
481130154,4,4,8
481130155,7,1,8
481130156,0,1,1
481130159,0,1,1
481130160,0,1,1
481130161,2,2,4
481130162,4,1,5
481130163,0,3,3
481130164,18,12,30
481130165,46,54,100
481130166,86,89,175
481130167,2,0,2
481130168,9,8,17
481130169,2,0,2
481130170,7,0,7
481130171,0,1,1
481130173,8,6,14
481130174,2,0,2
481130175,3,1,4
481130176,4,1,5
481130177,15,24,39
481130178,31,24,55
481130179,8,0,8
481130180,2,1,3
481130181,56,36,92
481130182,1,1,2
481130183,1,2,3
481130184,6,3,9
481130185,5,4,9
481130186,0,5,5
481130188,1,4,5
481130189,22,23,45
481130190,90,70,160
481130191,1,2,3
481130192,49,73,122
481130193,19,62,81
481130194,8,31,39
481130195,39,92,131
481130196,7,15,22
481130197,5,21,26
481130198,9,43,52
481130199,1,0,1
481130313,4,1,5
481130317,4,8,12
481130320,1,2,3
481159504,5,2,7
481159505,3,1,4
481179503,1,2,3
481179504,3,3,6
481179505,3,2,5
481210201,3,3,6
481210202,6,2,8
481210203,11,13,24
481210204,16,28,44
481210206,7,4,11
481210207,8,19,27
481210209,0,1,1
481210211,5,0,5
481210212,6,4,10
481210213,21,15,36
481210214,1,4,5
481210215,26,31,57
481210216,96,97,193
481210217,73,67,140
481210316,3,5,8
481210317,2,4,6
481239702,1,0,1
481239703,13,0,13
481239705,1,0,1
481259502,1,0,1
481279502,5,3,8
481279503,0,1,1
481299501,2,0,2
481319502,1,0,1
481319503,1,0,1
481339501,1,0,1
481339502,7,0,7
481339503,1,0,1
481339504,1,1,2
481339505,1,0,1
481350004,3,3,6
481350005,2,0,2
481350010,2,1,3
481350012,31,8,39
481350013,3,0,3
481350014,16,27,43
481350015,10,4,14
481350016,5,3,8
481350017,5,7,12
481350018,1,0,1
481350020,1,0,1
481350023,6,8,14
481350024,4,4,8
481350025,17,17,34
481350028,1,1,2
481350029,8,15,23
481350030,3,5,8
481350101,1,0,1
481379502,1,1,2
481390601,3,1,4
481390602,11,10,21
481390603,0,6,6
481390604,0,1,1
481390605,15,4,19
481390606,8,5,13
481390607,5,0,5
481390608,2,0,2
481390610,1,0,1
481390614,6,0,6
481390615,8,2,10
481390617,1,0,1
481410001,14,4,18
481410002,0,5,5
481410003,0,2,2
481410004,17,23,40
481410006,1,0,1
481410007,9,29,38
481410008,1,6,7
481410009,1,7,8
481410010,1,3,4
481410011,106,196,302
481410012,12,28,40
481410013,28,49,77
481410014,0,5,5
481410015,40,102,142
481410016,7,16,23
481410017,0,4,4
481410018,0,1,1
481410019,3,1,4
481410022,45,128,173
481410023,4,2,6
481410024,1,3,4
481410025,4,3,7
481410027,2,5,7
481410028,1,0,1
481410029,0,2,2
481410030,39,44,83
481410031,5,3,8
481410032,0,1,1
481410033,1,2,3
481410034,11,30,41
481410035,1,3,4
481410036,2,2,4
481410038,3,1,4
481410039,3,2,5
481410040,1,3,4
481410041,6,0,6
481410042,4,8,12
481410043,50,60,110
481410101,3,10,13
481410102,43,69,112
481410103,23,16,39
481410104,1,0,1
481410105,1,1,2
481439501,0,1,1
481439502,3,1,4
481439503,5,2,7
481439504,1,0,1
481439505,13,8,21
481439506,2,4,6
481459902,0,2,2
481459903,8,6,14
481459904,4,4,8
481459905,0,1,1
481459907,1,0,1
481479501,1,0,1
481479502,0,1,1
481479503,0,1,1
481479504,17,13,30
481479603,1,0,1
481499507,2,2,4
481499702,1,3,4
481499703,9,6,15
481499704,0,1,1
481499705,1,1,2
481499706,6,0,6
481519502,2,1,3
481539501,4,0,4
481539503,3,0,3
481570449,4,2,6
481570701,55,65,120
481570702,192,273,465
481570703,53,37,90
481570704,3,3,6
481570705,19,11,30
481570706,2,2,4
481570707,26,27,53
481570709,1,4,5
481570710,0,1,1
481570713,1,0,1
481570714,1,0,1
481599501,1,1,2
481599502,6,3,9
481619802,5,0,5
481619803,1,0,1
481619804,1,0,1
481619807,2,0,2
481639501,5,0,5
481639502,1,0,1
481639503,4,1,5
481659501,1,0,1
481659503,3,1,4
481670372,3,0,3
481670375,3,0,3
481670606,0,1,1
481671201,14,17,31
481671202,19,25,44
481671203,25,16,41
481671204,15,10,25
481671205,4,10,14
481671206,7,14,21
481671207,24,36,60
481671209,1,0,1
481671210,2,0,2
481671212,6,11,17
481671213,0,1,1
481671214,4,3,7
481671215,2,4,6
481671216,7,4,11
481671217,2,3,5
481671219,1,12,13
481671220,2,5,7
481671221,2,5,7
481671222,5,3,8
481671223,3,0,3
481671224,0,1,1
481671225,1,2,3
481671228,6,5,11
481671229,7,16,23
481671231,59,109,168
481671232,114,181,295
481671233,49,123,172
481671234,9,4,13
481671235,4,11,15
481671236,0,2,2
481671237,5,19,24
481671241,3,2,5
481671242,4,2,6
481671243,1,1,2
481671244,11,11,22
481671245,1,2,3
481671246,0,3,3
481671247,7,14,21
481671248,6,13,19
481671249,1,0,1
481671250,59,95,154
481671251,10,19,29
481671252,12,25,37
481671253,4,12,16
481671254,2,1,3
481719501,0,3,3
481719502,0,1,1
481719503,13,12,25
481719504,3,4,7
481719505,8,7,15
481719601,1,1,2
481719603,0,1,1
481719604,0,2,2
481759602,0,3,3
481779901,1,1,2
481779902,1,1,2
481779903,8,2,10
481779904,1,0,1
481779905,2,1,3
481779906,1,0,1
481799502,7,3,10
481799503,7,6,13
481799504,1,2,3
481799506,1,4,5
481810001,2,0,2
481810002,6,5,11
481810003,6,2,8
481810004,0,1,1
481810005,15,28,43
481810006,0,2,2
481810007,1,1,2
481810008,3,9,12
481810009,25,28,53
481810011,4,12,16
481810012,9,9,18
481810013,18,33,51
481810014,0,3,3
481810015,0,2,2
481810016,0,3,3
481810017,2,7,9
481810018,1,2,3
481810019,1,2,3
481830001,0,2,2
481830002,0,2,2
481830003,21,36,57
481830004,9,10,19
481830005,7,23,30
481830006,6,20,26
481830007,6,1,7
481830010,18,28,46
481830011,3,16,19
481830013,5,0,5
481830015,5,7,12
481830101,4,14,18
481830102,5,0,5
481830103,1,0,1
481830105,1,1,2
481830106,9,3,12
481830107,3,0,3
481830206,0,1,1
481839506,2,0,2
481851801,0,3,3
481851802,5,1,6
481851803,0,1,1
481872101,3,1,4
481872102,4,0,4
481872103,4,1,5
481872104,17,10,27
481872105,4,6,10
481872106,0,3,3
481872107,7,16,23
481872108,3,2,5
481872109,3,0,3
481873104,0,1,1
481899501,3,5,8
481899503,21,13,34
481899504,1,1,2
481899505,1,1,2
481899506,1,2,3
481899507,4,0,4
481899509,1,0,1
481919502,2,1,3
481939501,1,0,1
481939502,1,1,2
481939503,4,1,5
481959503,1,0,1
481979501,1,1,2
481979502,3,1,4
481990302,6,5,11
481990303,0,1,1
481990304,3,0,3
481990305,4,3,7
481990308,6,2,8
482010121,36,94,130
482010203,2,0,2
482010205,3,0,3
482010207,2,0,2
482010208,10,10,20
482010210,0,2,2
482010211,2,1,3
482010212,4,0,4
482010213,6,7,13
482010214,2,0,2
482010215,3,0,3
482010216,0,1,1
482010219,2,1,3
482010221,1,0,1
482010222,2,1,3
482010223,1,0,1
482010225,2,1,3
482010226,1,0,1
482010228,8,1,9
482010229,1,0,1
482010230,10,4,14
482010231,8,10,18
482010232,0,5,5
482010235,0,1,1
482010236,1,0,1
482010237,1,0,1
482010239,1,0,1
482010240,2,2,4
482010241,4,1,5
482010243,19,27,46
482010244,2,4,6
482010245,7,3,10
482010246,3,2,5
482010247,3,6,9
482010248,8,7,15
482010249,59,83,142
482010250,1,0,1
482010251,1,1,2
482010253,6,0,6
482010255,1,0,1
482010259,2,0,2
482010260,2,0,2
482010261,4,2,6
482010263,3,2,5
482010265,1,0,1
482010266,2,3,5
482010267,55,46,101
482010269,11,7,18
482010270,3,3,6
482010272,0,1,1
482010273,1,0,1
482010274,1,2,3
482010300,28,33,61
482010301,1,1,2
482010302,3,0,3
482010303,0,1,1
482010305,1,3,4
482010306,2,3,5
482010307,9,7,16
482010308,3,5,8
482010309,7,0,7
482010310,4,1,5
482010311,2,0,2
482010312,1,0,1
482010313,5,1,6
482010314,1,1,2
482010315,13,21,34
482010316,342,1466,1808
482010317,15,58,73
482010319,4,0,4
482010321,1,1,2
482010322,2,5,7
482010323,0,2,2
482010324,10,8,18
482010325,0,1,1
482010326,3,2,5
482010328,2,2,4
482010329,1,0,1
482010330,47,72,119
482010331,322,426,748
482010332,9,5,14
482010333,2,0,2
482010334,1,3,4
482010335,3,0,3
482010339,1,1,2
482010340,1,1,2
482010343,0,1,1
482010345,3,3,6
482010347,4,1,5
482010348,3,1,4
482010349,6,4,10
482010350,1,0,1
482010351,2,3,5
482010355,3,2,5
482010356,12,8,20
482010357,4,10,14
482010359,57,74,131
482010360,10,5,15
482010361,4,0,4
482010364,0,1,1
482010365,5,3,8
482010366,2,5,7
482010368,14,17,31
482010369,10,20,30
482010370,93,150,243
482010371,31,25,56
482010372,3,8,11
482010373,90,119,209
482010374,16,35,51
482010375,1,4,5
482010400,9,10,19
482010401,15,26,41
482010402,23,50,73
482010403,12,42,54
482010404,33,50,83
482010405,20,66,86
482010406,15,75,90
482010407,69,140,209
482010408,23,47,70
482010409,28,69,97
482010410,33,108,141
482010411,11,26,37
482010412,107,269,376
482010413,109,284,393
482010414,62,142,204
482010415,45,60,105
482010416,47,100,147
482010417,57,142,199
482010418,30,78,108
482010419,64,95,159
482010420,36,92,128
482010421,11,45,56
482010422,63,83,146
482010423,22,45,67
482010424,28,16,44
482010425,104,146,250
482010426,7,4,11
482010427,21,15,36
482010428,20,24,44
482010429,21,45,66
482010430,3,10,13
482010431,8,7,15
482010432,3,4,7
482010433,44,54,98
482010434,13,16,29
482010435,10,14,24
482010436,28,23,51
482010437,14,29,43
482010438,96,99,195
482010439,43,51,94
482010440,61,129,190
482010441,9,18,27
482010442,6,7,13
482010443,24,58,82
482010444,9,13,22
482010445,63,156,219
482010446,24,43,67
482010447,11,12,23
482010449,33,24,57
482010450,2,2,4
482010451,9,2,11
482010452,9,7,16
482010501,1,0,1
482010502,1,0,1
482010503,2,2,4
482010505,5,2,7
482010506,6,7,13
482010507,4,6,10
482010508,1,0,1
482010509,4,1,5
482010511,14,13,27
482010512,2,9,11
482010513,0,4,4
482010514,2,1,3
482010515,11,23,34
482010516,2,2,4
482010517,9,6,15
482010518,23,38,61
482010519,9,7,16
482010520,3,3,6
482010522,2,2,4
482010523,22,14,36
482010524,2,0,2
482010525,7,4,11
482010526,4,5,9
482010527,2,1,3
482010528,1,2,3
482010529,3,3,6
482010530,14,8,22
482010531,9,6,15
482010532,1,2,3
482010533,4,7,11
482010534,3,0,3
482010536,83,134,217
482010537,16,28,44
482010538,30,34,64
482010539,2,0,2
482010540,4,4,8
482010541,46,47,93
482010542,27,14,41
482010543,5,5,10
482010544,19,6,25
482010545,15,30,45
482010550,1,0,1
482010551,25,17,42
482010552,5,3,8
482010553,14,24,38
482010554,1,1,2
482010555,29,27,56
482010556,16,19,35
482010558,15,7,22
482010559,7,4,11
482010703,1,0,1
482010901,0,1,1
482011202,0,1,1
482011203,1,1,2
482030201,2,5,7
482030202,0,1,1
482030203,8,7,15
482030204,14,10,24
482030205,5,5,10
482030206,0,5,5
482059502,6,2,8
482079503,4,1,5
482090017,1,0,1
482090101,1,2,3
482090102,4,9,13
482090103,6,0,6
482090104,18,21,39
482090106,7,8,15
482090107,6,4,10
482090108,14,19,33
482090109,5,9,14
482119502,4,1,5
482130513,0,1,1
482139501,5,1,6
482139503,2,2,4
482139504,2,1,3
482139506,2,0,2
482139508,1,1,2
482139509,1,1,2
482139510,1,0,1
482139511,0,1,1
482139512,0,3,3
482139513,30,15,45
482139514,1,0,1
482150202,11,7,18
482150203,27,14,41
482150204,13,12,25
482150205,1,4,5
482150206,1,0,1
482150207,9,0,9
482150208,31,26,57
482150209,24,29,53
482150210,5,27,32
482150211,15,10,25
482150212,70,94,164
482150213,2,3,5
482150214,16,4,20
482150217,2,0,2
482150218,0,1,1
482150220,5,0,5
482150221,2,1,3
482150222,1,0,1
482150223,8,5,13
482150224,5,3,8
482150226,0,1,1
482150227,29,18,47
482150228,0,4,4
482150229,1,0,1
482150230,1,4,5
482150235,41,21,62
482150236,2,2,4
482150238,5,2,7
482150239,27,21,48
482150240,0,1,1
482150241,4,1,5
482150242,1,0,1
482179601,2,0,2
482179605,6,5,11
482179608,12,5,17
482179611,0,1,1
482179613,1,1,2
482199502,0,1,1
482199503,1,0,1
482199504,1,0,1
482199505,8,2,10
482211601,6,3,9
482211602,14,18,32
482211603,4,5,9
482239503,3,3,6
482239504,16,6,22
482239505,2,4,6
482239506,0,1,1
482259501,1,2,3
482259503,8,4,12
482259504,0,1,1
482259505,2,0,2
482279504,15,20,35
482279505,7,9,16
482279506,1,2,3
482279507,1,0,1
482279508,6,4,10
482279509,7,9,16
482319602,1,0,1
482319604,1,0,1
482319605,0,1,1
482319606,5,1,6
482319607,2,1,3
482319608,0,1,1
482319609,5,5,10
482319610,10,6,16
482319611,10,2,12
482319612,3,2,5
482319613,5,7,12
482339507,2,0,2
482339508,9,5,14
482339509,2,1,3
482339510,3,1,4
482379503,4,2,6
482399501,2,0,2
482399502,3,1,4
482399503,1,0,1
482419502,9,2,11
482419503,14,2,16
482419504,4,2,6
482419505,1,0,1
482419506,1,2,3
482419508,2,0,2
482439501,2,1,3
482450001,1,7,8
482450002,2,2,4
482450003,51,82,133
482450004,10,37,47
482450005,0,3,3
482450010,2,0,2
482450011,36,65,101
482450012,5,9,14
482450013,21,32,53
482450014,27,29,56
482450016,2,4,6
482450021,3,3,6
482450023,1,1,2
482450052,3,5,8
482450055,1,1,2
482450056,0,1,1
482450062,2,0,2
482450064,16,9,25
482450065,3,1,4
482450067,1,0,1
482450068,11,20,31
482450069,2,0,2
482450070,16,11,27
482450071,0,1,1
482450102,1,4,5
482450103,4,2,6
482450105,9,6,15
482450106,1,2,3
482450107,3,0,3
482450108,3,3,6
482450109,15,11,26
482450110,12,10,22
482450111,9,10,19
482450112,2,7,9
482450114,4,4,8
482450115,1,1,2
482479501,1,0,1
482479502,1,0,1
482479503,1,0,1
482499502,2,0,2
482499503,6,10,16
482499504,15,7,22
482499506,1,3,4
482499507,1,0,1
482511110,1,0,1
482511112,0,1,1
482511301,2,1,3
482511302,20,7,27
482511303,30,9,39
482511304,5,8,13
482511305,1,1,2
482511306,4,3,7
482511308,0,2,2
482511310,4,1,5
482511311,3,11,14
482530201,0,2,2
482530202,1,2,3
482530203,3,0,3
482530204,3,0,3
482530205,1,0,1
482559702,2,0,2
482559703,3,0,3
482570502,3,4,7
482570503,9,6,15
482570504,4,3,7
482570505,1,1,2
482570507,2,0,2
482570508,1,1,2
482570509,4,4,8
482570510,3,0,3
482570512,2,0,2
482570513,1,1,2
482579506,2,2,4
482591821,0,1,1
482599503,0,1,1
482599505,9,7,16
482599701,4,4,8
482599703,10,5,15
482599704,5,18,23
482599705,10,16,26
482659601,4,10,14
482659602,6,11,17
482659603,4,7,11
482659604,15,34,49
482659605,11,7,18
482659606,14,24,38
482659607,12,16,28
482659608,1,7,8
482679502,3,1,4
482719501,1,0,1
482730201,1,2,3
482730203,1,2,3
482730204,7,1,8
482730205,10,4,14
482759501,2,1,3
482770001,1,2,3
482770003,3,0,3
482770004,12,24,36
482770005,6,27,33
482770007,0,1,1
482770008,1,1,2
482770009,13,12,25
482770010,7,16,23
482799505,4,1,5
482799506,4,0,4
482819503,1,0,1
482819504,8,5,13
482859701,5,3,8
482859706,0,1,1
482859801,2,0,2
482859802,5,1,6
482859804,5,1,6
482859806,1,0,1
482879801,1,0,1
482879804,3,0,3
482899501,4,1,5
482899502,2,0,2
482910908,1,0,1
482911001,0,1,1
482911002,12,10,22
482911005,1,1,2
482911009,1,3,4
482911010,6,1,7
482911011,1,0,1
482911012,5,1,6
482939703,2,2,4
482939704,1,0,1
482939705,1,0,1
482939706,3,1,4
482939707,4,3,7
482979501,1,0,1
482979503,2,0,2
482999605,1,0,1
482999701,1,1,2
482999702,9,3,12
482999703,1,1,2
482999704,2,3,5
482999705,3,1,4
483030001,0,2,2
483030002,2,1,3
483030003,7,5,12
483030004,60,67,127
483030005,41,103,144
483030006,3,5,8
483030007,5,6,11
483030013,0,2,2
483030014,1,1,2
483030015,7,14,21
483030016,62,198,260
483030017,42,39,81
483030018,20,19,39
483030019,23,26,49
483030020,4,4,8
483030021,8,26,34
483030022,0,8,8
483030023,7,6,13
483030024,1,1,2
483030025,1,0,1
483030101,2,2,4
483030103,3,2,5
483030104,27,34,61
483030105,51,61,112
483030106,2,0,2
483059502,3,1,4
483079503,3,2,5
483079504,3,0,3
483090001,0,2,2
483090002,1,0,1
483090003,1,1,2
483090004,1,1,2
483090005,0,1,1
483090006,1,1,2
483090007,4,0,4
483090008,0,1,1
483090009,28,45,73
483090010,9,0,9
483090011,1,0,1
483090013,2,1,3
483090015,1,2,3
483090016,5,0,5
483090020,2,1,3
483090021,2,0,2
483090022,3,11,14
483090023,2,2,4
483090024,6,4,10
483090025,48,90,138
483090026,6,20,26
483090027,3,16,19
483090028,8,18,26
483090029,3,2,5
483090030,14,7,21
483090031,2,0,2
483090034,1,1,2
483090035,1,0,1
483090036,1,0,1
483090037,34,22,56
483090038,6,8,14
483090039,10,17,27
483090040,5,6,11
483090041,3,1,4
483090042,5,3,8
483139802,2,0,2
483139804,3,4,7
483159504,4,3,7
483170101,3,1,4
483199501,2,0,2
483210618,1,0,1
483210619,2,2,4
483211301,0,2,2
483211302,15,7,22
483211303,4,2,6
483211305,0,1,1
483211306,2,0,2
483239502,2,1,3
483239503,4,3,7
483239504,1,0,1
483239505,18,8,26
483239506,4,2,6
483259901,5,4,9
483259903,2,1,3
483259905,3,3,6
483279501,1,0,1
483290001,0,1,1
483290002,3,11,14
483290003,17,24,41
483290004,2,2,4
483290005,16,38,54
483290006,3,2,5
483290009,3,2,5
483290011,11,14,25
483290015,1,0,1
483290101,45,49,94
483319504,3,1,4
483319507,2,4,6
483339501,1,2,3
483339502,2,0,2
483359501,1,0,1
483359502,3,1,4
483379503,4,0,4
483379504,1,0,1
483379505,6,2,8
483379506,1,0,1
483390901,15,17,32
483390902,135,155,290
483390903,5,3,8
483390904,1,1,2
483390905,4,4,8
483390906,55,68,123
483390907,8,4,12
483390908,3,1,4
483390910,7,1,8
483390911,4,1,5
483390912,13,17,30
483391902,1,0,1
483419503,11,8,19
483419504,2,0,2
483439501,3,1,4
483459501,1,0,1
483479501,1,0,1
483479502,0,1,1
483479503,2,6,8
483479504,7,7,14
483479505,32,47,79
483479506,3,0,3
483479507,1,1,2
483479509,1,2,3
483479510,9,19,28
483479511,0,1,1
483499702,1,3,4
483499703,12,11,23
483499705,5,1,6
483499706,0,1,1
483499708,6,18,24
483499710,0,1,1
483499804,1,0,1
483519501,1,1,2
483519502,2,0,2
483539502,0,2,2
483539504,8,2,10
483550001,0,1,1
483550003,3,6,9
483550006,2,1,3
483550010,28,15,43
483550012,34,121,155
483550013,6,14,20
483550014,5,15,20
483550017,1,0,1
483550018,2,0,2
483550019,3,2,5
483550020,0,2,2
483550021,69,70,139
483550022,3,2,5
483550023,4,5,9
483550024,4,8,12
483550025,20,33,53
483550026,6,6,12
483550027,35,38,73
483550029,2,2,4
483550030,7,6,13
483550031,3,8,11
483550032,32,26,58
483550033,42,48,90
483550034,4,16,20
483550036,14,8,22
483550037,2,0,2
483550050,1,2,3
483550051,18,30,48
483550054,68,60,128
483550056,1,0,1
483550058,5,6,11
483550061,1,0,1
483579501,1,0,1
483579503,3,0,3
483579504,0,1,1
483599501,1,0,1
483610202,2,1,3
483610205,1,1,2
483610207,3,2,5
483610208,10,6,16
483610209,4,3,7
483610212,1,1,2
483610213,3,3,6
483610217,1,0,1
483610218,0,1,1
483610220,2,0,2
483610223,4,2,6
483610224,5,1,6
483639802,1,0,1
483639804,11,4,15
483639805,1,1,2
483639807,1,0,1
483639808,2,2,4
483639809,2,4,6
483659501,1,1,2
483659504,8,5,13
483671108,0,1,1
483671142,1,0,1
483671401,4,8,12
483671402,17,4,21
483671403,1,2,3
483671404,5,1,6
483671405,0,2,2
483671406,7,2,9
483671407,16,22,38
483671602,0,1,1
483699502,3,0,3
483719501,3,0,3
483719503,1,0,1
483719504,6,1,7
483732101,5,8,13
483732102,9,7,16
483732103,2,1,3
483732105,3,1,4
483750101,10,2,12
483750102,2,7,9
483750104,10,11,21
483750105,2,1,3
483750106,1,2,3
483750112,0,5,5
483750113,0,3,3
483750114,5,5,10
483750115,6,5,11
483750116,1,7,8
483750117,70,66,136
483750118,3,8,11
483750119,4,1,5
483750120,2,4,6
483750121,1,2,3
483750128,1,0,1
483750131,1,13,14
483750132,9,25,34
483750133,28,61,89
483750136,1,0,1
483750141,1,0,1
483750143,5,8,13
483779501,2,0,2
483779502,0,1,1
483799502,1,0,1
483810101,1,0,1
483810102,2,0,2
483810104,1,7,8
483810201,2,4,6
483810202,3,2,5
483810204,2,4,6
483810206,1,0,1
483810208,1,0,1
483810209,0,1,1
483810210,1,1,2
483810211,8,7,15
483810212,6,0,6
483810213,2,5,7
483810215,2,0,2
483810216,61,88,149
483810217,9,5,14
483810218,10,4,14
483810219,0,1,1
483839501,3,1,4
483859501,2,0,2
483879503,0,1,1
483879505,2,3,5
483879506,1,0,1
483899504,3,1,4
483919502,1,0,1
483950001,1,0,1
483959603,2,0,2
483959605,3,0,3
483970181,0,1,1
483970401,11,9,20
483970402,1,2,3
483970403,13,22,35
483970404,2,2,4
483970405,24,46,70
483990016,0,1,1
483999502,3,3,6
483999504,4,2,6
484010105,1,0,1
484010107,0,1,1
484019501,1,0,1
484019502,0,1,1
484019503,2,0,2
484019504,1,0,1
484019505,1,0,1
484019507,9,7,16
484019509,11,5,16
484019511,0,1,1
484039502,2,0,2
484039503,4,0,4
484059502,3,0,3
484072002,3,0,3
484090102,4,5,9
484090103,4,1,5
484090106,11,10,21
484090107,1,0,1
484090108,2,1,3
484090110,5,0,5
484090113,1,1,2
484119502,1,1,2
484139501,2,0,2
484159501,3,0,3
484159503,7,2,9
484159504,1,0,1
484179501,2,0,2
484199501,0,1,1
484199504,12,1,13
484199506,0,2,2
484219501,1,0,1
484230001,0,1,1
484230002,3,3,6
484230003,1,0,1
484230004,0,1,1
484230005,6,6,12
484230006,0,3,3
484230008,20,19,39
484230009,54,131,185
484230010,8,8,16
484230011,19,57,76
484230012,3,5,8
484230013,2,0,2
484230014,14,12,26
484230015,2,0,2
484230016,1,2,3
484230017,17,34,51
484230018,24,29,53
484230019,27,45,72
484230020,39,59,98
484230021,1,7,8
484259901,3,1,4
484259902,1,0,1
484279501,8,2,10
484279505,2,0,2
484279506,2,1,3
484279507,1,0,1
484299502,3,0,3
484299503,5,0,5
484339502,2,0,2
484359502,3,0,3
484379503,6,0,6
484390164,0,2,2
484391001,2,2,4
484391002,1,0,1
484391003,2,1,3
484391004,1,0,1
484391005,0,1,1
484391006,4,3,7
484391008,2,0,2
484391009,1,1,2
484391013,1,2,3
484391014,2,3,5
484391015,1,1,2
484391018,7,38,45
484391019,2,15,17
484391020,3,6,9
484391021,34,50,84
484391022,21,25,46
484391023,2,1,3
484391024,12,25,37
484391025,0,1,1
484391026,10,12,22
484391027,12,28,40
484391028,47,89,136
484391029,35,149,184
484391030,33,49,82
484391031,2,7,9
484391035,1,0,1
484391036,0,1,1
484391037,1,1,2
484391038,0,1,1
484391039,2,0,2
484391040,28,55,83
484391041,2,6,8
484391042,18,20,38
484391043,10,9,19
484391044,2,7,9
484391045,5,1,6
484391046,2,1,3
484391047,14,16,30
484391048,2,1,3
484391050,7,3,10
484391051,13,19,32
484391052,6,5,11
484391053,10,4,14
484391054,62,120,182
484391055,90,105,195
484391056,3,2,5
484391057,10,4,14
484391059,4,1,5
484391060,3,0,3
484391061,0,2,2
484391062,2,0,2
484391063,1,0,1
484391065,13,25,38
484391067,0,1,1
484391101,3,3,6
484391102,2,0,2
484391103,3,1,4
484391104,6,1,7
484391105,2,1,3
484391106,2,7,9
484391107,1,3,4
484391108,4,8,12
484391109,16,21,37
484391110,18,15,33
484391111,3,0,3
484391112,8,7,15
484391113,18,13,31
484391114,23,15,38
484391115,111,131,242
484391130,22,31,53
484391131,41,56,97
484391132,39,38,77
484391133,5,3,8
484391134,4,9,13
484391135,45,69,114
484391136,104,149,253
484391137,33,42,75
484391138,21,17,38
484391139,57,79,136
484391140,5,1,6
484391141,8,8,16
484391142,12,7,19
484391216,45,124,169
484391217,38,56,94
484391218,0,2,2
484391219,2,0,2
484391220,0,1,1
484391221,1,0,1
484391222,1,1,2
484391223,1,1,2
484391224,3,0,3
484391225,10,3,13
484391226,1,4,5
484391227,1,2,3
484391228,3,0,3
484391229,2,2,4
484391404,0,1,1
484410101,1,2,3
484410102,32,38,70
484410105,0,1,1
484410106,2,0,2
484410107,0,1,1
484410108,2,10,12
484410109,3,1,4
484410110,1,3,4
484410111,2,16,18
484410113,1,2,3
484410114,3,4,7
484410115,1,9,10
484410116,0,3,3
484410118,0,1,1
484410120,8,12,20
484410123,7,10,17
484410125,6,4,10
484410126,6,13,19
484410127,18,39,57
484410128,3,7,10
484410129,3,2,5
484410131,2,0,2
484410133,2,0,2
484410134,19,11,30
484410135,2,8,10
484410136,1,1,2
484459504,8,1,9
484479501,0,1,1
484499503,1,10,11
484499505,4,4,8
484499506,14,8,22
484499507,3,2,5
484499508,2,2,4
484510003,0,1,1
484510005,3,1,4
484510006,25,52,77
484510008,0,1,1
484510010,4,12,16
484510011,2,3,5
484510012,0,1,1
484510013,25,41,66
484510014,1,2,3
484510016,0,1,1
484510017,19,36,55
484511703,2,2,4
484530001,32,65,97
484530002,77,234,311
484530003,19,46,65
484530004,54,66,120
484530005,1,6,7
484530006,3,12,15
484530007,73,37,110
484530008,3,3,6
484530009,7,0,7
484530010,2,0,2
484530011,12,18,30
484530012,4,5,9
484530013,14,8,22
484530014,7,7,14
484530015,13,7,20
484530016,47,77,124
484530017,309,381,690
484530018,72,127,199
484530019,106,218,324
484530020,33,42,75
484530021,10,4,14
484530022,1,5,6
484530023,10,8,18
484530024,17,12,29
484530108,1,0,1
484530203,0,1,1
484530204,3,5,8
484559504,3,0,3
484579502,0,1,1
484579503,10,3,13
484599501,2,0,2
484599504,7,4,11
484599505,1,1,2
484599506,2,0,2
484619501,1,1,2
484639501,0,1,1
484639502,3,0,3
484639503,3,2,5
484639504,5,5,10
484639505,6,4,10
484659502,15,6,21
484659504,4,5,9
484659505,6,4,10
484659506,1,0,1
484659507,4,6,10
484679502,4,2,6
484679503,1,1,2
484679504,0,1,1
484679505,0,1,1
484679506,0,2,2
484679507,4,1,5
484679508,1,1,2
484679509,0,3,3
484690001,3,6,9
484690004,4,4,8
484690005,5,17,22
484690006,35,45,80
484690014,1,4,5
484690015,24,43,67
484690016,23,26,49
484711903,8,8,16
484711904,4,9,13
484711905,2,1,3
484711906,5,6,11
484711907,7,4,11
484730549,0,1,1
484730801,1,0,1
484730802,0,1,1
484730803,5,1,6
484730804,3,1,4
484759502,3,1,4
484771701,10,9,19
484771702,3,0,3
484771703,5,4,9
484771704,2,2,4
484771705,4,3,7
484771706,0,2,2
484771801,1,0,1
484790001,2,1,3
484790002,4,8,12
484790003,2,0,2
484790004,5,0,5
484790006,1,0,1
484790009,13,14,27
484790010,3,5,8
484790011,0,3,3
484790015,1,2,3
484790016,14,21,35
484790017,56,58,114
484811401,1,0,1
484811402,11,11,22
484811404,9,6,15
484811405,1,2,3
484811406,0,1,1
484811408,3,1,4
484811409,6,8,14
484839501,3,0,3
484839503,3,0,3
484850101,15,25,40
484850102,35,28,63
484850106,0,1,1
484850107,2,9,11
484850108,1,0,1
484850109,1,4,5
484850110,2,12,14
484850114,0,1,1
484850115,3,21,24
484850116,0,1,1
484850117,3,1,4
484850118,2,1,3
484850119,19,29,48
484850120,13,17,30
484850121,6,7,13
484850122,4,4,8
484850123,4,2,6
484850124,8,13,21
484850125,3,2,5
484850126,3,3,6
484850127,0,1,1
484850128,12,9,21
484850129,1,0,1
484850131,2,2,4
484850132,3,4,7
484850133,1,2,3
484850134,5,4,9
484850135,7,3,10
484850136,2,1,3
484850137,4,0,4
484850138,1,1,2
484879504,3,4,7
484879505,9,5,14
484879506,1,3,4
484899503,3,0,3
484899504,4,1,5
484910017,0,1,1
484910201,43,49,92
484910202,4,1,5
484910203,17,12,29
484910204,22,11,33
484910205,45,38,83
484910206,10,13,23
484910207,9,5,14
484910208,3,3,6
484910209,0,1,1
484910212,11,5,16
484910213,1,1,2
484910214,21,19,40
484910215,6,2,8
484910216,1,0,1
484931318,1,0,1
484939801,0,1,1
484939802,1,1,2
484939803,5,2,7
484939804,1,3,4
484939805,1,0,1
484959503,5,0,5
484971501,0,1,1
484971502,9,4,13
484971504,0,1,1
484971505,4,3,7
484971506,1,1,2
484999502,8,5,13
484999503,1,0,1
484999505,6,3,9
484999506,0,1,1
484999507,1,0,1
484999508,1,0,1
485019502,4,0,4
485039502,3,1,4
485039504,0,1,1
485039505,7,1,8
485039506,2,0,2
485059501,2,1,3
485079501,1,0,1
485079502,0,1,1
485079503,2,0,2
490019811,3,0,3
490019812,4,0,4
490039601,0,1,1
490039602,1,0,1
490039603,5,0,5
490039605,5,1,6
490039606,4,0,4
490039607,8,6,14
490039608,1,3,4
490050001,2,0,2
490050002,5,1,6
490050003,0,1,1
490050004,5,14,19
490050005,2,2,4
490050006,17,24,41
490050007,10,17,27
490050008,13,11,24
490050009,1,0,1
490050010,1,1,2
490050011,8,18,26
490050012,3,1,4
490050013,0,1,1
490050014,1,1,2
490079712,1,1,2
490079713,2,2,4
490079715,8,9,17
490079716,6,7,13
490111251,7,12,19
490111252,6,4,10
490111253,4,0,4
490111254,2,2,4
490111255,2,0,2
490111257,1,0,1
490111258,45,26,71
490111259,9,6,15
490111260,1,0,1
490111261,16,12,28
490111262,5,14,19
490111263,5,9,14
490111264,9,26,35
490111265,22,44,66
490111266,1,1,2
490111267,10,4,14
490111268,8,12,20
490111269,5,1,6
490111270,2,2,4
490139912,0,1,1
490139913,1,0,1
490139914,11,5,16
490159764,1,0,1
490179833,1,1,2
490199691,4,2,6
490199692,4,2,6
490219821,1,0,1
490219822,5,4,9
490219824,10,10,20
490219825,1,3,4
490239731,5,0,5
490259841,6,2,8
490279741,5,0,5
490279743,3,0,3
490299701,3,3,6
490299702,0,1,1
490351002,8,7,15
490351003,3,5,8
490351005,4,0,4
490351007,4,5,9
490351008,1,7,8
490351009,15,47,62
490351010,39,127,166
490351011,27,32,59
490351012,14,18,32
490351013,6,21,27
490351014,118,404,522
490351015,18,51,69
490351016,16,11,27
490351017,46,73,119
490351018,4,11,15
490351019,14,4,18
490351020,6,0,6
490351021,4,8,12
490351022,6,10,16
490351023,2,4,6
490351025,3,6,9
490351026,0,1,1
490351027,0,1,1
490351028,3,5,8
490351029,0,1,1
490351030,1,2,3
490351031,5,0,5
490351032,3,5,8
490351033,25,21,46
490351034,6,10,16
490351035,8,13,21
490351036,20,27,47
490351037,12,15,27
490351038,7,12,19
490351039,8,15,23
490351040,10,12,22
490351041,8,28,36
490351042,48,101,149
490351043,3,13,16
490351044,9,14,23
490351045,2,3,5
490351046,2,1,3
490351047,7,15,22
490351048,4,3,7
490351049,0,2,2
490351101,38,115,153
490351102,7,5,12
490351103,7,15,22
490351104,8,21,29
490351105,10,11,21
490351106,9,7,16
490351107,7,20,27
490351108,18,11,29
490351109,8,15,23
490351110,22,56,78
490351111,28,36,64
490351112,5,11,16
490351113,30,36,66
490351114,2,2,4
490351115,2,4,6
490351116,1,2,3
490351117,3,5,8
490351118,10,23,33
490351119,38,112,150
490351120,11,9,20
490351121,2,2,4
490351122,3,4,7
490351123,37,79,116
490351124,0,2,2
490351125,13,8,21
490351126,62,107,169
490351127,1,0,1
490351128,34,41,75
490351129,17,4,21
490351130,17,5,22
490351131,16,12,28
490351133,6,6,12
490351134,6,15,21
490351135,30,19,49
490351138,0,1,1
490351139,2,3,5
490379781,0,1,1
490379782,5,0,5
490379784,1,0,1
490399721,3,1,4
490399723,8,2,10
490399724,3,1,4
490399725,2,1,3
490419753,4,1,5
490419754,5,5,10
490439941,2,0,2
490439942,1,0,1
490439943,39,63,102
490439944,8,14,22
490451307,7,0,7
490451308,0,2,2
490451310,3,0,3
490451311,2,3,5
490451312,2,3,5
490479882,12,1,13
490479883,2,4,6
490479884,2,2,4
490490001,1,2,3
490490002,8,6,14
490490004,0,2,2
490490005,9,4,13
490490006,6,6,12
490490007,10,12,22
490490008,14,4,18
490490009,3,12,15
490490010,8,2,10
490490011,4,6,10
490490012,4,3,7
490490013,0,1,1
490490014,13,22,35
490490015,23,46,69
490490016,7,2,9
490490017,13,8,21
490490018,4,3,7
490490019,36,40,76
490490020,11,22,33
490490021,5,4,9
490490023,0,1,1
490490024,4,9,13
490490026,1,1,2
490490027,0,1,1
490490029,1,0,1
490490030,4,0,4
490490031,5,16,21
490490032,6,0,6
490490033,10,0,10
490490034,7,8,15
490490102,35,26,61
490490103,3,3,6
490490104,9,15,24
490490105,0,1,1
490519921,1,3,4
490519922,2,1,3
490519923,1,2,3
490519924,6,4,10
490539841,1,0,1
490539851,1,0,1
490539852,2,0,2
490539854,6,8,14
490539855,2,6,8
490539856,2,0,2
490539857,6,12,18
490539858,22,10,32
490539859,11,30,41
490539860,17,32,49
490559831,1,0,1
490572002,2,1,3
490572003,4,5,9
490572005,2,1,3
490572007,1,0,1
490572008,1,1,2
490572009,0,1,1
490572011,0,2,2
490572013,1,1,2
490572014,6,10,16
490572015,10,10,20
490572016,34,52,86
490572018,0,1,1
490572020,37,55,92
490572101,4,13,17
490572102,8,2,10
490572103,2,4,6
490572104,0,2,2
490572105,0,2,2
490572107,7,3,10
490572108,0,1,1
490572109,17,10,27
490572111,16,36,52
490572112,14,21,35
500019601,1,2,3
500019602,3,1,4
500019603,4,0,4
500019604,3,6,9
500019605,6,1,7
500019606,0,2,2
500019607,10,6,16
500019608,20,21,41
500019609,4,6,10
500019610,2,1,3
500039701,0,1,1
500039702,3,2,5
500039704,9,10,19
500039705,1,1,2
500039706,2,1,3
500039707,1,0,1
500039708,5,7,12
500039709,0,1,1
500039710,6,4,10
500039711,12,33,45
500039712,11,16,27
500039713,0,1,1
500059570,1,1,2
500059571,1,1,2
500059572,0,1,1
500059573,2,2,4
500059574,8,2,10
500059575,11,11,22
500059576,6,1,7
500059577,4,0,4
500059578,1,2,3
500059579,1,2,3
500059590,1,0,1
500070001,3,2,5
500070002,13,17,30
500070003,14,33,47
500070004,9,3,12
500070005,8,15,23
500070006,16,25,41
500070007,119,169,288
500070008,22,94,116
500070009,6,7,13
500070010,3,18,21
500070011,9,8,17
500070021,7,6,13
500070022,8,13,21
500070023,17,13,30
500070024,3,2,5
500070025,2,7,9
500070026,29,8,37
500070027,16,13,29
500070028,8,7,15
500070029,9,5,14
500070030,5,4,9
500070031,25,37,62
500070032,25,36,61
500070033,24,49,73
500070034,20,51,71
500070035,19,34,53
500070110,1,0,1
500099501,0,2,2
500099503,1,0,1
500110021,1,1,2
500110101,1,0,1
500110102,5,4,9
500110103,1,3,4
500110104,2,2,4
500110105,4,2,6
500110106,2,4,6
500110107,1,9,10
500110108,15,3,18
500110109,2,0,2
500110110,2,1,3
500119531,1,0,1
500130201,2,6,8
500130202,4,2,6
500159530,0,1,1
500159531,8,1,9
500159532,3,1,4
500159533,0,1,1
500159534,1,1,2
500159535,12,16,28
500159536,11,17,28
500179553,1,1,2
500179590,3,1,4
500179591,1,1,2
500179592,1,1,2
500179593,1,2,3
500179594,14,7,21
500179595,6,3,9
500179596,9,8,17
500179597,3,4,7
500179598,2,2,4
500190103,0,1,1
500199511,3,1,4
500199512,2,2,4
500199513,1,2,3
500199515,13,7,20
500199516,1,1,2
500199517,2,0,2
500199518,3,1,4
500199520,2,4,6
500219611,0,1,1
500219621,5,4,9
500219622,4,5,9
500219624,2,1,3
500219626,1,0,1
500219627,4,8,12
500219628,1,7,8
500219629,2,1,3
500219630,6,11,17
500219631,5,8,13
500219633,19,46,65
500219634,2,0,2
500219635,1,0,1
500219636,6,1,7
500219637,2,1,3
500219639,0,1,1
500219640,2,1,3
500219641,0,1,1
500219642,1,2,3
500219643,2,1,3
500219702,1,0,1
500239540,4,1,5
500239541,0,1,1
500239542,1,2,3
500239543,5,10,15
500239544,1,1,2
500239545,3,5,8
500239546,22,24,46
500239547,5,3,8
500239548,2,7,9
500239549,0,5,5
500239550,5,2,7
500239551,3,2,5
500239552,4,10,14
500239553,0,2,2
500239554,0,2,2
500239555,3,2,5
500239556,1,1,2
500239558,2,5,7
500259670,6,3,9
500259672,7,1,8
500259673,4,1,5
500259674,0,1,1
500259675,1,0,1
500259676,0,7,7
500259677,1,2,3
500259678,0,1,1
500259679,2,2,4
500259680,4,0,4
500259681,0,1,1
500259682,1,1,2
500259683,1,3,4
500259684,5,4,9
500259685,13,20,33
500259686,4,24,28
500259687,1,4,5
500279650,23,54,77
500279651,1,3,4
500279652,3,0,3
500279654,4,6,10
500279655,17,37,54
500279656,3,5,8
500279657,2,4,6
500279658,8,7,15
500279659,3,4,7
500279660,5,3,8
500279661,2,1,3
500279662,1,1,2
500279663,1,3,4
500279664,1,2,3
500279665,4,3,7
500279666,9,13,22
500279667,9,3,12
500279672,1,0,1
510019901,4,1,5
510019902,3,1,4
510019904,2,4,6
510019906,3,7,10
510019907,6,4,10
510019908,3,1,4
510030002,3,0,3
510030003,0,1,1
510030007,6,1,7
510030009,0,3,3
510030011,1,2,3
510030101,10,37,47
510030102,16,31,47
510030103,14,30,44
510030104,12,22,34
510030105,17,28,45
510030106,23,43,66
510030107,16,35,51
510030108,29,54,83
510030109,10,22,32
510030110,29,74,103
510030111,9,16,25
510030112,8,35,43
510030113,55,78,133
510030114,3,1,4
510030302,2,0,2
510039502,0,1,1
510050701,0,1,1
510050801,5,7,12
510050802,2,5,7
510050803,0,2,2
510079902,2,0,2
510090101,0,3,3
510090102,5,1,6
510090103,0,1,1
510090104,7,2,9
510090105,0,1,1
510099503,1,0,1
510110401,6,1,7
510131001,7,6,13
510131002,10,18,28
510131003,15,26,41
510131004,9,15,24
510131005,10,7,17
510131006,1,1,2
510131007,11,13,24
510131008,3,3,6
510131009,40,71,111
510131010,3,6,9
510131011,6,10,16
510131012,5,4,9
510131013,9,10,19
510131014,26,27,53
510131015,15,11,26
510131016,17,25,42
510131017,28,33,61
510131018,19,36,55
510131019,3,8,11
510131020,6,7,13
510131021,8,21,29
510131022,2,2,4
510131023,5,5,10
510131024,2,4,6
510131025,10,9,19
510131026,1,3,4
510131027,4,6,10
510131028,11,6,17
510131029,19,18,37
510131030,5,1,6
510131031,6,4,10
510131032,13,15,28
510131033,1,2,3
510131034,11,17,28
510131035,16,17,33
510131036,10,12,22
510131037,5,5,10
510131038,2,10,12
510132001,2,0,2
510132024,1,0,1
510135003,0,1,1
510150004,0,2,2
510150005,0,1,1
510150006,0,1,1
510150034,1,6,7
510150035,1,1,2
510150702,1,4,5
510150703,4,3,7
510150704,4,3,7
510150706,24,33,57
510150707,4,3,7
510150708,2,1,3
510150709,2,4,6
510150710,2,1,3
510150711,5,0,5
510150712,1,1,2
510159502,0,1,1
510170802,2,3,5
510179801,2,0,2
510190002,0,4,4
510190020,2,0,2
510190201,0,2,2
510190203,1,0,1
510190204,1,0,1
510190301,21,16,37
510190302,3,2,5
510190303,2,1,3
510190304,1,1,2
510190305,9,5,14
510190306,2,2,4
510190501,2,2,4
510219901,2,2,4
510219902,0,4,4
510230005,0,1,1
510230302,1,1,2
510230401,1,0,1
510230403,9,10,19
510230404,2,6,8
510230405,5,2,7
510259901,1,0,1
510259902,3,2,5
510279901,13,7,20
510279903,2,0,2
510279906,2,0,2
510279907,1,0,1
510299901,4,0,4
510299902,2,1,3
510310008,1,1,2
510310201,1,0,1
510310202,4,1,5
510310203,3,0,3
510310204,1,2,3
510310207,4,2,6
510310208,1,0,1
510310209,2,0,2
510310302,1,1,2
510339901,1,0,1
510339902,2,0,2
510339903,1,1,2
510339905,3,1,4
510359901,4,2,6
510359902,7,1,8
510359903,1,0,1
510359904,0,1,1
510359905,3,0,3
510359906,1,1,2
510360803,1,1,2
510366002,1,1,2
510366003,1,2,3
510379901,7,1,8
510379902,0,1,1
510379903,2,0,2
510410701,0,2,2
510411001,5,21,26
510411002,25,25,50
510411004,19,24,43
510411005,27,12,39
510411006,1,0,1
510411007,3,2,5
510411008,32,51,83
510411009,143,221,364
510411010,29,28,57
510418301,4,0,4
510418302,2,5,7
510430101,5,10,15
510430102,1,6,7
510436108,0,1,1
510450301,0,1,1
510479901,5,7,12
510479902,9,7,16
510479905,8,14,22
510499901,0,3,3
510499902,4,3,7
510519902,9,5,14
510538401,3,0,3
510538402,2,0,2
510538405,1,0,1
510538406,2,1,3
510538505,2,0,2
510579506,0,1,1
510579507,10,9,19
510579508,0,1,1
510591003,1,0,1
510593002,1,0,1
510593003,6,2,8
510593004,0,1,1
510594151,3,14,17
510594152,11,11,22
510594153,2,1,3
510594154,8,25,33
510594155,14,29,43
510594156,13,14,27
510594157,3,11,14
510594158,6,10,16
510594159,2,6,8
510594160,4,3,7
510594161,11,16,27
510594162,8,7,15
510594163,5,1,6
510594201,0,2,2
510594202,13,6,19
510594203,6,0,6
510594204,1,0,1
510594205,14,15,29
510594206,2,2,4
510594207,6,3,9
510594208,1,0,1
510594210,10,23,33
510594211,16,12,28
510594212,3,1,4
510594213,4,6,10
510594214,2,2,4
510594215,0,3,3
510594216,0,1,1
510594217,2,2,4
510594218,1,2,3
510594219,0,3,3
510594221,7,2,9
510594222,0,1,1
510594223,8,8,16
510594224,15,11,26
510594301,5,7,12
510594302,8,3,11
510594304,3,4,7
510594305,1,2,3
510594306,11,2,13
510594308,16,16,32
510594309,4,4,8
510594310,4,4,8
510594313,2,0,2
510594314,4,4,8
510594315,6,10,16
510594316,7,6,13
510594318,16,13,29
510594319,4,3,7
510594320,2,2,4
510594321,6,2,8
510594322,6,5,11
510594323,8,7,15
510594324,10,11,21
510594325,4,2,6
510594326,2,2,4
510594327,3,3,6
510594328,1,3,4
510594401,17,28,45
510594402,40,99,139
510594403,11,77,88
510594405,6,10,16
510594406,2,1,3
510594407,7,15,22
510594408,7,8,15
510594501,4,8,12
510594502,4,0,4
510594503,4,2,6
510594504,14,19,33
510594505,1,1,2
510594506,20,56,76
510594507,4,11,15
510594508,4,6,10
510594509,5,2,7
510594510,5,0,5
510594511,6,7,13
510594512,9,10,19
510594513,16,28,44
510594514,5,5,10
510594515,11,18,29
510594516,5,12,17
510594518,6,3,9
510594519,7,7,14
510594520,13,4,17
510594521,14,6,20
510594522,11,6,17
510594523,8,4,12
510594524,6,6,12
510594525,14,4,18
510594526,2,7,9
510594527,3,9,12
510594528,18,32,50
510594601,11,22,33
510594602,5,13,18
510594603,2,9,11
510594604,13,19,32
510594605,31,50,81
510594606,1,4,5
510594607,12,11,23
510594608,7,11,18
510594609,6,6,12
510594610,9,12,21
510594611,8,17,25
510594612,14,24,38
510594615,11,6,17
510594616,12,15,27
510594617,11,9,20
510594618,12,5,17
510594619,2,2,4
510594701,5,29,34
510594703,10,30,40
510594704,18,38,56
510594705,23,55,78
510594706,9,16,25
510594707,13,30,43
510594708,13,16,29
510594709,7,10,17
510594710,2,5,7
510594711,5,11,16
510594712,9,18,27
510594713,11,29,40
510594714,3,4,7
510594801,13,40,53
510594802,22,81,103
510594803,32,59,91
510594804,19,57,76
510594805,27,22,49
510594808,10,14,24
510594809,6,3,9
510594810,1,2,3
510594811,23,17,40
510594812,3,2,5
510594814,6,10,16
510594815,0,6,6
510594816,4,11,15
510594817,23,22,45
510594819,12,5,17
510594820,14,22,36
510594821,8,6,14
510594822,36,35,71
510594823,12,10,22
510594824,8,3,11
510594825,22,17,39
510594826,49,47,96
510594901,1,9,10
510594905,12,13,25
510594910,4,3,7
510594911,10,6,16
510594912,5,4,9
510594913,5,6,11
510594914,19,6,25
510594915,6,4,10
510594916,0,3,3
510594917,24,27,51
510594918,7,9,16
510594919,9,15,24
510594920,13,17,30
510594921,17,31,48
510594922,33,26,59
510594923,2,0,2
510594924,2,3,5
510619901,2,3,5
510619902,9,11,20
510619903,23,32,55
510619904,4,12,16
510619907,2,3,5
510639901,4,2,6
510639902,3,1,4
510650104,0,2,2
510650113,0,2,2
510650201,13,17,30
510650202,2,0,2
510654005,0,1,1
510659503,0,2,2
510670003,1,0,1
510670201,8,8,16
510670203,3,4,7
510670204,2,3,5
510670205,4,2,6
510670206,1,0,1
510670207,1,0,1
510670208,12,3,15
510670209,1,1,2
510670305,1,0,1
510690002,2,4,6
510690502,6,13,19
510690503,2,2,4
510690504,1,2,3
510690505,0,6,6
510690506,7,6,13
510690508,4,1,5
510690509,2,3,5
510690510,3,3,6
510690511,8,2,10
510719901,1,3,4
510719902,1,1,2
510719903,4,1,5
510719904,9,2,11
510731001,0,1,1
510731002,20,25,45
510731003,3,1,4
510731004,1,0,1
510731005,2,3,5
510739513,0,1,1
510752001,1,0,1
510754001,5,23,28
510754002,3,14,17
510754004,5,1,6
510754005,0,1,1
510779901,3,3,6
510779902,4,3,7
510790102,0,1,1
510790301,2,2,4
510790302,1,4,5
510818801,3,2,5
510818802,0,1,1
510818901,1,0,1
510818903,1,0,1
510839901,21,33,54
510839902,2,1,3
510839905,0,3,3
510839906,6,8,14
510853201,4,1,5
510853202,3,3,6
510853203,2,1,3
510853204,0,1,1
510853205,2,1,3
510853206,10,6,16
510853207,1,3,4
510853208,11,11,22
510853209,18,13,31
510853210,9,4,13
510853211,6,1,7
510853212,1,4,5
510853213,9,8,17
510853214,2,4,6
510870102,0,2,2
510870502,1,0,1
510872001,283,477,760
510872002,10,32,42
510872003,84,145,229
510872004,36,77,113
510872005,8,12,20
510872007,7,2,9
510872008,15,7,22
510872009,15,24,39
510872010,2,0,2
510872011,2,4,6
510872012,4,1,5
510872013,3,0,3
510872014,5,2,7
510872015,4,0,4
510872016,2,2,4
510874001,2,1,3
510890102,4,1,5
510890103,4,11,15
510890104,0,1,1
510890105,0,1,1
510890107,0,3,3
510890108,1,0,1
510890109,0,1,1
510890110,0,1,1
510890111,1,0,1
510890113,0,1,1
510890209,1,0,1
510919701,2,3,5
510932801,11,9,20
510932802,2,0,2
510932803,1,0,1
510950507,0,1,1
510950508,1,1,2
510950801,21,46,67
510950802,23,46,69
510950803,20,33,53
510950804,6,3,9
510953701,5,8,13
510953703,3,3,6
510979504,1,0,1
510979505,1,1,2
510999901,5,2,7
510999902,0,3,3
510999903,2,0,2
510999904,1,0,1
510999905,1,1,2
511019501,2,2,4
511019503,3,1,4
511039901,3,2,5
511039902,22,16,38
511039903,11,12,23
511059901,3,0,3
511059902,1,0,1
511059903,10,10,20
511059904,1,0,1
511059906,3,0,3
511076101,1,4,5
511076102,5,5,10
511076103,3,7,10
511076104,5,10,15
511076105,13,13,26
511076106,14,13,27
511076107,5,5,10
511076108,2,3,5
511076109,4,6,10
511076110,22,28,50
511076111,9,11,20
511076112,17,27,44
511076113,1,3,4
511076114,4,0,4
511076115,10,11,21
511076116,1,2,3
511076117,1,0,1
511076118,1,5,6
511094004,1,0,1
511099501,2,0,2
511099502,9,1,10
511099503,2,2,4
511099504,1,1,2
511099505,2,1,3
511119901,4,0,4
511119902,1,0,1
511139901,1,1,2
511139902,8,4,12
511159513,1,1,2
511159514,6,5,11
511179901,3,2,5
511179902,18,18,36
511179904,2,3,5
511179906,1,0,1
511179908,4,0,4
511191001,2,0,2
511199509,2,3,5
511199510,2,0,2
511199511,0,1,1
511199512,7,4,11
511210101,1,0,1
511210202,21,13,34
511210203,7,9,16
511210204,3,1,4
511210205,3,7,10
511210206,4,8,12
511210207,5,13,18
511210208,4,1,5
511210209,8,0,8
511210210,2,0,2
511210211,5,2,7
511210212,0,3,3
511210213,5,1,6
511210214,2,0,2
511210215,5,7,12
511210301,1,0,1
511212105,0,1,1
511250712,0,1,1
511259502,8,10,18
511259503,4,4,8
511277001,2,4,6
511277002,4,0,4
511319901,1,4,5
511319902,16,23,39
511319903,4,1,5
511339901,3,0,3
511339902,5,6,11
511339903,10,5,15
511359901,28,1,29
511359903,8,3,11
511370104,0,1,1
511379503,1,0,1
511379901,6,2,8
511379902,4,1,5
511379903,7,2,9
511390302,10,8,18
511390303,0,1,1
511390304,0,1,1
511390305,1,0,1
511410206,1,0,1
511410301,8,3,11
511410302,2,1,3
511410303,1,2,3
511430004,2,0,2
511430008,1,1,2
511430014,1,1,2
511430101,3,0,3
511430102,1,0,1
511430103,1,0,1
511430104,1,0,1
511430105,6,1,7
511430108,1,0,1
511430110,0,2,2
511430112,1,1,2
511430114,1,0,1
511455001,6,3,9
511455002,4,1,5
511455003,0,1,1
511455004,1,2,3
511479901,3,5,8
511479902,14,23,37
511498502,5,2,7
511498503,7,2,9
511498504,2,0,2
511498505,2,10,12
511539001,1,0,1
511539002,0,1,1
511539003,3,3,6
511539004,14,6,20
511539005,24,38,62
511539006,0,2,2
511539007,5,4,9
511539008,1,1,2
511539009,1,2,3
511539010,10,5,15
511539011,2,1,3
511539012,35,29,64
511539013,1,3,4
511539014,10,19,29
511539015,7,5,12
511539016,3,2,5
511539017,1,2,3
511539019,1,0,1
511539105,1,1,2
511552101,3,6,9
511552102,9,8,17
511552103,8,5,13
511552105,0,2,2
511552106,1,2,3
511552107,7,1,8
511579901,3,4,7
511579902,2,0,2
511610015,0,4,4
511610016,0,1,1
511610017,0,1,1
511610021,1,0,1
511610213,1,0,1
511610301,2,4,6
511610302,13,7,20
511610303,3,8,11
511610305,7,23,30
511610306,15,35,50
511610307,48,78,126
511610308,22,29,51
511610309,18,39,57
511610311,4,0,4
511610312,5,4,9
511639901,6,0,6
511639902,0,5,5
511639903,2,6,8
511639904,3,0,3
511650001,5,2,7
511650002,3,1,4
511650004,6,13,19
511650102,2,1,3
511650103,3,0,3
511650104,1,0,1
511650105,1,1,2
511650108,2,0,2
511650109,1,0,1
511650110,1,0,1
511650111,1,0,1
511650112,2,1,3
511650114,2,1,3
511650115,5,2,7
511650118,8,14,22
511650119,1,3,4
511650408,0,1,1
511679902,9,9,18
511679904,1,0,1
511679905,1,0,1
511679906,1,0,1
511690301,2,2,4
511690303,1,0,1
511690306,3,0,3
511699904,1,0,1
511710401,1,0,1
511710402,1,4,5
511710403,1,2,3
511710404,2,0,2
511710405,11,12,23
511710406,2,0,2
511710407,1,0,1
511710408,2,1,3
511730108,3,1,4
511739901,0,1,1
511739902,1,0,1
511739903,19,28,47
511739905,1,5,6
511739907,1,0,1
511752002,2,0,2
511752004,1,0,1
511752005,1,1,2
511752802,1,0,1
511770201,16,22,38
511770202,12,16,28
511770203,15,7,22
511770204,3,8,11
511790101,6,2,8
511790102,14,5,19
511790103,10,6,16
511790104,11,16,27
511790105,1,7,8
511790202,0,3,3
511790203,1,1,2
511818601,2,0,2
511818602,1,0,1
511838703,1,0,1
511859902,10,15,25
511859903,1,1,2
511859904,5,9,14
511859905,6,6,12
511859906,3,1,4
511859907,0,4,4
511859909,2,3,5
511859910,12,17,29
511859911,18,21,39
511870201,0,2,2
511870202,1,2,3
511870203,1,0,1
511870204,9,4,13
511870205,4,5,9
511870206,0,2,2
511870207,2,1,3
511870401,0,1,1
511870508,1,0,1
511910101,3,7,10
511910103,1,3,4
511910104,12,12,24
511910105,25,27,52
511910106,9,9,18
511910107,1,0,1
511910108,2,0,2
511910110,5,4,9
511939901,3,2,5
511939902,1,1,2
511939904,4,1,5
511959909,13,9,22
511959910,1,0,1
511959911,0,1,1
511959912,10,11,21
511959913,4,1,5
511959914,0,2,2
511959916,2,1,3
511959917,2,0,2
511979901,2,10,12
511979902,12,8,20
511979903,5,2,7
511979904,2,0,2
511990502,36,19,55
511990503,29,41,70
511990504,9,6,15
511990505,2,0,2
511990506,0,1,1
511990507,5,13,18
511990508,2,0,2
511990802,2,1,3
511990803,0,1,1
511990804,0,2,2
511993702,0,2,2
515101030,0,1,1
515102001,53,71,124
515102002,18,27,45
515102003,44,62,106
515102004,29,22,51
515102005,1,12,13
515102006,4,7,11
515102007,16,27,43
515102008,10,26,36
515102009,8,14,22
515102010,1,6,7
515102011,9,8,17
515102012,6,2,8
515102013,1,0,1
515102014,1,0,1
515102015,5,0,5
515102016,2,12,14
515102018,11,22,33
515102019,2,6,8
515102020,7,11,18
515104518,1,1,2
515104525,0,2,2
515150501,14,7,21
515200201,2,0,2
515200202,2,1,3
515200204,1,2,3
515200427,0,1,1
515309906,3,0,3
515400001,4,12,16
515400002,21,29,50
515400003,34,66,100
515400004,5,2,7
515400005,20,33,53
515400006,14,21,35
515400007,16,35,51
515400008,14,18,32
515400009,2,7,9
515400010,0,2,2
515400106,0,1,1
515400107,0,2,2
515400108,1,23,24
515400109,74,321,395
515400110,0,5,5
515400113,8,23,31
515500200,3,1,4
515500203,3,0,3
515500204,2,0,2
515500205,1,0,1
515500206,1,0,1
515500208,59,53,112
515500209,50,78,128
515500210,56,78,134
515500211,5,5,10
515500212,0,4,4
515500213,7,4,11
515500214,3,2,5
515500215,23,44,67
515500216,50,71,121
515600701,14,9,23
515701005,0,2,2
515708301,5,3,8
515708302,5,1,6
515708303,9,5,14
515708305,2,2,4
515800601,0,1,1
515800602,5,2,7
515900001,1,8,9
515900002,4,2,6
515900003,0,1,1
515900005,8,5,13
515900006,9,23,32
515900007,5,29,34
515900008,9,28,37
515900009,4,4,8
515900010,2,4,6
515900011,3,1,4
515900012,2,9,11
515900014,4,5,9
515958902,11,3,14
516003001,6,5,11
516003002,7,4,11
516003003,4,2,6
516003004,10,15,25
516003005,3,3,6
516004401,2,4,6
516004405,0,1,1
516004619,1,0,1
516104710,0,1,1
516105001,21,22,43
516105002,1,7,8
516105003,7,7,14
516200901,22,15,37
516300001,6,18,24
516300002,30,63,93
516300003,12,7,19
516300004,1,2,3
516300005,2,3,5
516409901,20,22,42
516409906,0,1,1
516500101,13,13,26
516500102,2,4,6
516500103,48,54,102
516500105,1,1,2
516500106,6,4,10
516500107,5,4,9
516500108,7,11,18
516500109,2,1,3
516500110,6,4,10
516500112,2,1,3
516500114,5,16,21
516500115,10,7,17
516500116,2,0,2
516500118,7,2,9
516500119,1,1,2
516500120,0,1,1
516500502,2,11,13
516600001,0,4,4
516600002,27,43,70
516600003,18,16,34
516600118,2,1,3
516708203,12,9,21
516708204,3,1,4
516708205,1,0,1
516708207,7,7,14
516789903,8,4,12
516789905,14,6,20
516800001,13,25,38
516800002,28,34,62
516800003,20,67,87
516800004,0,1,1
516800005,2,7,9
516800006,1,0,1
516800007,0,7,7
516800008,6,11,17
516800009,0,1,1
516800010,1,0,1
516800011,1,0,1
516800014,0,1,1
516800016,6,0,6
516800017,1,0,1
516800018,12,5,17
516800019,9,3,12
516800020,7,9,16
516800301,1,2,3
516839101,24,36,60
516839102,20,10,30
516839103,3,1,4
516839104,3,2,5
516859013,1,0,1
516900001,7,11,18
516900003,14,18,32
516900005,10,11,21
516900102,0,1,1
516900103,0,1,1
516900107,1,0,1
517000301,1,2,3
517000303,2,9,11
517000304,2,1,3
517000305,0,1,1
517000306,0,1,1
517000308,4,0,4
517000311,2,3,5
517000314,25,11,36
517000315,11,9,20
517000316,8,31,39
517000317,17,16,33
517000318,18,32,50
517000319,16,14,30
517000320,24,13,37
517000321,68,93,161
517000322,3,3,6
517000323,1,4,5
517100002,2,0,2
517100003,3,1,4
517100004,2,5,7
517100007,1,0,1
517100008,0,2,2
517100009,0,6,6
517100012,9,37,46
517100013,9,17,26
517100014,3,3,6
517100015,4,13,17
517100016,3,0,3
517100017,11,38,49
517100018,1,7,8
517100019,1,2,3
517100020,2,0,2
517100021,10,8,18
517100022,5,12,17
517100023,11,11,22
517100024,17,22,39
517100025,1,0,1
517100026,5,1,6
517100028,4,4,8
517100030,8,8,16
517100032,5,0,5
517100033,1,0,1
517100035,1,1,2
517100036,8,11,19
517100037,8,15,23
517100038,18,24,42
517100039,54,107,161
517100040,55,60,115
517100042,20,13,33
517100043,0,2,2
517100044,2,0,2
517100045,3,0,3
517100047,2,1,3
517100049,40,56,96
517100050,1,0,1
517100055,1,1,2
517100056,2,2,4
517100057,4,1,5
517100059,6,4,10
517100064,1,4,5
517100065,1,1,2
517100066,13,15,28
517100068,1,0,1
517100069,41,72,113
517100070,2,13,15
517100400,1,1,2
517209901,22,16,38
517209910,1,1,2
517308102,4,0,4
517308103,6,7,13
517308104,2,1,3
517308105,0,1,1
517308106,1,0,1
517308107,12,13,25
517308108,6,6,12
517308109,1,7,8
517308110,8,11,19
517308111,2,6,8
517308112,1,2,3
517350502,0,3,3
517353401,4,14,18
517353402,4,6,10
517353403,0,6,6
517402102,1,2,3
517402103,1,6,7
517402104,10,16,26
517402105,8,8,16
517402106,1,1,2
517402107,4,4,8
517402108,12,38,50
517402109,6,18,24
517402110,3,3,6
517402114,1,4,5
517402115,5,5,10
517402116,4,2,6
517402117,0,1,1
517402118,2,3,5
517402122,0,1,1
517402124,1,0,1
517402127,1,2,3
517402128,3,3,6
517402129,1,2,3
517402130,16,31,47
517402131,15,33,48
517500101,2,5,7
517500102,21,33,54
517500215,1,0,1
517600101,1,1,2
517600102,8,11,19
517600104,13,22,35
517600105,2,1,3
517600106,0,1,1
517600107,1,1,2
517600108,1,0,1
517600110,1,2,3
517600111,9,9,18
517600202,2,1,3
517600203,1,1,2
517600205,13,18,31
517600206,2,3,5
517600207,1,0,1
517600208,0,5,5
517600302,6,13,19
517600303,85,281,366
517600304,2,2,4
517600305,4,20,24
517600403,3,9,12
517600404,11,9,20
517600405,9,21,30
517600406,5,4,9
517600407,10,13,23
517600408,11,4,15
517600409,8,5,13
517600410,16,17,33
517600411,9,9,18
517600412,0,1,1
517600415,0,1,1
517600416,4,5,9
517600501,9,15,24
517600502,10,14,24
517600503,11,18,29
517600504,10,30,40
517600505,19,19,38
517600506,13,37,50
517600601,1,0,1
517600603,6,2,8
517600604,0,1,1
517600605,10,13,23
517600606,9,10,19
517600701,19,23,42
517600702,3,3,6
517600703,7,4,11
517600704,11,13,24
517600706,3,1,4
517600707,0,1,1
517600708,0,2,2
517600709,7,33,40
517600710,36,64,100
517600711,12,7,19
517601009,4,0,4
517602001,0,9,9
517602002,0,1,1
517602005,0,3,3
517602006,0,2,2
517602012,0,1,1
517700001,3,1,4
517700002,2,2,4
517700003,7,2,9
517700004,1,0,1
517700005,0,1,1
517700006,18,27,45
517700007,3,0,3
517700009,1,1,2
517700010,0,1,1
517700011,2,15,17
517700012,45,68,113
517700014,0,1,1
517700015,7,1,8
517700016,26,103,129
517700017,7,18,25
517700018,5,2,7
517700019,2,3,5
517700020,5,5,10
517700021,7,17,24
517700023,1,1,2
517700302,2,0,2
517700307,0,1,1
517700308,2,0,2
517750101,1,0,1
517750102,8,22,30
517750103,7,6,13
517750104,7,22,29
517750105,26,57,83
517750305,1,0,1
517900002,3,3,6
517900003,0,1,1
517900004,13,6,19
517900005,11,23,34
517900006,1,2,3
518000651,0,1,1
518000652,5,12,17
518000653,6,3,9
518000654,0,2,2
518000751,15,24,39
518000752,10,16,26
518000753,9,10,19
518000754,16,34,50
518000755,4,3,7
518000756,1,0,1
518000758,3,1,4
518100069,2,1,3
518100402,3,2,5
518100404,20,14,34
518100406,3,10,13
518100408,6,5,11
518100410,2,5,7
518100412,11,13,24
518100414,16,36,52
518100416,28,55,83
518100418,18,27,45
518100420,22,50,72
518100422,10,21,31
518100424,0,1,1
518100426,7,4,11
518100428,2,13,15
518100430,32,79,111
518100434,6,8,14
518100436,3,12,15
518100438,12,22,34
518100440,9,13,22
518100442,5,10,15
518100444,45,56,101
518100446,37,93,130
518100448,8,18,26
518100450,0,1,1
518100454,31,45,76
518100456,11,11,22
518100458,24,15,39
518100460,41,38,79
518100462,56,42,98
518100464,2,0,2
518200031,1,5,6
518200032,0,3,3
518200033,0,1,1
518200034,13,12,25
518200035,6,5,11
518200706,1,1,2
518300802,8,9,17
518303701,22,27,49
518303702,2,0,2
518303703,5,8,13
518400001,1,19,20
518400002,57,109,166
518400003,8,7,15
518400505,1,2,3
518400511,0,1,1
530019501,4,0,4
530019503,3,3,6
530019504,4,0,4
530019505,2,0,2
530039801,2,5,7
530039802,4,7,11
530039803,2,5,7
530039805,7,2,9
530039806,1,4,5
530050101,6,13,19
530050102,2,3,5
530050103,2,2,4
530050105,29,55,84
530050106,0,1,1
530050107,1,5,6
530050108,33,34,67
530050109,11,7,18
530050110,4,7,11
530050111,1,2,3
530050112,11,12,23
530050113,0,4,4
530050114,7,4,11
530050115,5,4,9
530050117,8,0,8
530050118,1,0,1
530050119,2,0,2
530079602,6,4,10
530079603,9,3,12
530079604,1,0,1
530079605,2,0,2
530079606,1,3,4
530079607,13,15,28
530079608,25,60,85
530079609,10,13,23
530079610,21,28,49
530079611,6,8,14
530079612,2,2,4
530099801,2,1,3
530099803,6,2,8
530099806,2,1,3
530099807,3,0,3
530099808,1,1,2
530099809,2,1,3
530099810,8,6,14
530099811,8,4,12
530099812,17,17,34
530099813,3,16,19
530099814,6,6,12
530099815,4,0,4
530099816,4,5,9
530099817,1,7,8
530099818,0,1,1
530099819,5,8,13
530099820,7,4,11
530099821,5,9,14
530099822,4,4,8
530099823,2,3,5
530110401,2,2,4
530110402,2,4,6
530110403,4,2,6
530110404,26,13,39
530110405,8,12,20
530110406,21,12,33
530110407,1,0,1
530110408,9,7,16
530110409,8,16,24
530110410,14,10,24
530110411,7,7,14
530110412,52,74,126
530110413,62,51,113
530110414,2,3,5
530110415,1,0,1
530110416,13,18,31
530110418,2,0,2
530110419,9,9,18
530110420,0,1,1
530110421,0,3,3
530110423,1,0,1
530110426,24,9,33
530110428,5,16,21
530110430,0,1,1
530110431,14,9,23
530139602,3,1,4
530150001,11,3,14
530150002,15,12,27
530150004,17,19,36
530150006,3,3,6
530150007,10,19,29
530150008,17,22,39
530150009,4,6,10
530150011,0,1,1
530150012,4,2,6
530150013,1,0,1
530150015,3,1,4
530150016,2,3,5
530150017,2,2,4
530150018,0,1,1
530150019,1,5,6
530150020,1,3,4
530150402,1,0,1
530179501,0,1,1
530179502,1,0,1
530179503,2,1,3
530179504,4,7,11
530179505,6,0,6
530179506,3,8,11
530179507,0,1,1
530179508,1,0,1
530199801,0,1,1
530199802,1,2,3
530210201,1,0,1
530210202,11,0,11
530210203,5,6,11
530210204,3,4,7
530210205,15,4,19
530210206,1,0,1
530210207,1,1,2
530210208,3,0,3
530239702,3,2,5
530259801,0,2,2
530259802,1,0,1
530259803,1,0,1
530259804,4,0,4
530259805,1,0,1
530259806,3,0,3
530259808,1,0,1
530259809,5,9,14
530259810,24,4,28
530259811,3,10,13
530259812,0,1,1
530259814,0,1,1
530270002,1,3,4
530270003,0,1,1
530270004,2,3,5
530270005,1,2,3
530270006,1,1,2
530270007,0,1,1
530270008,1,2,3
530270009,2,0,2
530270010,3,3,6
530270011,17,18,35
530270012,0,3,3
530270014,2,2,4
530270015,6,2,8
530270016,1,2,3
530279503,1,0,1
530299701,1,1,2
530299702,6,2,8
530299703,4,7,11
530299704,1,0,1
530299705,4,8,12
530299706,11,4,15
530299707,8,1,9
530299708,2,2,4
530299709,0,1,1
530299710,3,3,6
530299711,12,13,25
530299712,1,1,2
530299713,6,10,16
530299718,0,2,2
530299719,2,8,10
530299720,4,4,8
530299721,2,4,6
530319502,0,1,1
530319503,11,8,19
530319504,4,1,5
530319505,4,7,11
530319506,22,23,45
530330001,12,14,26
530330002,4,15,19
530330003,0,1,1
530330004,14,10,24
530330005,17,20,37
530330006,24,56,80
530330007,10,10,20
530330008,3,8,11
530330009,7,9,16
530330010,2,5,7
530330011,8,4,12
530330012,27,47,74
530330013,4,5,9
530330014,5,6,11
530330015,2,6,8
530330016,8,16,24
530330017,8,13,21
530330018,4,8,12
530330019,17,12,29
530330020,9,11,20
530330021,8,16,24
530330022,23,45,68
530330024,8,19,27
530330025,8,15,23
530330026,14,24,38
530330027,19,21,40
530330028,7,8,15
530330029,8,7,15
530330030,13,6,19
530330031,9,12,21
530330032,5,17,22
530330033,4,7,11
530330034,7,9,16
530330035,18,20,38
530330036,18,23,41
530330037,2,5,7
530330038,8,10,18
530330039,8,13,21
530330040,12,19,31
530330041,95,204,299
530330042,43,56,99
530330043,38,90,128
530330044,14,20,34
530330045,7,10,17
530330046,12,7,19
530330047,37,21,58
530330048,8,6,14
530330049,15,27,42
530330050,23,11,34
530330051,16,22,38
530330052,28,21,49
530330053,120,347,467
530330054,23,22,45
530330056,16,32,48
530330057,7,16,23
530330058,11,14,25
530330059,11,17,28
530330060,13,15,28
530330061,21,30,51
530330062,37,50,87
530330063,29,75,104
530330064,25,26,51
530330065,26,26,52
530330066,13,19,32
530330067,11,32,43
530330068,13,5,18
530330069,14,35,49
530330070,17,23,40
530330071,4,15,19
530330072,11,7,18
530330073,6,9,15
530330074,20,22,42
530330075,15,21,36
530330076,58,56,114
530330077,11,13,24
530330078,33,52,85
530330079,9,15,24
530330080,12,26,38
530330081,34,110,144
530330082,24,32,56
530330083,47,171,218
530330084,65,226,291
530330085,44,144,188
530330086,9,15,24
530330087,19,61,80
530330088,9,2,11
530330089,12,18,30
530330090,4,1,5
530330091,9,2,11
530330092,1,4,5
530330093,7,13,20
530330094,8,25,33
530330095,20,35,55
530330096,6,16,22
530330097,22,24,46
530330098,12,9,21
530330099,1,8,9
530330100,14,48,62
530330101,7,7,14
530330102,8,22,30
530330103,5,4,9
530330104,2,11,13
530330105,14,18,32
530330106,7,12,19
530330107,4,0,4
530330108,0,2,2
530330109,5,15,20
530330110,2,1,3
530330111,6,13,19
530330112,4,1,5
530330113,1,2,3
530330114,2,1,3
530330115,1,1,2
530330116,12,8,20
530330117,2,0,2
530330118,10,1,11
530330119,3,0,3
530330120,1,3,4
530330121,8,15,23
530330201,2,17,19
530330202,9,7,16
530330203,6,10,16
530330204,13,11,24
530330205,10,4,14
530330206,2,2,4
530330207,1,1,2
530330208,21,20,41
530330209,2,9,11
530330210,2,0,2
530330211,3,3,6
530330212,4,1,5
530330213,4,10,14
530330214,14,13,27
530330215,8,13,21
530330216,1,0,1
530330217,6,1,7
530330218,9,14,23
530330219,62,65,127
530330220,12,15,27
530330221,16,16,32
530330222,7,15,22
530330223,4,12,16
530330224,11,2,13
530330225,21,20,41
530330226,6,16,22
530330227,14,23,37
530330228,41,60,101
530330229,11,7,18
530330230,5,8,13
530330231,8,5,13
530330232,2,13,15
530330233,2,3,5
530330234,9,9,18
530330235,7,8,15
530330236,21,20,41
530330237,48,129,177
530330238,10,30,40
530330239,10,28,38
530330240,23,34,57
530330241,13,33,46
530330242,2,18,20
530330243,22,49,71
530330244,10,26,36
530330245,27,74,101
530330246,37,94,131
530330247,6,8,14
530330248,15,13,28
530330249,34,60,94
530330250,18,46,64
530330251,5,1,6
530330252,0,2,2
530330253,8,7,15
530330254,11,2,13
530330256,1,0,1
530330257,4,2,6
530330258,28,25,53
530330259,2,1,3
530330260,3,1,4
530330261,1,1,2
530330262,2,10,12
530330264,0,2,2
530330267,4,3,7
530330268,1,0,1
530330271,8,6,14
530330273,1,1,2
530330274,1,0,1
530330275,12,2,14
530330276,9,14,23
530330277,17,21,38
530330278,7,12,19
530330279,23,32,55
530330280,3,1,4
530330281,0,2,2
530330282,1,0,1
530330283,1,0,1
530330284,3,4,7
530330285,2,3,5
530330286,19,20,39
530330287,0,2,2
530330288,2,2,4
530330289,2,5,7
530330290,9,1,10
530330291,1,1,2
530330292,22,7,29
530330293,53,64,117
530330294,9,5,14
530330295,10,3,13
530330296,2,0,2
530330297,5,0,5
530330298,8,3,11
530330299,3,1,4
530330300,7,7,14
530330301,7,18,25
530330302,15,5,20
530330303,62,59,121
530330304,5,4,9
530330305,22,30,52
530330306,10,10,20
530330307,12,4,16
530330308,1,0,1
530330310,1,4,5
530330311,2,1,3
530330312,7,12,19
530330313,3,2,5
530330314,10,4,14
530330315,2,2,4
530330316,2,3,5
530330317,11,8,19
530330318,1,0,1
530330319,10,11,21
530330320,11,3,14
530330321,27,15,42
530330322,13,17,30
530330323,74,85,159
530330324,1,3,4
530330325,0,1,1
530330326,1,1,2
530330327,2,1,3
530330328,8,1,9
530330330,1,0,1
530350801,4,5,9
530350802,2,1,3
530350803,33,69,102
530350804,3,0,3
530350805,0,1,1
530350806,4,6,10
530350807,6,6,12
530350808,0,1,1
530350809,7,6,13
530350811,3,0,3
530350813,1,7,8
530350814,3,3,6
530350901,2,10,12
530350902,8,6,14
530350903,0,1,1
530350904,1,4,5
530350905,20,11,31
530350906,3,10,13
530350907,8,14,22
530350908,10,11,21
530350909,7,19,26
530350910,9,10,19
530350911,3,5,8
530350912,31,36,67
530350913,9,32,41
530350914,6,4,10
530350915,5,8,13
530350916,3,1,4
530350917,4,4,8
530350918,2,2,4
530350919,1,3,4
530350920,1,5,6
530350921,3,1,4
530350922,11,2,13
530350923,1,0,1
530350924,5,1,6
530350925,4,1,5
530350926,1,3,4
530350927,4,0,4
530350928,2,5,7
530350929,2,2,4
530379751,5,0,5
530379752,5,0,5
530379753,2,1,3
530379754,18,6,24
530379755,0,1,1
530379756,1,4,5
530379757,0,1,1
530399501,7,1,8
530399502,2,1,3
530399503,8,3,11
530419701,2,2,4
530419702,12,17,29
530419703,0,1,1
530419704,2,0,2
530419705,5,2,7
530419707,3,1,4
530419708,3,4,7
530419709,2,0,2
530419710,11,5,16
530419713,0,2,2
530419715,2,2,4
530419717,2,2,4
530419718,0,2,2
530419719,4,2,6
530419720,2,1,3
530439501,1,0,1
530439601,5,3,8
530439603,1,0,1
530459601,0,1,1
530459602,0,2,2
530459603,4,3,7
530459604,0,1,1
530459605,5,3,8
530459606,2,0,2
530459607,2,3,5
530459608,16,10,26
530459610,1,1,2
530459611,1,0,1
530459613,1,3,4
530479701,2,2,4
530479703,6,0,6
530479704,2,0,2
530479705,1,0,1
530479706,13,9,22
530479707,4,2,6
530479708,8,3,11
530479709,2,4,6
530479710,3,0,3
530499502,3,1,4
530499503,4,1,5
530499504,7,5,12
530499505,2,1,3
530499507,0,2,2
530499508,3,3,6
530510102,1,0,1
530519701,1,0,1
530519702,0,1,1
530519703,1,1,2
530519704,0,2,2
530519705,5,0,5
530530601,17,20,37
530530602,0,1,1
530530603,4,4,8
530530604,8,3,11
530530605,22,21,43
530530606,20,17,37
530530607,4,6,10
530530608,3,3,6
530530609,20,20,40
530530610,17,23,40
530530611,23,36,59
530530612,2,16,18
530530613,4,20,24
530530614,16,40,56
530530615,49,72,121
530530616,6,11,17
530530617,0,9,9
530530620,1,0,1
530530621,1,0,1
530530622,2,0,2
530530624,17,13,30
530530625,1,1,2
530530626,5,6,11
530530628,4,4,8
530530629,0,1,1
530530630,0,1,1
530530631,1,0,1
530530632,0,1,1
530530633,0,2,2
530530634,2,0,2
530530635,1,1,2
530530702,3,4,7
530530703,12,8,20
530530704,0,4,4
530530705,1,3,4
530530707,10,6,16
530530708,8,7,15
530530709,2,3,5
530530710,2,1,3
530530712,22,39,61
530530713,21,18,39
530530714,3,7,10
530530715,5,5,10
530530717,8,1,9
530530718,15,15,30
530530719,24,50,74
530530720,1,3,4
530530721,62,157,219
530530723,63,92,155
530530724,55,87,142
530530725,27,28,55
530530726,4,6,10
530530728,8,17,25
530530729,32,66,98
530530730,1,3,4
530530731,26,22,48
530530732,2,0,2
530530733,7,2,9
530530734,36,40,76
530559506,3,0,3
530559601,9,15,24
530559602,1,2,3
530559603,11,11,22
530559604,1,1,2
530559605,3,6,9
530559606,1,2,3
530579501,1,0,1
530579502,7,9,16
530579503,3,4,7
530579504,8,8,16
530579505,0,2,2
530579506,2,2,4
530579507,19,16,35
530579508,3,3,6
530579509,1,1,2
530579510,0,2,2
530579511,1,0,1
530579512,1,1,2
530579515,9,7,16
530579516,4,3,7
530579518,3,2,5
530579519,2,3,5
530579520,9,15,24
530579521,1,1,2
530579522,0,1,1
530579523,5,5,10
530579524,32,54,86
530579525,8,10,18
530579526,1,1,2
530579527,5,0,5
530599502,2,2,4
530599505,1,0,1
530610401,5,6,11
530610403,13,25,38
530610404,0,6,6
530610406,3,0,3
530610407,6,18,24
530610408,1,28,29
530610409,9,9,18
530610410,38,62,100
530610411,1,3,4
530610412,1,1,2
530610413,23,18,41
530610414,1,0,1
530610415,1,0,1
530610416,8,7,15
530610417,12,5,17
530610418,7,19,26
530610419,3,1,4
530610420,28,27,55
530610501,4,3,7
530610502,7,10,17
530610503,7,18,25
530610504,55,75,130
530610505,11,23,34
530610506,3,8,11
530610507,5,1,6
530610508,5,4,9
530610509,2,2,4
530610510,2,7,9
530610511,2,2,4
530610512,1,1,2
530610513,2,1,3
530610514,8,1,9
530610515,2,3,5
530610516,0,2,2
530610517,2,5,7
530610518,8,2,10
530610519,23,22,45
530610520,16,28,44
530610521,12,15,27
530610522,18,8,26
530610523,7,5,12
530610524,13,1,14
530610525,4,8,12
530610526,7,4,11
530610527,5,0,5
530610528,7,2,9
530610529,16,0,16
530610530,1,3,4
530610532,4,3,7
530610533,7,2,9
530610534,2,4,6
530610535,18,12,30
530610536,6,2,8
530610537,3,1,4
530610538,5,1,6
530630004,34,35,69
530630005,1,0,1
530630006,2,0,2
530630007,1,0,1
530630008,2,1,3
530630009,7,8,15
530630010,2,2,4
530630011,2,2,4
530630012,0,1,1
530630013,0,1,1
530630014,2,1,3
530630015,2,0,2
530630017,1,0,1
530630018,1,1,2
530630019,0,1,1
530630022,1,0,1
530630023,2,3,5
530630024,11,8,19
530630025,2,3,5
530630027,3,5,8
530630028,1,1,2
530630029,0,1,1
530630031,2,6,8
530630032,111,240,351
530630033,0,7,7
530630034,0,5,5
530630035,17,45,62
530630036,0,2,2
530630038,1,5,6
530630039,8,14,22
530630040,9,8,17
530630041,9,6,15
530630042,13,24,37
530630043,9,24,33
530630044,7,7,14
530630045,12,30,42
530630046,12,11,23
530630047,8,18,26
530630101,2,5,7
530630102,7,10,17
530630103,13,8,21
530630104,1,3,4
530630105,15,27,42
530630106,3,7,10
530630107,2,5,7
530630108,1,1,2
530630109,4,3,7
530630110,2,2,4
530630111,9,6,15
530630112,1,4,5
530630113,2,7,9
530630115,0,1,1
530630116,1,1,2
530630117,0,3,3
530630118,21,20,41
530630119,2,1,3
530630120,5,0,5
530630123,4,3,7
530630124,7,11,18
530630126,4,2,6
530630127,1,2,3
530630128,3,0,3
530630129,9,2,11
530630130,0,2,2
530630131,0,2,2
530630132,5,10,15
530630133,3,3,6
530630134,37,71,108
530630135,11,19,30
530630136,2,3,5
530630137,2,7,9
530630138,7,2,9
530630139,2,0,2
530630140,5,5,10
530630141,3,12,15
530630143,2,0,2
530639514,0,1,1
530659501,1,3,4
530659503,1,0,1
530659504,11,7,18
530659505,4,0,4
530659506,1,0,1
530659508,10,2,12
530659509,0,1,1
530659510,1,0,1
530659511,0,2,2
530659512,1,0,1
530659513,1,0,1
530659514,2,0,2
530670101,6,20,26
530670102,2,8,10
530670103,5,4,9
530670104,4,2,6
530670105,20,25,45
530670106,8,4,12
530670107,6,17,23
530670108,6,7,13
530670109,0,8,8
530670110,2,6,8
530670111,8,18,26
530670112,4,0,4
530670113,3,4,7
530670114,8,10,18
530670115,2,1,3
530670116,20,11,31
530670117,14,15,29
530670118,3,11,14
530670119,3,11,14
530670120,11,21,32
530670121,13,12,25
530670122,78,116,194
530670123,1,11,12
530670124,4,1,5
530670125,6,2,8
530670126,2,1,3
530670127,1,0,1
530699501,3,1,4
530719201,1,1,2
530719202,1,5,6
530719203,11,11,22
530719206,16,28,44
530719207,41,42,83
530719208,0,7,7
530719209,8,18,26
530730001,2,10,12
530730002,23,13,36
530730003,21,44,65
530730004,20,19,39
530730005,8,8,16
530730006,3,8,11
530730007,4,3,7
530730008,20,26,46
530730009,8,12,20
530730010,7,13,20
530730011,14,35,49
530730012,5,13,18
530730101,2,1,3
530730102,1,0,1
530730103,12,5,17
530730104,9,12,21
530730105,8,2,10
530730106,0,1,1
530730107,4,2,6
530730108,0,2,2
530730109,1,2,3
530730110,2,2,4
530750001,3,5,8
530750002,8,3,11
530750003,0,2,2
530750004,16,7,23
530750005,0,1,1
530750006,5,1,6
530750008,3,3,6
530750009,3,1,4
530750143,1,0,1
530770001,2,1,3
530770003,1,6,7
530770004,21,19,40
530770005,24,3,27
530770007,36,75,111
530770008,21,23,44
530770009,4,7,11
530770010,12,9,21
530770011,2,8,10
530770012,2,22,24
530770014,3,0,3
530770015,2,0,2
530770016,5,9,14
530770017,1,0,1
530770018,6,1,7
530770019,8,1,9
530770020,16,13,29
530770021,3,0,3
530770022,5,4,9
530770023,17,1,18
530770024,4,1,5
530770025,3,0,3
530770027,5,1,6
530770028,8,8,16
530770029,1,4,5
530770030,2,7,9
530770031,9,2,11
530770032,2,2,4
540019656,13,5,18
540019658,0,1,1
540039711,1,2,3
540039712,9,3,12
540039713,3,1,4
540039714,5,3,8
540039715,0,2,2
540039716,21,48,69
540039717,12,12,24
540039718,2,1,3
540039719,2,5,7
540039720,0,2,2
540039721,1,1,2
540039723,0,1,1
540050112,2,0,2
540059583,1,2,3
540059584,4,0,4
540059585,1,0,1
540059587,1,0,1
540059588,3,1,4
540079679,1,2,3
540079680,3,0,3
540079681,1,5,6
540090301,1,1,2
540090302,1,0,1
540090308,7,15,22
540090311,1,1,2
540090312,3,1,4
540090313,2,0,2
540090314,2,1,3
540090316,3,1,4
540110001,4,6,10
540110002,2,1,3
540110003,9,58,67
540110004,1,4,5
540110005,2,4,6
540110006,8,39,47
540110007,5,6,11
540110008,1,1,2
540110009,2,4,6
540110010,0,2,2
540110012,5,10,15
540110013,15,3,18
540110014,53,45,98
540110015,25,26,51
540110016,2,1,3
540110018,2,1,3
540110019,6,5,11
540110020,16,23,39
540110021,14,23,37
540110051,1,0,1
540110052,0,4,4
540110101,8,3,11
540110102,41,39,80
540110103,3,3,6
540110104,18,6,24
540110105,2,2,4
540110107,1,2,3
540110108,4,4,8
540139626,3,0,3
540159580,4,1,5
540179651,2,0,2
540190114,0,1,1
540190121,8,6,14
540190201,3,4,7
540190202,4,3,7
540190203,16,6,22
540190206,2,0,2
540190207,1,2,3
540190209,2,0,2
540190210,1,0,1
540199503,3,0,3
540219678,5,0,5
540239695,1,0,1
540239696,8,4,12
540259501,10,3,13
540259502,1,2,3
540259503,1,0,1
540259504,10,6,16
540259505,2,2,4
540259506,47,53,100
540259507,9,9,18
540279684,10,2,12
540279685,0,1,1
540279686,1,0,1
540290201,3,0,3
540290202,2,1,3
540290204,4,7,11
540290205,0,2,2
540290206,14,8,22
540290207,2,6,8
540290208,1,1,2
540290209,2,0,2
540290210,2,1,3
540290211,1,0,1
540290212,1,0,1
540319701,3,1,4
540319702,2,0,2
540330301,28,18,46
540330302,0,1,1
540330303,1,2,3
540330304,3,3,6
540330306,36,22,58
540330308,1,1,2
540330310,1,0,1
540330311,5,6,11
540330312,1,0,1
540330313,3,1,4
540330315,2,0,2
540330316,1,0,1
540330318,0,1,1
540330319,2,3,5
540330320,1,0,1
540330321,24,30,54
540359633,4,0,4
540359634,0,1,1
540359635,2,2,4
540359636,9,4,13
540359637,1,2,3
540379711,0,1,1
540379722,7,14,21
540379723,4,0,4
540379724,12,10,22
540379725,9,5,14
540379726,14,4,18
540379728,0,1,1
540390003,1,0,1
540390005,28,16,44
540390006,4,4,8
540390007,0,2,2
540390008,2,3,5
540390009,22,71,93
540390011,9,22,31
540390012,4,31,35
540390013,10,21,31
540390015,70,105,175
540390017,8,3,11
540390018,11,36,47
540390019,50,59,109
540390020,9,17,26
540390021,13,11,24
540390101,6,2,8
540390102,8,2,10
540390103,2,0,2
540390104,1,0,1
540390105,8,8,16
540390106,8,2,10
540390107,6,5,11
540390108,1,3,4
540390110,6,2,8
540390111,1,0,1
540390113,3,5,8
540390114,0,1,1
540390115,1,1,2
540390118,2,0,2
540390121,1,1,2
540390123,2,5,7
540390128,4,11,15
540390129,7,3,10
540390130,25,42,67
540390131,5,3,8
540390132,2,0,2
540390133,2,1,3
540390134,1,0,1
540390136,9,1,10
540390137,2,1,3
540419672,0,1,1
540419673,1,0,1
540419674,2,0,2
540419675,8,7,15
540419676,0,1,1
540439554,1,0,1
540439555,4,0,4
540439556,2,0,2
540450208,2,0,2
540459560,5,4,9
540459561,2,8,10
540459562,8,3,11
540459563,8,6,14
540459564,3,1,4
540459566,7,17,24
540479536,2,0,2
540479537,10,6,16
540479538,1,0,1
540479540,1,0,1
540479541,2,0,2
540479544,2,0,2
540490103,0,1,1
540490114,1,0,1
540490201,7,4,11
540490202,2,10,12
540490203,7,8,15
540490204,18,20,38
540490206,0,1,1
540490207,1,1,2
540490208,4,0,4
540490209,1,4,5
540490211,4,4,8
540490212,3,4,7
540490213,2,0,2
540490214,1,0,1
540490217,2,1,3
540510202,4,2,6
540510206,1,1,2
540510207,11,7,18
540510208,1,0,1
540510210,4,4,8
540510211,3,3,6
540530203,0,1,1
540539548,2,1,3
540539549,5,1,6
540539550,15,11,26
540539551,2,1,3
540559509,3,1,4
540559510,1,3,4
540559511,3,2,5
540559512,1,2,3
540559513,11,22,33
540559514,9,19,28
540559515,13,9,22
540559518,6,4,10
540559520,10,16,26
540559521,5,16,21
540559522,12,13,25
540559523,1,10,11
540570102,1,4,5
540570103,0,2,2
540570104,0,1,1
540570105,4,1,5
540570106,9,4,13
540570107,3,0,3
540590210,2,0,2
540599572,0,1,1
540599574,16,22,38
540599575,3,0,3
540599577,1,0,1
540610101,5,7,12
540610102,11,19,30
540610103,73,152,225
540610104,10,29,39
540610105,31,52,83
540610106,55,128,183
540610107,6,10,16
540610108,2,1,3
540610109,11,17,28
540610110,6,8,14
540610111,0,12,12
540610112,2,4,6
540610114,1,0,1
540610116,19,48,67
540610117,12,39,51
540610118,21,40,61
540610119,2,5,7
540619639,0,1,1
540619644,1,0,1
540639502,4,2,6
540639503,0,1,1
540659707,2,0,2
540659708,6,3,9
540659709,1,0,1
540659710,3,1,4
540659712,1,0,1
540679802,23,10,33
540679804,3,1,4
540679805,4,1,5
540679806,4,1,5
540690001,2,7,9
540690002,1,1,2
540690003,4,12,16
540690006,1,1,2
540690007,1,3,4
540690008,4,2,6
540690013,2,0,2
540690014,40,72,112
540690015,10,16,26
540690016,8,22,30
540690017,5,7,12
540690018,5,3,8
540690019,9,9,18
540690020,13,21,34
540690021,2,0,2
540690024,7,23,30
540690208,1,0,1
540690212,2,5,7
540719663,1,0,1
540719705,5,2,7
540739622,3,0,3
540759601,2,0,2
540759602,3,2,5
540759603,5,1,6
540779638,3,3,6
540779640,6,5,11
540779641,1,0,1
540779642,3,0,3
540779643,2,1,3
540779644,0,2,2
540779645,2,0,2
540790201,2,0,2
540790203,2,1,3
540790204,4,5,9
540790205,3,1,4
540790206,46,21,67
540790207,5,1,6
540810101,7,17,24
540810102,2,6,8
540810103,3,8,11
540810104,1,1,2
540810105,11,11,22
540810106,20,32,52
540810107,2,2,4
540810108,20,16,36
540810109,1,0,1
540810110,3,4,7
540810112,2,0,2
540810113,5,12,17
540810114,6,3,9
540810115,21,35,56
540839654,0,1,1
540839659,0,1,1
540839660,2,2,4
540839661,24,30,54
540839662,1,0,1
540839664,2,1,3
540859623,3,1,4
540859625,2,0,2
540879630,9,8,17
540879631,0,1,1
540890211,0,1,1
540899505,5,2,7
540899506,1,1,2
540899508,2,0,2
540910212,0,2,2
540919644,0,1,1
540919646,6,1,7
540919648,1,0,1
540919649,0,2,2
540939653,5,0,5
540939654,2,1,3
540959618,3,0,3
540959619,1,0,1
540979667,17,9,26
540979668,2,3,5
540979669,2,1,3
540979670,0,1,1
540979676,0,1,1
540990006,0,1,1
540990009,2,0,2
540990051,2,2,4
540990052,4,0,4
540990104,0,1,1
540990201,6,17,23
540990203,2,0,2
540990204,5,2,7
540990205,2,0,2
540990206,6,2,8
540990207,4,0,4
541019701,1,0,1
541019702,2,1,3
541019703,1,1,2
541030114,0,1,1
541030305,1,0,1
541030306,10,7,17
541030307,4,1,5
541050301,2,2,4
541070001,9,17,26
541070002,11,19,30
541070003,1,5,6
541070004,2,0,2
541070005,7,7,14
541070006,12,15,27
541070007,3,6,9
541070008,2,0,2
541070009,5,1,6
541070101,5,10,15
541070102,6,2,8
541070103,12,18,30
541070104,5,5,10
541070105,10,10,20
541070106,2,6,8
541070107,4,10,14
541070109,4,4,8
541099528,1,0,1
541099531,7,1,8
541099532,4,1,5
550019501,2,1,3
550019503,4,2,6
550019504,1,1,2
550019505,1,0,1
550019507,1,0,1
550039502,1,1,2
550039503,7,4,11
550039504,20,15,35
550039505,0,7,7
550039507,1,0,1
550059601,2,1,3
550059602,6,1,7
550059603,2,0,2
550059604,5,1,6
550059605,13,8,21
550059606,14,14,28
550059608,1,0,1
550059609,1,0,1
550059610,5,0,5
550070303,0,1,1
550079504,2,0,2
550079601,4,4,8
550079602,1,2,3
550079603,2,7,9
550079606,0,1,1
550079607,2,1,3
550090002,0,4,4
550090003,19,13,32
550090004,2,4,6
550090006,1,1,2
550090007,4,3,7
550090010,1,2,3
550090012,2,4,6
550090013,24,61,85
550090015,27,49,76
550090017,0,5,5
550090018,7,12,19
550090020,16,23,39
550090101,17,12,29
550090102,2,10,12
550090103,7,9,16
550090201,0,2,2
550090202,6,6,12
550090203,0,2,2
550090204,10,21,31
550090205,3,2,5
550090206,0,1,1
550090207,5,17,22
550090208,13,14,27
550090209,0,10,10
550090210,6,16,22
550090212,4,9,13
550090213,11,14,25
550090214,2,5,7
550099811,2,0,2
550119602,3,1,4
550119604,1,1,2
550139701,0,1,1
550139702,1,0,1
550139707,0,1,1
550139708,0,1,1
550139709,4,0,4
550139710,2,0,2
550150026,2,0,2
550150201,2,0,2
550150203,12,15,27
550150205,6,2,8
550150206,2,0,2
550170102,2,1,3
550170103,13,13,26
550170104,2,2,4
550170105,15,5,20
550170107,1,2,3
550170108,3,1,4
550170109,7,2,9
550170110,1,1,2
550170111,2,1,3
550170112,6,1,7
550199502,1,0,1
550199503,1,1,2
550199504,3,0,3
550199505,0,1,1
550199507,11,4,15
550199508,1,0,1
550219606,1,0,1
550219702,1,0,1
550219703,4,1,5
550219704,17,9,26
550219705,5,4,9
550219706,2,3,5
550219707,1,2,3
550219708,3,3,6
550219709,1,1,2
550219712,10,2,12
550239702,2,0,2
550239801,1,1,2
550239802,2,0,2
550239803,2,0,2
550239805,0,1,1
550239806,11,1,12
550250001,12,22,34
550250002,75,125,200
550250003,31,60,91
550250004,58,105,163
550250005,28,39,67
550250006,2,8,10
550250007,26,49,75
550250008,20,28,48
550250009,86,277,363
550250010,9,8,17
550250011,22,51,73
550250012,63,110,173
550250013,21,50,71
550250014,29,44,73
550250015,6,7,13
550250016,11,19,30
550250017,23,20,43
550250018,4,8,12
550250019,24,21,45
550250020,6,3,9
550250021,5,4,9
550250022,3,5,8
550250023,2,15,17
550250024,1,2,3
550250025,3,1,4
550250026,12,8,20
550250027,2,3,5
550250028,0,4,4
550250029,2,1,3
550250030,3,1,4
550250031,7,0,7
550250032,12,43,55
550250101,11,63,74
550250102,3,18,21
550250103,10,6,16
550250104,4,6,10
550250105,7,1,8
550250106,3,6,9
550250107,28,43,71
550250108,15,14,29
550250109,32,71,103
550250110,15,10,25
550250111,40,55,95
550250112,2,12,14
550250113,7,3,10
550250114,7,6,13
550250115,16,4,20
550250116,4,1,5
550250117,2,0,2
550250118,1,0,1
550250119,6,3,9
550250120,9,7,16
550250122,13,3,16
550250123,1,3,4
550250124,5,2,7
550250125,10,5,15
550250126,3,0,3
550250127,4,5,9
550250128,4,1,5
550250129,2,5,7
550250130,2,1,3
550250131,4,0,4
550250132,2,1,3
550250133,8,1,9
550279601,2,0,2
550279602,3,0,3
550279603,5,0,5
550279604,1,5,6
550279605,1,0,1
550279606,2,0,2
550279607,3,7,10
550279608,0,1,1
550279609,19,14,33
550279610,2,7,9
550279611,4,0,4
550279613,2,0,2
550279614,1,0,1
550279617,0,1,1
550279618,2,0,2
550279619,16,9,25
550279620,1,0,1
550299801,2,1,3
550299802,1,0,1
550299803,4,6,10
550299804,1,5,6
550299805,5,5,10
550299806,1,1,2
550299807,11,6,17
550299808,8,6,14
550299809,1,1,2
550310204,4,1,5
550310206,1,2,3
550310207,3,3,6
550310208,10,3,13
550310209,3,1,4
550310301,1,0,1
550310303,2,2,4
550339703,2,4,6
550339704,1,0,1
550339705,2,3,5
550339707,4,0,4
550339708,14,5,19
550350003,13,21,34
550350004,5,10,15
550350005,5,7,12
550350006,2,2,4
550350007,4,3,7
550350008,22,26,48
550350009,39,65,104
550350010,29,31,60
550350011,3,8,11
550350012,7,25,32
550350013,1,4,5
550350014,0,3,3
550350015,0,1,1
550350016,3,4,7
550359902,0,2,2
550379902,3,3,6
550390036,0,2,2
550390401,8,5,13
550390403,2,2,4
550390405,10,8,18
550390406,0,1,1
550390407,2,2,4
550390409,24,32,56
550390410,2,2,4
550390411,6,9,15
550390413,0,1,1
550390415,2,0,2
550390416,10,5,15
550390417,1,0,1
550390418,2,0,2
550390419,2,2,4
550390420,13,20,33
550390422,2,0,2
550399603,1,0,1
550419501,2,0,2
550419503,2,0,2
550419504,0,1,1
550439503,1,0,1
550439601,1,0,1
550439602,5,4,9
550439603,5,3,8
550439606,2,2,4
550439607,5,3,8
550439609,1,2,3
550439610,11,8,19
550439611,3,0,3
550450124,1,1,2
550459801,1,0,1
550459802,1,3,4
550459803,3,5,8
550459804,17,26,43
550459805,1,2,3
550459806,10,8,18
550459807,1,1,2
550459808,1,0,1
550479801,2,1,3
550479802,5,7,12
550479803,1,1,2
550479804,2,8,10
550479805,2,0,2
550479806,3,2,5
550499501,2,0,2
550499502,2,1,3
550499504,7,2,9
550499505,2,1,3
550499506,4,1,5
550519801,1,2,3
550519802,1,0,1
550519803,1,1,2
550539601,3,0,3
550539603,0,2,2
550539605,12,2,14
550559901,4,2,6
550559903,2,2,4
550559904,3,0,3
550559905,8,3,11
550559906,2,7,9
550559908,1,0,1
550559909,2,1,3
550559911,4,2,6
550559912,1,1,2
550559913,1,3,4
550559914,1,4,5
550559915,16,6,22
550559916,2,1,3
550559917,1,1,2
550579901,0,4,4
550579902,2,0,2
550579903,0,3,3
550579904,1,2,3
550579905,12,1,13
550579906,2,1,3
550590001,5,2,7
550590003,9,10,19
550590004,3,8,11
550590005,2,0,2
550590006,18,14,32
550590007,2,3,5
550590008,0,2,2
550590010,5,7,12
550590013,0,2,2
550590014,8,6,14
550590017,2,5,7
550590018,17,26,43
550590019,5,11,16
550590020,1,0,1
550590022,3,1,4
550590023,2,0,2
550590024,5,5,10
550590025,1,0,1
550590026,13,13,26
550590027,1,3,4
550590028,2,1,3
550590029,3,2,5
550590030,4,3,7
550619601,2,1,3
550619603,3,0,3
550619604,2,0,2
550619605,5,0,5
550630001,2,3,5
550630002,0,1,1
550630003,2,4,6
550630004,34,33,67
550630005,2,1,3
550630006,3,12,15
550630007,24,54,78
550630008,5,8,13
550630009,62,106,168
550630010,1,4,5
550630011,4,9,13
550630012,1,2,3
550630101,6,0,6
550630102,5,6,11
550630103,2,7,9
550630104,23,30,53
550630105,6,7,13
550630106,3,14,17
550630107,11,14,25
550630108,1,2,3
550659701,1,0,1
550659702,8,0,8
550679602,0,2,2
550679603,1,0,1
550679604,4,1,5
550679605,1,1,2
550679606,1,1,2
550679607,12,4,16
550699802,7,0,7
550699803,2,2,4
550699805,2,0,2
550699806,0,2,2
550699807,0,2,2
550699808,3,1,4
550699809,0,1,1
550699810,11,5,16
550710001,10,10,20
550710002,1,2,3
550710003,12,7,19
550710004,5,12,17
550710005,0,1,1
550710006,1,2,3
550710007,0,2,2
550710008,13,21,34
550710051,10,3,13
550710052,5,2,7
550710053,1,1,2
550710101,0,1,1
550710102,0,1,1
550710105,4,4,8
550710107,4,0,4
550730001,2,11,13
550730002,4,5,9
550730003,5,13,18
550730004,11,3,14
550730005,0,2,2
550730006,7,2,9
550730007,7,8,15
550730008,4,8,12
550730009,1,1,2
550730010,3,0,3
550730011,4,6,10
550730012,10,3,13
550730013,9,19,28
550730014,46,86,132
550730015,2,2,4
550730016,3,2,5
550730017,0,2,2
550730018,0,1,1
550730019,0,1,1
550730020,1,1,2
550730021,8,10,18
550730022,3,0,3
550730023,0,2,2
550730106,0,1,1
550759601,1,2,3
550759603,0,1,1
550759606,1,0,1
550759607,2,0,2
550759609,0,1,1
550759611,3,1,4
550759612,1,0,1
550759613,7,8,15
550759614,8,4,12
550759615,8,9,17
550779901,0,2,2
550779903,1,0,1
550779905,1,1,2
550789701,4,0,4
550789906,0,1,1
550790001,8,6,14
550790002,4,6,10
550790003,2,0,2
550790004,1,2,3
550790005,3,4,7
550790006,1,0,1
550790007,11,2,13
550790008,1,2,3
550790009,1,0,1
550790010,10,5,15
550790015,8,1,9
550790017,2,0,2
550790019,2,0,2
550790021,1,0,1
550790022,12,25,37
550790023,0,1,1
550790024,2,1,3
550790029,2,1,3
550790031,1,1,2
550790032,2,1,3
550790033,4,0,4
550790034,10,6,16
550790035,3,0,3
550790036,3,2,5
550790037,2,1,3
550790038,2,1,3
550790039,2,1,3
550790041,0,2,2
550790043,1,0,1
550790044,6,0,6
550790045,1,0,1
550790046,0,2,2
550790047,1,0,1
550790049,17,43,60
550790050,2,1,3
550790051,3,2,5
550790052,0,3,3
550790053,7,3,10
550790054,9,4,13
550790055,4,3,7
550790056,3,11,14
550790057,7,7,14
550790058,2,2,4
550790059,7,5,12
550790060,0,2,2
550790061,2,0,2
550790062,0,1,1
550790068,1,0,1
550790071,1,0,1
550790073,17,43,60
550790074,6,15,21
550790075,14,19,33
550790076,53,63,116
550790077,7,6,13
550790078,2,3,5
550790079,0,1,1
550790083,1,3,4
550790090,0,1,1
550790092,2,1,3
550790093,0,1,1
550790094,7,3,10
550790095,2,4,6
550790096,1,1,2
550790104,0,1,1
550790106,1,0,1
550790108,2,2,4
550790109,37,53,90
550790110,4,3,7
550790111,4,7,11
550790112,1,0,1
550790113,3,4,7
550790114,7,9,16
550790115,1,0,1
550790121,2,0,2
550790122,1,0,1
550790124,1,3,4
550790125,0,3,3
550790126,4,1,5
550790127,1,2,3
550790128,17,159,176
550790129,0,2,2
550790132,12,41,53
550790134,0,1,1
550790135,6,2,8
550790143,13,18,31
550790144,26,25,51
550790145,13,11,24
550790146,5,20,25
550790147,3,7,10
550790148,19,12,31
550790149,0,1,1
550790150,0,4,4
550790151,0,1,1
550790152,4,12,16
550790153,2,8,10
550790156,0,1,1
550790157,4,0,4
550790159,1,0,1
550790160,0,1,1
550790162,1,1,2
550790163,1,0,1
550790164,3,1,4
550790167,1,1,2
550790173,10,3,13
550790175,2,0,2
550790179,1,0,1
550790181,1,0,1
550790182,4,3,7
550790189,5,0,5
550790190,4,1,5
550790191,2,2,4
550790192,3,6,9
550790193,0,1,1
550790194,2,2,4
550790195,2,1,3
550790196,3,2,5
550790197,0,2,2
550790198,6,4,10
550790199,3,4,7
550790200,19,106,125
550790201,25,23,48
550790202,0,1,1
550790203,0,3,3
550790204,4,0,4
550790206,1,1,2
550790207,0,4,4
550790208,4,3,7
550790211,0,1,1
550790214,7,4,11
550790215,2,1,3
550790216,6,0,6
550790217,1,1,2
550790218,1,1,2
550790301,12,28,40
550790351,13,39,52
550790352,34,28,62
550790401,10,36,46
550790501,26,14,40
550790601,43,64,107
550790602,11,25,36
550790701,11,25,36
550790702,33,80,113
550790703,10,13,23
550790801,7,9,16
550790802,6,5,11
550790803,19,39,58
550790804,12,9,21
550790901,11,8,19
550790902,6,7,13
550790903,33,91,124
550790904,27,46,73
550790905,33,119,152
550790906,22,32,54
550790907,16,17,33
550790908,1,10,11
550790909,6,18,24
550790910,14,11,25
550790911,18,37,55
550790912,25,55,80
550790913,20,43,63
550790914,1,7,8
550791001,2,0,2
550791002,0,2,2
550791003,3,2,5
550791004,4,2,6
550791005,1,3,4
550791006,1,0,1
550791007,1,1,2
550791008,4,2,6
550791009,11,7,18
550791010,8,10,18
550791011,8,3,11
550791012,4,4,8
550791013,6,27,33
550791014,6,6,12
550791015,1,3,4
550791016,3,2,5
550791017,2,1,3
550791018,3,2,5
550791101,13,35,48
550791201,10,10,20
550791202,15,5,20
550791204,2,3,5
550791205,16,20,36
550791301,7,10,17
550791302,8,13,21
550791401,17,27,44
550791402,11,6,17
550791501,13,13,26
550791502,3,6,9
550791503,21,16,37
550791601,1,4,5
550791602,9,8,17
550791603,3,2,5
550791701,3,3,6
550791702,5,2,7
550791706,2,2,4
550791707,0,2,2
550791801,2,3,5
550791802,1,1,2
550791803,0,1,1
550791804,8,5,13
550791851,3,0,3
550791852,9,2,11
550819501,2,1,3
550819502,3,2,5
550819503,6,3,9
550819504,1,1,2
550819505,11,4,15
550819506,10,12,22
550819508,1,0,1
550819509,1,1,2
550839901,1,0,1
550839903,1,0,1
550839906,1,0,1
550839907,2,0,2
550839909,2,0,2
550839910,3,0,3
550839912,7,4,11
550839913,1,2,3
550859511,8,14,22
550859701,1,2,3
550859702,1,0,1
550859704,1,3,4
550859705,2,1,3
550859706,1,3,4
550859707,1,1,2
550859708,3,3,6
550859709,3,4,7
550859712,2,7,9
550859713,14,23,37
550859714,16,17,33
550859715,6,12,18
550870101,16,5,21
550870103,4,11,15
550870105,7,9,16
550870106,4,6,10
550870107,16,22,38
550870108,5,3,8
550870109,4,5,9
550870110,2,2,4
550870111,15,2,17
550870112,2,1,3
550870113,4,2,6
550870114,8,9,17
550870115,26,43,69
550870116,5,2,7
550870117,1,0,1
550870118,1,0,1
550870119,4,0,4
550870120,7,1,8
550870121,5,0,5
550870123,1,0,1
550870124,1,0,1
550870125,20,28,48
550870126,3,3,6
550870127,5,4,9
550870128,1,2,3
550870129,2,0,2
550870131,1,1,2
550870132,1,0,1
550870203,2,2,4
550870204,1,1,2
550879810,1,0,1
550879909,1,2,3
550890301,0,3,3
550896101,2,1,3
550896201,1,2,3
550896301,6,1,7
550896302,6,4,10
550896401,7,6,13
550896402,3,7,10
550896501,11,7,18
550896502,9,6,15
550896503,5,6,11
550896601,6,5,11
550896602,29,33,62
550896603,41,157,198
550919501,4,1,5
550919502,2,0,2
550939601,4,0,4
550939602,1,0,1
550939603,2,0,2
550939604,3,0,3
550939605,5,2,7
550939606,0,1,1
550939607,3,0,3
550939608,0,2,2
550959601,1,0,1
550959603,0,1,1
550959604,0,1,1
550959605,1,1,2
550959606,0,1,1
550959607,20,8,28
550959608,6,3,9
550959609,2,0,2
550959610,17,2,19
550979601,3,0,3
550979602,2,5,7
550979603,1,2,3
550979604,19,26,45
550979605,3,9,12
550979606,1,0,1
550979607,3,6,9
550979608,2,9,11
550979609,4,7,11
550979610,0,1,1
550979611,5,4,9
550979612,1,4,5
550979613,1,0,1
550999701,0,1,1
550999702,7,1,8
550999703,4,2,6
550999705,3,0,3
550999707,1,0,1
551010001,5,5,10
551010002,7,12,19
551010003,0,1,1
551010004,1,0,1
551010006,1,1,2
551010007,1,1,2
551010009,9,12,21
551010010,7,5,12
551010011,18,37,55
551010012,11,7,18
551010013,3,3,6
551010014,6,14,20
551010015,27,31,58
551010016,9,15,24
551010017,15,13,28
551010018,6,4,10
551010019,2,0,2
551010020,0,2,2
551010021,1,1,2
551010024,19,17,36
551010026,0,4,4
551010027,1,1,2
551010028,1,0,1
551039702,0,2,2
551039703,2,0,2
551039704,10,6,16
551039705,1,2,3
551050001,0,1,1
551050002,3,5,8
551050003,0,1,1
551050004,1,0,1
551050005,4,11,15
551050006,1,2,3
551050007,35,51,86
551050008,1,0,1
551050009,3,3,6
551050010,4,0,4
551050011,1,1,2
551050012,13,19,32
551050013,20,15,35
551050014,7,0,7
551050015,1,0,1
551050017,1,3,4
551050019,4,0,4
551050021,0,1,1
551050022,1,0,1
551050023,2,0,2
551050024,0,1,1
551050025,1,1,2
551050026,34,44,78
551050029,2,0,2
551050030,5,2,7
551050031,5,2,7
551079601,1,0,1
551079603,0,1,1
551079605,11,0,11
551091201,1,0,1
551091202,14,8,22
551091203,1,1,2
551091204,1,5,6
551091205,9,7,16
551091207,1,1,2
551091208,6,11,17
551091209,18,6,24
551099604,0,1,1
551099608,1,0,1
551119501,0,2,2
551119502,1,0,1
551119503,5,2,7
551119504,18,11,29
551119505,1,2,3
551119506,15,6,21
551119507,2,2,4
551119508,3,0,3
551119510,10,5,15
551119511,4,1,5
551139801,3,0,3
551139802,3,0,3
551139803,1,0,1
551139804,0,1,1
551139805,10,5,15
551139807,1,0,1
551150017,1,0,1
551159803,0,2,2
551159804,16,2,18
551159805,4,2,6
551159806,1,1,2
551159808,2,0,2
551159809,3,0,3
551159901,0,1,1
551170001,9,8,17
551170002,1,5,6
551170004,29,44,73
551170005,5,0,5
551170006,0,2,2
551170007,0,2,2
551170009,3,0,3
551170010,0,2,2
551170011,2,3,5
551170101,0,1,1
551170102,1,1,2
551170103,0,1,1
551170105,13,2,15
551170106,3,3,6
551170107,8,23,31
551170108,0,1,1
551170109,1,0,1
551170111,0,1,1
551170112,0,1,1
551170113,4,2,6
551199802,1,0,1
551199804,3,1,4
551199805,7,5,12
551210002,0,1,1
551219901,3,1,4
551219902,1,1,2
551219903,0,1,1
551219904,2,1,3
551219905,2,1,3
551219906,3,1,4
551219907,2,0,2
551219908,2,1,3
551230108,0,1,1
551239508,0,1,1
551239601,4,0,4
551239602,3,0,3
551239603,1,1,2
551239604,12,7,19
551239606,1,1,2
551239607,0,3,3
551239701,1,0,1
551259502,0,2,2
551259503,2,0,2
551259504,1,0,1
551259505,2,2,4
551259506,3,0,3
551259507,0,1,1
551259508,1,0,1
551259509,1,0,1
551259510,4,0,4
551259511,0,2,2
551259514,3,2,5
551259515,2,2,4
551259708,1,0,1
551259713,2,1,3
551270001,2,6,8
551270002,2,1,3
551270003,2,2,4
551270004,0,1,1
551270005,8,1,9
551270006,3,2,5
551270007,10,1,11
551270008,6,5,11
551270009,4,7,11
551270010,3,1,4
551270015,13,11,24
551270016,10,11,21
551270017,2,2,4
551299501,2,0,2
551299503,0,3,3
551299504,0,1,1
551299505,7,1,8
551299506,1,1,2
551299706,5,1,6
551299803,0,1,1
551299804,1,0,1
551299806,1,0,1
551314001,1,2,3
551314101,1,3,4
551314201,17,11,28
551314202,22,13,35
551314203,2,1,3
551314204,0,1,1
551314401,15,7,22
551314501,7,5,12
551314601,6,8,14
551314701,1,4,5
551314702,11,8,19
551332001,12,12,24
551332002,33,44,77
551332003,2,2,4
551332004,4,3,7
551332005,8,20,28
551332006,1,2,3
551332007,9,10,19
551332008,35,85,120
551332009,31,76,107
551332010,30,102,132
551332011,18,48,66
551332012,73,128,201
551332013,6,6,12
551332014,21,31,52
551332015,52,48,100
551332016,0,2,2
551332017,15,8,23
551332019,1,4,5
551332020,2,2,4
551332021,11,4,15
551332022,12,35,47
551332023,12,2,14
551332024,5,9,14
551332025,9,10,19
551332026,4,5,9
551332027,5,3,8
551332028,4,1,5
551332029,10,7,17
551332030,25,39,64
551332031,12,16,28
551332032,3,11,14
551332033,27,31,58
551332034,13,6,19
551332035,1,8,9
551332036,6,13,19
551332037,22,39,61
551332038,3,7,10
551332039,7,0,7
551332040,11,10,21
551332041,7,22,29
551332042,1,2,3
551332043,32,28,60
551332044,3,5,8
551332045,2,4,6
551359901,2,0,2
551359903,3,0,3
551359904,1,0,1
551359905,2,4,6
551359906,1,3,4
551359907,2,0,2
551359908,2,0,2
551359909,2,1,3
551359910,16,4,20
551359911,4,0,4
551370022,1,0,1
551379602,5,1,6
551379603,1,0,1
551379604,1,1,2
551379605,3,2,5
551379606,0,1,1
551379607,1,1,2
551379608,0,1,1
551390001,2,2,4
551390002,1,2,3
551390003,6,15,21
551390004,6,3,9
551390005,2,1,3
551390006,2,3,5
551390007,1,3,4
551390008,1,6,7
551390009,2,1,3
551390010,0,1,1
551390011,1,2,3
551390012,0,3,3
551390013,15,3,18
551390014,2,17,19
551390015,2,3,5
551390017,0,1,1
551390018,33,43,76
551390019,2,6,8
551390020,1,3,4
551390021,2,0,2
551390022,2,4,6
551390023,3,3,6
551390024,6,7,13
551390025,2,12,14
551390026,7,5,12
551390028,3,6,9
551390029,1,0,1
551390031,26,36,62
551390032,2,7,9
551390033,2,6,8
551390034,3,8,11
551390035,0,1,1
551390036,10,26,36
551390037,13,14,27
551390109,0,1,1
551390125,0,1,1
551410021,1,3,4
551410101,0,2,2
551410102,9,3,12
551410103,3,0,3
551410104,2,4,6
551410105,13,19,32
551410106,76,227,303
551410107,8,11,19
551410108,1,3,4
551410109,1,0,1
551410111,0,1,1
551410112,15,8,23
551410113,8,2,10
551410114,4,4,8
551410115,4,11,15
551410116,3,2,5
551410117,6,0,6
560019627,3,1,4
560019631,7,10,17
560019632,10,14,24
560019633,5,4,9
560019634,0,3,3
560019636,1,5,6
560019637,2,3,5
560039926,2,0,2
560039927,2,0,2
560039928,3,2,5
560059521,0,1,1
560059523,0,2,2
560059524,17,12,29
560059525,5,6,11
560059526,0,1,1
560059527,2,6,8
560059529,0,1,1
560079677,5,6,11
560079678,5,3,8
560079680,2,2,4
560079681,0,1,1
560099561,1,0,1
560099563,1,1,2
560099564,6,4,10
560119503,1,0,1
560139827,2,1,3
560139828,17,22,39
560139829,3,3,6
560139830,0,3,3
560139831,2,1,3
560139832,5,1,6
560139833,1,2,3
560139834,1,1,2
560139835,14,9,23
560159577,1,0,1
560159578,7,1,8
560159579,2,3,5
560159581,1,1,2
560179876,2,3,5
560179878,4,3,7
560199551,0,1,1
560199552,9,2,11
560210001,1,6,7
560210002,0,1,1
560210005,5,2,7
560210006,4,18,22
560210007,41,17,58
560210008,2,3,5
560210009,2,3,5
560210010,1,2,3
560210011,0,5,5
560210012,13,27,40
560210013,7,18,25
560210014,17,29,46
560210015,5,1,6
560210016,1,3,4
560210017,3,4,7
560210018,1,1,2
560239780,1,2,3
560239781,6,0,6
560239784,3,2,5
560250001,1,6,7
560250003,38,34,72
560250004,3,1,4
560250005,8,10,18
560250006,2,1,3
560250007,2,3,5
560250008,1,0,1
560250009,13,14,27
560250010,3,1,4
560250014,0,4,4
560250015,1,8,9
560250016,7,10,17
560279572,0,1,1
560299951,2,7,9
560299952,7,3,10
560299953,6,6,12
560299954,2,1,3
560299955,14,19,33
560299976,3,1,4
560319591,1,0,1
560319593,1,0,1
560319594,4,1,5
560339532,5,6,11
560339533,10,7,17
560339534,0,2,2
560339535,6,12,18
560339536,14,16,30
560339537,0,1,1
560359801,8,4,12
560359802,3,0,3
560379707,4,5,9
560379709,12,16,28
560379711,3,1,4
560379712,0,1,1
560399976,3,6,9
560399977,29,36,65
560399978,0,1,1
560419752,2,0,2
560419753,4,5,9
560419754,3,13,16
560439901,0,1,1
560439903,6,3,9
560459513,5,0,5
720019566,4,1,5
720019567,4,1,5
720034302,26,14,40
720034303,3,2,5
720054001,1,1,2
720054003,3,2,5
720054005,2,3,5
720054006,13,13,26
720054007,2,0,2
720054008,4,4,8
720054010,15,10,25
720054011,1,0,1
720054013,38,31,69
720072303,8,4,12
720092503,0,1,1
720092504,40,17,57
720092505,1,0,1
720118103,0,1,1
720118104,23,11,34
720119597,1,0,1
720133001,2,2,4
720133005,3,4,7
720133006,55,31,86
720133007,9,3,12
720133008,7,4,11
720133009,0,1,1
720133010,1,0,1
720133011,1,0,1
720133012,93,73,166
720133014,1,1,2
720133023,2,4,6
720135903,0,1,1
720152802,12,4,16
720175902,0,1,1
720175904,9,9,18
720199524,12,5,17
720210071,3,0,3
720210301,8,9,17
720210302,2,3,5
720210303,20,23,43
720210305,3,2,5
720210307,1,1,2
720210308,2,2,4
720210309,4,2,6
720210310,49,48,97
720210311,0,4,4
720210312,35,19,54
720210313,1,0,1
720210314,17,17,34
720210315,155,176,331
720210316,73,53,126
720210317,2,0,2
720238303,40,34,74
720238304,10,1,11
720238305,0,2,2
720238306,7,5,12
720252003,2,1,3
720252005,5,6,11
720252006,1,2,3
720252010,1,3,4
720252011,95,59,154
720252013,6,7,13
720252015,9,1,10
720252016,4,3,7
720252017,2,3,5
720252018,172,127,299
720252019,2,1,3
720252020,1,1,2
720252025,1,0,1
720252029,2,0,2
720273201,20,5,25
720291002,26,8,34
720310501,4,2,6
720310502,79,61,140
720310505,9,10,19
720310506,3,2,5
720310507,12,15,27
720310508,19,13,32
720310509,0,2,2
720330201,8,1,9
720330203,14,15,29
720330204,2,1,3
720330401,3,13,16
720352605,39,20,59
720352607,11,8,19
720352608,1,1,2
720371601,1,1,2
720371602,10,3,13
720399557,14,1,15
720412403,1,1,2
720412404,0,1,1
720412405,10,12,22
720439541,3,0,3
720439543,12,6,18
720459519,9,3,12
720459520,0,1,1
720475303,19,12,31
720475304,0,1,1
720499505,1,2,3
720515401,1,0,1
720515402,4,4,8
720515403,0,1,1
720515404,11,20,31
720531503,44,38,82
720531504,3,6,9
720545802,2,4,6
720559612,13,5,18
720559614,4,2,6
720572705,1,2,3
720572706,2,2,4
720572707,1,0,1
720572708,10,10,20
720579529,1,3,4
720592704,45,24,69
720597402,1,0,1
720597403,19,5,24
720610099,16,21,37
720610301,3,5,8
720610401,7,10,17
720610402,12,17,29
720610403,75,114,189
720610404,142,173,315
720610405,25,28,53
720610406,6,9,15
720632103,25,14,39
720632104,3,2,5
720632105,0,1,1
720653102,28,16,44
720678203,1,0,1
720678205,8,10,18
720691302,1,0,1
720691305,1,1,2
720691801,2,3,5
720691806,61,74,135
720691807,1,0,1
720714103,1,0,1
720714105,32,9,41
720739561,5,5,10
720757103,0,2,2
720757104,1,1,2
720757105,18,11,29
720757106,2,0,2
720775002,27,12,39
720798502,15,9,24
720819581,19,3,22
720819583,6,2,8
720851901,25,12,37
720851902,1,0,1
720871104,1,1,2
720891402,10,10,20
720915703,66,41,107
720915705,1,0,1
720915706,2,1,3
720939602,2,2,4
720959516,5,2,7
720970801,3,4,7
720970802,1,2,3
720970803,1,0,1
720970804,1,4,5
720970805,2,1,3
720970806,1,1,2
720970807,105,136,241
720970808,11,4,15
720970809,1,0,1
720970810,67,59,126
720970811,0,1,1
720970812,2,1,3
720970813,1,4,5
720970815,7,7,14
720970817,3,2,5
720970820,12,14,26
720970821,4,6,10
720994202,24,9,33
721019553,12,7,19
721031701,0,1,1
721031703,2,0,2
721031704,2,4,6
721055204,12,5,17
721079549,8,5,13
721092902,11,8,19
721117304,13,7,20
721130701,5,4,9
721130702,69,84,153
721130703,3,0,3
721130705,22,17,39
721130706,30,50,80
721130707,1,0,1
721130708,10,4,14
721130710,1,1,2
721130711,1,2,3
721130712,9,9,18
721130713,1,2,3
721130714,6,4,10
721130715,9,10,19
721130716,2,0,2
721130717,10,6,16
721130718,10,14,24
721130719,15,16,31
721130720,1,0,1
721130721,6,6,12
721130722,1,2,3
721130723,4,3,7
721130724,15,16,31
721130725,1,0,1
721130727,212,180,392
721130729,2,1,3
721130730,1,2,3
721153302,22,2,24
721179596,6,8,14
721191303,12,11,23
721191305,1,2,3
721219604,1,0,1
721219605,1,0,1
721219606,23,2,25
721239530,12,6,18
721258405,60,26,86
721258407,3,2,5
721270002,0,1,1
721270005,0,3,3
721270006,18,30,48
721270007,9,17,26
721270009,14,11,25
721270010,28,78,106
721270011,14,23,37
721270012,12,26,38
721270015,4,4,8
721270016,11,13,24
721270017,3,3,6
721270018,35,45,80
721270019,12,24,36
721270020,3,2,5
721270021,13,21,34
721270022,7,6,13
721270023,48,73,121
721270024,2,8,10
721270025,4,1,5
721270026,0,1,1
721270027,1,0,1
721270030,1,0,1
721270031,1,0,1
721270032,7,5,12
721270033,4,1,5
721270038,1,1,2
721270039,1,1,2
721270042,1,1,2
721270043,9,18,27
721270044,0,2,2
721270045,0,1,1
721270046,0,1,1
721270047,1,1,2
721270049,2,1,3
721270050,1,1,2
721270051,2,3,5
721270052,19,34,53
721270053,4,1,5
721270054,63,40,103
721270055,3,3,6
721270056,13,18,31
721270057,1,3,4
721270058,2,1,3
721270060,0,2,2
721270061,5,7,12
721270062,3,1,4
721270063,12,29,41
721270064,0,1,1
721270065,64,103,167
721270066,5,10,15
721270067,11,30,41
721270068,25,49,74
721270069,5,3,8
721270070,0,4,4
721270073,15,29,44
721270074,2,1,3
721270075,0,2,2
721270076,0,2,2
721270077,4,3,7
721270078,35,63,98
721270079,9,7,16
721270080,1,3,4
721270081,9,8,17
721270082,2,4,6
721270083,1,0,1
721270084,4,3,7
721270085,8,9,17
721270086,27,45,72
721270087,4,3,7
721270088,5,7,12
721270089,1,0,1
721270090,1,3,4
721270091,29,24,53
721270092,58,58,116
721270093,0,2,2
721270094,9,11,20
721270096,44,72,116
721270097,4,15,19
721270098,31,45,76
721270099,13,30,43
721270100,265,367,632
721270402,115,210,325
721270403,38,71,109
721270501,34,49,83
721270502,1,0,1
721270503,13,19,32
721270504,4,5,9
721270602,4,4,8
721271206,0,2,2
721272011,1,0,1
721292203,17,8,25
721319589,1,1,2
721319591,25,13,38
721319891,3,5,8
721339537,11,4,15
721355102,5,9,14
721355103,3,2,5
721355105,8,4,12
721371202,1,3,4
721371203,2,0,2
721371204,1,0,1
721371205,1,0,1
721371206,35,22,57
721371209,2,1,3
721371213,2,3,5
721371214,3,2,5
721371218,23,19,42
721390601,3,8,11
721390602,46,41,87
721419571,1,0,1
721419575,21,9,30
721435504,11,10,21
721435505,0,1,1
721435603,0,1,1
721435608,15,16,31
721455602,1,0,1
721455603,14,7,21
721455605,5,1,6
721455608,1,4,5
721479502,6,3,9
721479504,1,0,1
721497204,5,3,8
721519510,12,5,17
721519512,0,1,1
721537504,5,3,8
721537505,38,23,61
